     0:    0    1    0   -1    1    0    0   -1    0    0 
    10:   -1    0    1   -2    2    1    1    1   -1   -1 
    20:    1    1    0    0   -1    0    2    0    0    1 
    30:    1   -2    0    0    0    0   -1    0    0    0 
    40:   -2    2   -1    3   -2    0   -1    2    1    1 
    50:    1    0    0    0    0    0    0    0    0    0 
    60:    0    0    0    0    0    0    0    0    0    0 
    70:    0    0    0    0    0    0    0    0    0    0 
    80:    0    0    0    0    0    0    0    0    0    0 
    90:    0    0    0    0    0   -5    1    0    0    1 
   100:    0    0    0    0    0    0    0    0    0    0 
   110:    0    0    0    0    0    0    0    1   -1    0 
   120:    0    0    0    0    0    0    0    0    0    0 
   130:    0    0    0    0    0    0    0    0    0    0 
   140:    0    0    0   -1    1   -1    1    0    0    0 
   150:    0    0    0    0    0    0    0    0    0    0 
   160:    0    0    0    0    0    0    0    1   -1   -4 
   170:    6   -2    1   -1    1   -1    1   -1   -2    0 
   180:    0    0    0    0    0    0    0    0    0    0 
   190:    0    0    0    0    0    2   -5    3    0   -1 
   200:    0   -1   -2    0    0    0    0    0    0    0 
   210:    0    0    0    0    0    0    0    0   -1   -1 
   220:  -16   10   -8    0   -1    3    0    9   -3    4 
   230:   12   -4    3    0    0    1    0    1    1    0 
   240:    0    0    0    0    2   -1    2  -10    9    5 
   250:    3   -1   -2   -2   -1   -7    0    0    0    0 
   260:    0    0    0    0    0    0    0    0    0    0 
   270:   -2    3   -5   12  -15  -22   34  -16   18   -4 
   280:  -16   18   -8  -16   34  -18    0   -2    7   -6 
   290:    0    2    0    0   -2   -3  -14    2   -1    2 
   300:   -2    0    5  -11   -5   -3    0   -1    0    0 
   310:    0    0    0    0    0    0    0    0    0    0 
   320:    0    4   -6   -8    7   26    2   13   15   -4 
   330:  -28  -25   -9  -13   -7  -19    1    4  -12   23 
   340:  -10    7   42    7    2    6    1   -6   -6   -3 
   350:    2   -2    0    0    1   -2   -3    0   -2   -2 
   360:    0    0    0    0    0    0    0    0    0    0 
   370:    0    0    0   -4    1  -13    6   11    7    3 
   380:   -1  -31   22  -15   -6  -25    4  -18   10    7 
   390:  -35   20  -18   33  -44  -13    6  -29  -21   14 
   400:    4    9   -1    8    1    0    2    0   -3    5 
   410:   -5    0   -1    0    0    0    0    0    0    0 
   420:    0    0    0    0    0   14   -7  -23  -18    7 
   430:   -2   12   -8   -5    3   -1   12    2  -19   20 
   440:   -5  -24   22   -4  -13   11   -8   20   -6   -1 
   450:    1    2  -17    5    4    0    0    0   -2   -3 
   460:    8    2    1    1    0    0    0    0    0    0 
   470:    0    0    0    0    0    0    7    9  -13    2 
   480:  -26  -10  -36   28   10    2   -9    8  -18   28 
   490:  -18   -2    5  -32   11   15    3  -40  -20   -2 
   500:   -6  -28   19    4    1    7    3    0   -1   -1 
   510:    3    2    3   -1    0   -3    0    0    0    0 
   520:    0    0    0    0    0    0    0    1   -3   10 
   530:   -2   -6    2    1   12    3  -22    9   -6   11 
   540:  -25    8   -6   -7   -1    1   29  -16  -11    7 
   550:    0  -12   -4   10    8   10  -15    6    4    1 
   560:    5    9   -5    0    0    0    0    0    0    0 
   570:    0    0    0    0    0    0    0    0    0   -1 
   580:    4    9   -4   -2   -2    3    1   -1   -2    0 
   590:    2  -19   25    9   15   -2   13    0  -17  -13 
   600:  -12  -13  -14    0   13   10   11   -6  -12    6 
   610:   -9    0   -1   -2    0    0    0    0    0    0 
   620:    0    0    0    0    0    0    0    0    0    0 
   630:    0    0   -6   13  -10  -14    3   -4    6    0 
   640:   -5   24   11   -3   -8   10   12   -6   -1   -5 
   650:    5   11   -5   -1   15    1    0   13   -3   17 
   660:   14    9    3   -1    1    0    0    0    0    0 
   670:    0    0    0    0    0    0    0    0    0    0 
   680:    0    0    0    2    1  -14  -11    3  -10   -7 
   690:   -2   -4   -3    5    2  -10   -2   -3    3   -1 
   700:   -1    2    6   13   -8   -1    1    2    4    3 
   710:  -17   -1  -14    6   11    0    0    0    0    0 
   720:    0    0    0    0    0    0    0    0    0    0 
   730:    0    0    0    0   -1    5  -10   -5   -5    2 
   740:    0   -1    4   -1   -4    0    9   -6   14  -23 
   750:    2    7   -2  -11  -12  -14  -14    0   11  -10 
   760:   11    3  -10   -7   18   -4   -1   -5   -2    0 
   770:    0    0    0    0    0    0    0    0    0    0 
   780:    0    0    0    0    0    0    0    0    7   -8 
   790:    6    6  -13    6    4  -11   -7   -8   -6   19 
   800:   -8    8   -8    3    2    0    2   -3    0  -13 
   810:    7    1   -2  -13   10    5   -9   -6    1    5 
   820:   -2    0    0    0    0    0    0    1    0    0 
   830:    0    0    0    0    0    0    0    0    0    4 
   840:    9   -3    4   -9  -17    6   -1    9   -7    6 
   850:   12  -13   13   -2    7    6   15    4   -3    4 
   860:   -1    2  -11   -4    1   -2   11   -1  -10  -13 
   870:   13    1    1    0    0    0    0    0    0    0 
   880:    0    0    0    0    0    0    0    0    0    0 
   890:    1   -2   19   -5   20   25    1    1   13   11 
   900:    9   -9  -10    0   -8   17   22   13    6   11 
   910:   -3    4    2   -8    5   -4    5    3    5    8 
   920:  -12    6  -21   12   -1    0    0    0    0    0 
   930:    0    1    0    0    0    0    0    0    0    0 
   940:    0    0    0   -2    8   -7   11    4   -2    6 
   950:   -1   -7  -13    8    0    2   -8    6   -2   11 
   960:   -1   -3    1    1    9  -21    4  -10    7    1 
   970:   26   22    0   13   12   10   -1    0    0    0 
   980:    0    0    0    1    0    0    0    0    0    0 
   990:    0    0    0    0    0    2  -12   -2   14    2 
  1000:    5   -3    3   13    1   -8   14    0    2  -14 
  1010:   -7   16    7  -12   18  -11   -1  -10    0   -9 
  1020:    0    4    1  -11    7   14    1   -8   -1    0 
  1030:    0    0    0    0    0   -2    0    0    0    0 
  1040:    0    0    0    0    0    0    0   -1    9  -13 
  1050:   10   -5   -7   -6    7   18   25  -17    7    4 
  1060:   19    2  -10   11   21   -1  -10   13   -4   -1 
  1070:    5   13   -7  -12    3   -6  -23   15   -9  -11 
  1080:   -4    0    0    0    0    0    0    0    0    0 
  1090:    0    0    0    0    0    0    0    0    0    0 
  1100:   -2    0    4  -39   13   -5    7   32   10   -6 
  1110:   11    0  -25    3   21   -6   30    1   21   -6 
  1120:   33   -8   -3  -12  -17   -3   18   11  -15   -2 
  1130:   27  -11    7   -1    0    0    0    0    0   -1 
  1140:   -1    0    0    0    0    0    0    0    0    0 
  1150:    0   -1   10   -5   31    2    5   -2    1   28 
  1160:  -16   39    2  -13   19   -2    0    8    8  -10 
  1170:   -5    9  -19   -4   14   19    9  -14   19    5 
  1180:    8  -51    5   14   -4    1    0    0    0    0 
  1190:    0    1    0    0    0    0    0    0    0    0 
  1200:    0    0    0    0    0  -15  -36   11   -6  -13 
  1210:   -4   10   -4  -37    2    3   11    4   -8    4 
  1220:  -14    9   -1   -5  -13  -10   -3    1   -3   28 
  1230:   -2    1   14  -17    7    2    1    0    0    0 
  1240:    0    0    0    0    0    0    0    0    0    0 
  1250:    0    0    0    0    0   -1    6  -18  -19   10 
  1260:   18   -2    7    1   -9    0  -25    4   -6    9 
  1270:   -5    7   -1   -7    8   16   42  -10   -9    7 
  1280:   13  -34   -2  -43   11  -20   11  -21    3    0 
  1290:    0    0    0    0    0   -2    1    0    0    0 
  1300:    0    0    0    0    0    0    0    0    2    6 
  1310:    2  -22    9  -18   -1   -2   -3   -1   23    8 
  1320:   -1   18   13  -12   -4   14   -5   14   -3  -12 
  1330:    4   -4   -6   -5   -4   -9  -10   16    2   -1 
  1340:    0    0    0    0    0    0    0    1    0    0 
  1350:    0    0    0    0    0    0    0    0    0    1 
  1360:   -3    9    5   -5   -2    7   -4   -8    9    2 
  1370:   15   -2    8  -20    4  -12    7  -12   -8   -5 
  1380:   -5    6    0   18  -17   14   -2  -23   -1    2 
  1390:  -12   -5    1    0    0    0    0    0    0    0 
  1400:    1    0    0    0    0    0    0    0    0    0 
  1410:    0    0   -1    6  -10  -20    4  -13    1    9 
  1420:   28  -11    4  -11  -17    4  -12    0  -10    1 
  1430:    7   -9   -4   15    5  -14    0   -3  -16   13 
  1440:   20  -17   16    1    0    0    0    0    0    0 
  1450:    0    0    0    0    0    0    0    0    0    0 
  1460:    0    0    0    0   -2    9  -18  -19   18    1 
  1470:    7   -1   -6    3  -11   -2    3    1  -10   -5 
  1480:    0    5  -13    7    4   -9  -27   -5    3   19 
  1490:   25   -9    8    8   -9   -2    0    0    0    0 
  1500:    0    0    0   -2    0    0    0    0    0    0 
  1510:    0    0    0    0    0    0    0   -2    6    3 
  1520:   13    4   41    5    6    0   -2    1  -20   21 
  1530:   -1   -2   -2    0    0   -4    3  -18   -4    7 
  1540:   14   -6   -7  -10   18    0    3   -1    0    0 
  1550:    0    0    0    0    0    0    0    0    0    0 
  1560:    0    0    0    0    0    0    0    0    0    0 
  1570:    0   -2    8    4   11   -5    4   23  -29    5 
  1580:    2    5    6    1  -13   24    1   13  -11    8 
  1590:   -1   -1   -1   -4   -1    1  -13    5   -2    0 
  1600:    0    0    1    0    0    0    0    0    0    0 
  1610:    0    0    0    0    0    0    0    0    0    0 
  1620:    0    0   -3    1    9   16   -3    5   -7  -26 
  1630:    4    7   18  -14   -6   -6    0   11    0   -8 
  1640:   -4   10   -2    0   -6    3   -3    3    2    0 
  1650:    0    0    0    0    0    0    0    0    0   -1 
  1660:    0    0    0    0    0    0    0    0    0    0 
  1670:    0    0    1   -8   19  -20    9    4   18    1 
  1680:    5    7  -24   14   13    3   15  -21   13  -30 
  1690:   24  -14   20    8   -5    6    0   -5   19  -19 
  1700:   -9    5    1    0    0    0    0    0    0    0 
  1710:    0   -2    1    0    0    0    0    0    0    0 
  1720:    0    0    0    0    1    2   19    8   -6   16 
  1730:   -1   13   -1    1   -5   20    2   15  -22    0 
  1740:   32   -1   13    3   10  -22   12   14    5    2 
  1750:  -16   16   -3   -6   -6    0    0    0    0    0 
  1760:    0    0    0    1   -1    0    0    0    0    0 
  1770:    0    0    0    0    0    0    0    3    8  -18 
  1780:  -15   21    6    6  -16   -7   -1    8  -12   -5 
  1790:   14  -12   -5  -15   14   -3   -4  -14  -13    2 
  1800:   -5    4    7    7   -4   -4    0    0    0    0 
  1810:    0    0    0    0    0   -1    0    0    0    0 
  1820:    0    0    0    0   -4    1    0    0    2  -10 
  1830:   22   -9   29   -2    1    3  -18  -10   -8   16 
  1840:   -4   -6   -2   32  -20   -4    7   20   -4   20 
  1850:    8   20   12   -9    5    3    6   -1    0    0 
  1860:    0    0    0    0    0    0    0    2    0    0 
  1870:    0    0    0    0    0    0    0    0   -1    0 
  1880:    0    5   33   -7   34    5  -15    4   -6   -8 
  1890:  -12   -8    0    6  -13    7  -37   21  -16   18 
  1900:    6   -3    1  -12    9   12    6    9   -5    2 
  1910:    0    0    0    0    0    0    0    0    0    0 
  1920:    0    0    0    0    0    0    0    0    0    0 
  1930:    0    0    0    1    2  -24    3   -7   -2   11 
  1940:   -4    5  -10   13    0    1  -10   -5  -10   -4 
  1950:   14  -43   11   -6    8    5   -5   -7    7    1 
  1960:   -1    5    0    0    0    0    0    0    0    0 
  1970:    0   -1    0    0    0    0    0    0    0    0 
  1980:    0    0    0    0    0   -6   -2    0   17    2 
  1990:  -15    5    6  -13   12    0  -16   -9    9  -19 
  2000:   16  -24    5  -21   10    8   -1   20   -3   18 
  2010:    7  -30   29   -5    1    0    0    0    0    0 
  2020:    0    0    0    1    0    0    0    0    0    0 
  2030:    0    0    0    0    0   -1    3   -8    3    5 
  2040:    3   -4    2   -2   10    2   -4   -6    8   18 
  2050:   -3   14    2   -7  -14    9   -3    2   17  -18 
  2060:  -11    1    0  -13    5   -6    1    0    0    0 
  2070:    0    0    0    0    0    0    0    0    0    0 
  2080:    0    0    0    0    0    0    0    1  -10   -1 
  2090:  -26    9    8    0    0  -26   43    0   34    2 
  2100:    4   -3    0   -6  -10   12  -22   48  -35    9 
  2110:   10   -7   12   -6    7  -11  -15  -13    2    0 
  2120:    0    0    0    0    0    0    0   -1    0    0 
  2130:    0    0    0    0    0    0    0    0    1   -4 
  2140:   19    9  -10   -5   10  -20    7    0   12  -12 
  2150:    4   22   -2  -10    6    5  -13  -19   10    3 
  2160:   -3   12   -9  -30  -11   -9    1  -17  -11  -16 
  2170:    3   -1    0    0    0    0    0    0    0   -2 
  2180:    0    0    0    0    0    0    0    0    0    0 
  2190:   -1    9   -6   17  -10   19    1  -22  -29    8 
  2200:  -13    7   -6    6   19  -15  -21   -7    2   11 
  2210:    9   -4   -9    8  -12   18   10    0   -1  -11 
  2220:    9    0   -1    0    0    0    0    0    0    0 
  2230:    0    1    0    0    0    0    0    1    0    0 
  2240:   -1    2   -1    0  -11  -19   -6  -20    0  -21 
  2250:   -2  -12   22   -3    6  -20  -15   -6    2    8 
  2260:    3   27  -21   -2  -12   -7  -12  -14  -30  -20 
  2270:    4    8   -8   -6   -5    0    0    0    0    0 
  2280:    0    0    0    0    0    0    0    0    2   -6 
  2290:    0   -3    6   -7   -1  -24   -6   24   16  -16 
  2300:    2    2  -18   -2   -7    9    2    9  -18   18 
  2310:   -8   33    4  -14   10    7    7    6    3   21 
  2320:  -25   -6  -11   10   -6   -8    3    0    0    0 
  2330:    0    0    0    0    0    0   -2    4    0   -2 
  2340:   12   -2    2  -12  -10    8   -6   -5    2   -8 
  2350:    3  -16  -25   -3   13   -8   -1   -3   -7   -6 
  2360:  -17   11   -3   -6  -17    8   12    6   10   -6 
  2370:   14   23   -9   11   15    0    3  -17    0   -4 
  2380:    0    0    1    0    0    0    0   -1    1    0 
  2390:   -8   -4   11   -8    2    7   -3   -1   -9    5 
  2400:  -20    4    2   -6    0    7    5    2    2   10 
  2410:   -1    7    1    2    0    1    2    2    0   -5 
  2420:   -5    5   -2   -4    1   -5    0    3    1    6 
  2430:    3    1   -5    2   -6    4    1    2    1    1 
  2440:    7   -9   -8   -1    7    2    1   -2    1  -18 
  2450:   -9   -3   -6   -1   -8   -7    8    0   -3    6 
  2460:    9   20   -2   11  -13    4   -2    0    0    1 
  2470:    2    4    6   -4    1    1    2    2   -1   -2 
  2480:  -10   -2   -2    0    0    1    7   -3    5   -2 
  2490:    1    0    0    2    6   -4 
