     0:   -2   -2    0   -1   -1   -2    2    0    0    1 
    10:   -3    2    0   -1    0   -2    1    1    1   -1 
    20:    0   -1    0   -1    0    2    1    2    1    1 
    30:    0    0   -2    2    0    0   -2    1   -1    1 
    40:    0    1   -2   -2   -1   -2   -3    0   -1    0 
    50:   -1    0    0    0    0    0    0    0    0    0 
    60:    0    0    0    0    0    0   -1    1    0    0 
    70:    0    0    0    0    0    0    0    0    0    0 
    80:    0    0    0    0    0    0    0    0    0    0 
    90:    0    0    0   -1    2    2    0    0    0   -1 
   100:    1    0    0    0    0    0    0    0    0    0 
   110:    0    0    0    0    0    0    0    1    2    0 
   120:    0    0    0    0    0   -1    0    0    0    0 
   130:    0    0    0    0    0    0    0    0    0    0 
   140:    0    0    0    0    0    0   -1    0    0    0 
   150:    0    0    0    0    0    0    0    0    0    0 
   160:    0    0    0    0    0    0    0    2   -5   -4 
   170:   -7    0    1    0    1   -1   -1    3   -3    0 
   180:    0    0   -1    1    1    0    0    0    0    0 
   190:    0    0    0    0    0   -1   -2    2   -4    6 
   200:   -1   -1    0   -1   -1    0    0    0    0    0 
   210:    0    0    0    0    0    0    0    0   -1   -8 
   220:   -6   13   13    6   -2    1   -4   10   13  -10 
   230:   19   -7    3   -1    3   -6   -4   -1    0   -1 
   240:    1   -1   -2   -1   -1    0    1   -3  -16   -4 
   250:    0    0   -4    2   -2    2    0    0    0    0 
   260:    0    0    0    0    0    0    0    0    0   -1 
   270:    9   10  -24   28  -50  -22   34    5    6    8 
   280:    2   34    1    8   -4   12  -20   25   11    9 
   290:    0    3   -2    4   11    3    9   -3    2   -1 
   300:    1   -4    0   -2   -2   -7   -3   -4    0    0 
   310:    0    0    0    0    0    0    0    0    0    0 
   320:   -1    8  -27   19    0   51   -8   11   24    1 
   330:  -36  -19    5  -16    4   -1   -6    5   -1   -6 
   340:  -12  -14  -23  -21   20  -15  -11    1   -4    4 
   350:   -7    2   -1    0   -5    0    5    0   -2   -2 
   360:    0    0    0    0    0    0    0    0    0    0 
   370:    0    0    1    2   20  -17    3   34   -8    4 
   380:  -26  -26    0  -21    5    6  -10   12   17   -8 
   390:   -1    4   -5   31   -5   15  -27   30   40   -9 
   400:    4  -24   12   -9   -1    1   -9    3    2    2 
   410:    3    3    0    0    0    0    3    0    0    0 
   420:    0    0    0    1   -5    8    3    1    5   -4 
   430:   -9    1  -31    2  -15    0  -15   -7   21   -8 
   440:   -5    1    6  -10   41  -62   27  -26  -17   15 
   450:  -22    8   -9    7  -10    3   -1    0   -2    0 
   460:    1    0    1   -2    0    0    0    0    0    0 
   470:    0    0    0    0    0   -1    5    7   -5  -15 
   480:   -8  -34   -6   23   -3   18    5    3   -5   25 
   490:  -34  -27   12   29  -15  -17  -12   89   -6  -15 
   500:   10    6   -3   -4    4    2   -7    0   -2    0 
   510:    8   -3    1   -1    0    1    0    0    0    0 
   520:    0    0    0    0    0    0   -1    4  -25   -1 
   530:  -22    4   17   -1   21   -4   -3   -5   -1    9 
   540:  -30  -16   -7    8   22  -34  -55   12   15  -13 
   550:    3   28    7    9   -9  -33   -8   24   -8    0 
   560:   -1    3  -10    1    0    0    0    0    0    0 
   570:    0    0    0    0    0    0    0    0    1   -4 
   580:   10    7   -7    4  -26   -5  -13    1   -3    3 
   590:   -4   -9    7   19    5   13   -6   19   56    6 
   600:   19    1   11   15  -33  -10  -18   19   43  -37 
   610:   16   -4    4    0    0    0    0    0    0   -1 
   620:   -1    0    0    0    0    0    0    0    0    0 
   630:   -1    6    3   16    7  -12    6  -18   -3   -1 
   640:  -16   16   17   -7   -3  -18    9  -19    7    5 
   650:  -10   -4    9   -2  -16   -1   -1  -23    1  -25 
   660:  -30    7   -6    1   -1    0    0    0    0    0 
   670:    0    0    0    0    0    0    0    0    0    0 
   680:    0    0    1   -4    0    3  -23    0   -9    2 
   690:  -10   -6    2   12    7  -17   12  -34    2   10 
   700:    8  -30   -4   -7    7   -3    2   -7   -6   19 
   710:    5    0    3   -3   -9   -6    0    0    0    0 
   720:    0    0    0   -1    0    0    0    0    0    0 
   730:    0    0    0    0    0    2    3   13   13    1 
   740:    6   -3    9   -9   -6  -29    1    3    2   16 
   750:    0   -6    3    7   19    2    5    4   -1   13 
   760:   -3  -24    0    6  -27    7  -16   27   -3    1 
   770:    0    0    0    0    0    1    0    0    0    0 
   780:    0    0    0    0    0    0    1   -6   18   -7 
   790:    4   12   -6    7   -3   -9   12   14  -12    1 
   800:   12  -10    1  -13    5    2  -12    3   -3   25 
   810:    1    1    4   40    8   -8   24  -18   18  -13 
   820:    3    0    0    0    0    0    0    0    0    1 
   830:    2    0    0    0    0    0    0    0   -1    3 
   840:   -9  -21   18  -24    2    3  -13   13    3    7 
   850:   22  -17  -27   -1   28   -9    3    6   -3   -4 
   860:   -8   -6   -7  -12  -12   -1  -13    2   11   12 
   870:  -12    2    1    0    0    0    0    0    0    0 
   880:    0    0    0    0    0    0    0    0    0    0 
   890:    1   -6   15   -9    1    5   -5   -2   20    8 
   900:    4  -29  -39   11   14    9   15    8  -16   14 
   910:    4  -20   10    9   11   24   -1   -6    2    3 
   920:   -8    2    8   -4    1    0    0    0    0    0 
   930:    0    0    0    0    0    0    0    0    0    0 
   940:    0    0    0    2    1   11  -22   20  -10   15 
   950:  -20    2   -1   31   21   -8  -25  -16    6  -14 
   960:    3    5   -3   -5  -15    3  -10   -9    0    5 
   970:   -8  -47   32  -52  -12  -10    2    0    0    0 
   980:    0    0    0    1    0    0    0    0    0    0 
   990:    0    0    0    0    0    0   -9   -3   12  -17 
  1000:   -3  -23   13   -4   30  -14   11  -24   39  -33 
  1010:   -8    5   -8  -14    0    6   31    3   16   26 
  1020:  -14  -18   -2   10   14  -17   26   -9    0    0 
  1030:    0    0    0    0    0    1    0    0    0    0 
  1040:    0    0    0    0    0    0    0    0   -4  -15 
  1050:  -43  -13    0   -2   10   22   20   -7   19  -13 
  1060:   14   -8  -12   -8   22   -2    0  -18  -12   12 
  1070:  -40  -16   -4   -4   23    7    9   -6   -6   14 
  1080:    0    0    0    0    0    0    0   -1    0    0 
  1090:    0    0    0    0    0    0    0    0    0    0 
  1100:    4    0    2   -9  -12    2   -5   29   10   -9 
  1110:   23  -11   -9   14   12   10   -3    4  -24    8 
  1120:  -19   -5   23   21    3  -10  -24  -23   21  -22 
  1130:   -2   10   -4    1    0    0    0    0    0    1 
  1140:    0    0    0    0    0    0    0    0    0    0 
  1150:    0    1  -13  -11  -41   -4   -6    2  -12    8 
  1160:   -8   18   -5  -19   19   -5    0   -7   13   -8 
  1170:    5    9    1   22  -29   -3  -13    4  -13    4 
  1180:   17   31  -13  -11    0    0    0    0    0    0 
  1190:    0    0    0    0    0    0    0    0    0    0 
  1200:    0    0    0    0    0    8   14  -18   26   -3 
  1210:   -4    6   12  -11    5  -14    4   14    2    1 
  1220:   -6    3    5    0   16  -17   24   -3    9  -21 
  1230:   -1  -27   -8    1   -4   12   -2    0    0    0 
  1240:    0    0    0    0    0    0    0    0    0    0 
  1250:    0    0    0    0    0   -1    1  -26   -5   -7 
  1260:    3  -12   -4   -4    9  -33   13  -20   -3  -21 
  1270:   -9   -3    3    5   -3    7   36   23  -20  -10 
  1280:    0   17   19   28    8   -3   -5    2   -1    0 
  1290:    0    0    0    0    0   -1    0    0    0    0 
  1300:    0    0    0    0    0    0    0   -1   -1  -36 
  1310:  -22    1   16  -13    7   18   -3   15   -4   -1 
  1320:   -9   12  -17   10  -12   11    2   -3   -7  -13 
  1330:    5    0   15    1   -1    7   -3   -1  -14   -7 
  1340:    1    0    0    0    0    0    0    1    0    0 
  1350:    0    0    0    0    0    0    0    0    0    1 
  1360:    0   22    4  -12    3   -8    6   12    5  -18 
  1370:  -12    8    2   26   -8  -31   12    7   -2    8 
  1380:    1    5   -6   -8   10   -6  -12    6    8  -11 
  1390:   24    9   -1    0    0    0    0    0    0   -2 
  1400:    0    0    0    0    0    0    0    0    0    0 
  1410:    0    0    0   -3    8    3   -3    2   30  -39 
  1420:  -19    2   16  -12   10  -35   18  -13   -1   -2 
  1430:   -3   12  -11  -10   -7   -7    1    3   -6   19 
  1440:    0    5  -31   -1    0    0    0    0    0    0 
  1450:    0    0    0    0    0    0    0    0    0    0 
  1460:    0    0    0    0    0  -10   -9    1   -4  -12 
  1470:  -27  -12   23    6   -9   19   -8    7  -18  -17 
  1480:    0    1   -5   -2   20   20   10    7   -8  -25 
  1490:    4  -15   16   -2   13    0    0    0    0    0 
  1500:    0    0    0    1    0    0    0    0    0    0 
  1510:    0    0    0    0    0    0    1   -5   12  -25 
  1520:   30    3   15  -16   -7   -5    6    5   21    4 
  1530:    4    5   -1   -1    1    1   -8   18  -11  -35 
  1540:  -11    1   -9   10  -13    4  -13    2    0    0 
  1550:    0    0    0    0    0    1    0    0    0    0 
  1560:    0    0    0    0    0    0    0    0    0   -4 
  1570:  -11    9   17   24   18    1    6   12  -14   24 
  1580:  -39   11   -2   -8  -11    1    4   -7    0   -9 
  1590:    5    5   -1    5    8    3    5    0    3    0 
  1600:    0   -2    0    0    0    0    0    0    0    0 
  1610:    0    0    0    0    0    0    0    0    0    0 
  1620:    0    4  -20  -17  -28   -8   12   21   12    1 
  1630:   13  -22   13   -6  -22    4   -6    9   -3  -22 
  1640:   -7   15   -9    1    4   -6   -3    0   -4    3 
  1650:   -1    0    0   -1   -2    0    0    0    0    2 
  1660:    0    0    0    0    0    0    0    0    0    0 
  1670:    0    0    0    3   -9  -26    9    3   -2   31 
  1680:  -14   44   -5   18  -27   -7   13   42    0  -22 
  1690:    6   13   -4    6   23    1  -12   -4   10  -14 
  1700:   14  -18    0    0    0    0    0    0    0    0 
  1710:    0    1    0    0    0    0    0    0    0    0 
  1720:    0    0    0    0    0    0    1   -5  -30   -7 
  1730:  -16  -13  -12  -17   -2  -16    2   22  -17   -3 
  1740:  -20   -8   24   -8   19  -20  -12    9   -2   18 
  1750:  -17  -20    7   -3    2    0    0    0    0    0 
  1760:    0    0    0    0    0    0    0    0    0    0 
  1770:    0    0    0    0    0    0    1   -6    2   34 
  1780:   24   29   -3   -4    1    4   -8   13  -16    9 
  1790:   -9   11   -9    5   20    6  -33    9    5  -20 
  1800:   -3   -1   10   21  -12    4   -1    0    0    0 
  1810:    0    0    0    0    0    1    0    0    0    0 
  1820:    0    0    0    0   -2    0    0    0   -1    3 
  1830:  -39    3   -5  -11    2   23   -9   21  -18  -25 
  1840:   -1    8   10   -8   20   23   -4   -8    3    4 
  1850:  -11   -8    3   23   -9   -6    3    5   -1    0 
  1860:    0    0    0    0    0    0    0    0    0    0 
  1870:    0    0    0    0    0    0    0    0    0    0 
  1880:    0    3   -7   -4  -26  -15  -21  -12    7   -7 
  1890:   31   -2    9    5   31    0   34  -16    7  -41 
  1900:   -6  -29  -23   17    6    3   -8   -7   10    8 
  1910:   -1    0    0    0    0    0    0    0    0    0 
  1920:    0    0    0    0    0    0    0    0    0    0 
  1930:    0    0    1   -9  -17  -12   27  -31   29    9 
  1940:  -18   10  -15   -5   -7  -29    6    6    0  -15 
  1950:    8   16    9   27  -14  -11  -14    0   -9    3 
  1960:    1   -4    0    0    0    0    0    0    0    0 
  1970:    0    0    0    0    0    0    0    0    0    0 
  1980:    0    0    0    0   -1   15    9    2  -34   -6 
  1990:    7   11   11  -14  -11  -30   29    3  -46   -2 
  2000:   37  -12    3   -7   12    6  -24   16  -13   14 
  2010:   -2    5   -7    1    0    0    0    0    0    0 
  2020:    0    0    0   -1    0    0    0    0    0    0 
  2030:    0    0    0    0    0    0    0    0  -18  -10 
  2040:   -1   15   12   12   27   30    0   17   -1   -6 
  2050:   14    6  -18   31   23   -2   -8    5    4   -9 
  2060:    7  -13  -14   14  -15   -5    0    0    0    0 
  2070:    0    0    0    0    0   -1    0    0    0    0 
  2080:    0    0    0    0    0    0    0    0    1   10 
  2090:    0   16   36   -7  -37    1    7  -15   -2    7 
  2100:   -4   13   -4  -23   20  -11  -21  -22   24  -13 
  2110:  -16   18    1  -16   -6   -3   22   -4    1    0 
  2120:    0    0    0    0    0    0    0    1    0    0 
  2130:    0    0    0    0    0    0    0    0    0    0 
  2140:    8   13    3  -19   -1   24    2   -3   -7   12 
  2150:    0  -42    9  -10    4   12   -1   -4  -11  -18 
  2160:   -1    5  -12  -13   26  -21  -15  -12   -4   -7 
  2170:    1    0    0    0    0    0    0    0    0    0 
  2180:    0    0    0    0    0    0    0    0    0    0 
  2190:    0   -4   -4   -7   10    0   20    8    8    4 
  2200:   -3  -18    9   10  -14    9    7   -7  -10    5 
  2210:    4    9   -3   -4   17  -32  -13    0   -4   25 
  2220:    0   16    0    1    0    0    0    0    0    0 
  2230:   -1    1    0    0    0    0    1    0    0    0 
  2240:    1   -1    1   18   16   21   20   -2   -8   -8 
  2250:  -14    4  -15   16    6   24    9  -13    8   -7 
  2260:    8   -5   18   38    0    3   -6   -1   30   14 
  2270:   15    5    2    3   -1    0    0    0    0    0 
  2280:    0    0    0   -1    0    0    0    0   -2    2 
  2290:    0   -1   -4   10   -6    1  -16  -22   24    0 
  2300:    7   -1   15   -1   -4  -21    5    6    1   16 
  2310:   -5  -18  -31   -4  -14   18   -5   14   -3    4 
  2320:    7   18  -11   10   24   24    3    2    0    0 
  2330:    0    0    0    0    0    1   -1   -1   -3    2 
  2340:   16   -3   -1    4    5    2    8   -2    8    2 
  2350:   12   18    9    1    3   40   -6    9   14   -1 
  2360:  -17  -26  -13    4   -9    4  -15  -16   -7    0 
  2370:  -20    5    0   -3    4   12    0    3    9   -1 
  2380:    1    2    0    0    0    0    0    0    1    0 
  2390:   10    4    7    2    3    4    0    6  -21    3 
  2400:  -25  -18    1   -6   -3   -9    4   -7   -4   19 
  2410:   -8    9    9    2    6    0    4    1    0    4 
  2420:    1    1    8   -1    2    6   -2   -4    1    6 
  2430:   -4   -3   -3  -10    1    1    0    3    1   -1 
  2440:   -2    1   -8    2  -23   -4    8   -3    1   -8 
  2450:   -6    0    2   18  -18    0    1   -7    6    1 
  2460:   11   10    0   -4    2   -2   -1   -2   -1   -5 
  2470:    2   -7    1    4   -9   -4   -4   -1    0    2 
  2480:    6   -3    0    1   -1    1   -1   -4    4   -3 
  2490:    0   -2   -3    9   -1    0 
