     0:    0    0    0    0    0    0    0    0   -1    0 
    10:   -1   -2    3   -2    0    0    0    0    0    0 
    20:    0    0    0    0    0    0    0    0    0    0 
    30:    0    0   -1    1    0    0    0    0    0    0 
    40:    0    0    0    0    0    3    3    0   -1    3 
    50:    0    0   -2   -1    1    0   -1    0    0    0 
    60:    0    0    0    0    0    0    0    0    0    0 
    70:    0    0    0    0    0    0    0    0    0    0 
    80:    1   -4    4    4    0    0   -3    1   -4    1 
    90:    2    2    2   -2    2    0    0    0    0    0 
   100:    0   -1    1    1    2    1    0    0    0    0 
   110:    0    0    0    0    0    0   -1    0   -1   -3 
   120:    0    3    2    2    1   -3   -3   -3   -1   -1 
   130:    0    1   -1    0    0   -1    0   -2    4    0 
   140:   -2   -1    0   -3    1    0    0    0    0    0 
   150:    0    0   -3   -1    2    1    0    1    2   -1 
   160:    1   -1    3    1    2   -3    1    1    1    1 
   170:    3    0   -1   -3    1    1    2    1   -2   -3 
   180:    0    0    0    0    0    0    0    0    0    0 
   190:    3   -2   -2   -1   -2   -2    3    0   -3    3 
   200:    2    0   -2    0    0    4    0    0    0    2 
   210:   -3   -2    1   -3    2   -2   -1   -1   -4    0 
   220:    0    0    0    0    0   -3    0    3    0    4 
   230:   -5    1    0    0   -2    1    2    0   -1   -1 
   240:   -6    2   -2    0    0    1    0    3    3    1 
   250:   -1   -1    3   -3   -7   -1    0    0    0    0 
   260:    0    1    0   -1    0    0    4   -2    6    0 
   270:   -2    0   -1   -1   -3   -1    1    0   -3    0 
   280:    2   -2   -4    0    3    4    1    2    1   -1 
   290:    0   -4   -2   -1    0    0    0    0    1   -1 
   300:   -5    2   -3   -5   -6    1   -1    3   -5    5 
   310:   -1   -1   -4    1   -3    4   -2    2   -4    3 
   320:    2    1   -3    1   -2    3    3   -3    4    2 
   330:    2    0    0    1   -1    0   -5    3    0    6 
   340:   -4  -10    6   -2    0   -3    0   -4    1    1 
   350:   -3    2    0   -1   -3   -1   -1    4    3    3 
   360:    5   -2   -1    2    0    0    0   -3   -1    0 
   370:    0   -1   -4    5    6   -2    0    0   -7    5 
   380:    6  -11    0    1    2    2   -3    4   -6    2 
   390:    3    4    0    2   -1   -3   -3   -1    3   -2 
   400:   -2   -2   -2    5    3    0    0   -1    2    4 
   410:    0   -6    6    5   -6    2   -6   14   -4    2 
   420:   -8   -3   -1   -3    4   -5    6    1    2    1 
   430:    1   -2    1    4    2   -1    1    1    3   -2 
   440:    2   -2    3    0   -2    5   -5    0    2  -10 
   450:    7    0    1    2    2    8   -1  -10    5   -5 
   460:   -1    4    3    5    0   -1    0   -2    0   -2 
   470:    2    2    0   -2   -2    5   -2    3   -7    2 
   480:    0    0    3   10    1   -6    2   -7    6    0 
   490:    8    4    2    0   -2   10    2    6    0   -1 
   500:    3    0   -5    1   -1   -2    0    5   -2    4 
   510:    2   -2   -2   -2    0    3   -3    0   -3    2 
   520:  -12    3   -6    7    2    3   -4   -2    5    3 
   530:   -2    1    2   -2    3    3    0    3   -1   -7 
   540:    1   -6    0    0    1    0   -3   -1   -2   -2 
   550:    3   -1    0    2    0   -1   -1   -3   -4   -3 
   560:   -1   -7    1    1    2   -1   -7   11   -3   -5 
   570:   -5   -2    0   -6    7   -1    5   -5    0    2 
   580:   -1    1   -3   -3   -2    1    0   -5    0   -1 
   590:    0    1    0    1    7   13   -2    2   -1    4 
   600:    1    4    0   -3    0   -2   -3    5    5   -2 
   610:    1   -2   -5   -1   -5    0   -2    1    1    5 
   620:    1    1   -1   -3   -4   -1   -1    1    1    5 
   630:   -5   -1   -5    0    4   -9    5   10   -3   -8 
   640:    4   -5   -1   -2    0   -2   -1    2    2    1 
   650:    0    3    2    1   -2    0    1   -4   -3   -7 
   660:    3    0    1    0   -1    0    2    3   -7    3 
   670:   -5    3    2   -1    2    0   -1    5   -6    3 
   680:   -2    1    4   -4    2   -6   -1   -3   -5    5 
   690:    2   -1   -2    5    2    3    5    0    5    5 
   700:   -7    3   -1    3    0   -3    1    0   -2    5 
   710:   -6    0    3    8    6    1   -6    5   -5    0 
   720:   -4    1   -2    2    1   -1    2    0   -3    2 
   730:    1   -3   -3    3   -1    0   -3    4   -1   -1 
   740:    3   -1   -1    0    2    0    0    1    4   -5 
   750:    1    1   -1   -2    5   -2   -1    3    0    5 
   760:   -1    0    3    1   -3    2    0    0    0    3 
   770:    0    0   -2    2   -2    0    0    0    2    0 
   780:   -1    4   -6    2   -3   -2    3    2   -1   -2 
   790:    6    2    0   -1   -2    2   -1    2    0    2 
   800:    0   -9   -1    2    3   -1    6   -3    2   -3 
   810:    2    2   -4    0    0   -3    0    4    0    4 
   820:    0   -4    1    6    1    0    4    0   -4    0 
   830:   -2    2    0   -1   -3    4    3   -4    2   -1 
   840:    0   -2    2    1   -1   -2   -5    2    4   -1 
   850:    0    1   -3    2   -4   -4    3    0    1   -4 
   860:   -6    0   -3    5    0    1   -4   -1   -2    1 
   870:    1   -3   -2   -4    4   -3    1   -4   -2   -5 
   880:    0    3    2    4    1    1    1    0   -1    2 
   890:    0    2   -2   -4    2   -1    4    3    1   -5 
   900:    2   -3    1   -2   -1    2   -2   -3    6    4 
   910:    1    3    0    1    1    1   -1    3   -2    5 
   920:    0   -3   -4    0    0   -1    1    5    0   -3 
   930:   -2    5   -3    9    0   -4    1    2   -3    1 
   940:    8    0    2    0   -2    4   -1    5   -1    5 
   950:    0    1    1    6    0   -1    5   -4   -1    0 
   960:    0    0    0   -1    0    4   -5    1    2   -2 
   970:    5   -4    9   -1   -1   -4   -1    0   -1    0 
   980:    1    4   -2    5   -2   -4    2   -7    1   -1 
   990:    4    0   -1    5    1   -2    0    0    0    0 
  1000:    0    0    1    0   -3    3   -2    5   -8    5 
  1010:   -1    2   -4    3    0    2   -2    5    1    1 
  1020:   -4    0   -2    4   -2   -2   -3   -4   -4   -1 
  1030:    0    0    4    0    0    0    0    0    0    0 
  1040:    2    1   -1    2    5   -7   14  -10   -2   -3 
  1050:   -1    2    4   -8    7    0    1    0    3   -3 
  1060:   -1    2   -1    6    0   -3    3   -5   -4   -1 
  1070:    1    0    0    0    0    0    0   -1    0    3 
  1080:    1   -1   -2    3    4   -7    1   -2   -5   -1 
  1090:   -6    2    2   -4    1   -1   -2    0    0    4 
  1100:    5    0   -7    2    2  -10    5    0    0    0 
  1110:    0    0    0    0    0    0    2    0    5    6 
  1120:   -2   10   -5    7    2    1    2   -2    2    2 
  1130:    1    0    2   -1   -3    0   -1    0    1    0 
  1140:   -2   -2    0   -1    0    0    0    0    0    0 
  1150:    0    0    0    3    4   10   -3    2   -2    0 
  1160:   -2    1    3   -2    6   -5    0    3   -2    1 
  1170:    0    0   -1    2    4    3   -3   -1    1   -2 
  1180:    0    0    0    0    0    0    0    0    2    1 
  1190:   -1    5    1   -1   -2    0    3   -7    0   -3 
  1200:    2    1    2   -2    1    0    0    2    0    4 
  1210:   -6   -1   -6    3    2   -1    3    0    0    0 
  1220:    0    0    0    0    0   -1   -1   -1   -1   -6 
  1230:    3   -3   -2    3    0   -2    3   -3    5    3 
  1240:    0    8   -3    4    2   -1    3   -2    2   -4 
  1250:   -2   -3    4    1    0    0    0    0    0   -1 
  1260:    3   -8   -5    1   -2   -1   -2   -3    1    3 
  1270:    4   -4    1   -5    1    2   -3    4    1    0 
  1280:    2    5    3   -3    2    4    0    0    0    0 
  1290:    0    0    0    0    0    1   -2    0   -4    3 
  1300:    0    3    0   -1   -5    1    6   -2    3    0 
  1310:   -7   -2   -3    0   -3   -9    2   -1   -1    2 
  1320:    0    3    1   -1    0    0    0    0    0    0 
  1330:    0    0    0   -2   -3   -2    6    1    1   -1 
  1340:    0    1    0   -2    1   -1    0   -2   -1   -2 
  1350:    2    1    1   -1    2   -1    2    0    0    0 
  1360:    0    0    0    0    0    0    0    0    0   -2 
  1370:   -1    2    1    1   -1   -1    1   -1    1    1 
  1380:    0    0    0    0    0    1    0    0    0    0 
  1390:    0    0   -1    0   -1    0    0    0    0    0 
  1400:   -1    0    0   -1    0    0 
