     0:    0    1    0    0    0    0    0    0    0    0 
    10:   -1    1   -1    0    0    0    0    0    1   -1 
    20:    0    0    0    0    0    0    1   -1    1    0 
    30:    0    0   -1    0    0    0    0    0    0   -1 
    40:    0    0    0    2    0    0    0    0    0    0 
    50:    0    0    0    0    0    0    0    0    0    0 
    60:    0    0    0    0    0    0    0    0    0    0 
    70:    0    0    0    0    0    0    0    0    0    0 
    80:    0    0    0    0    0    0    0    0    0    0 
    90:    0    0    0    0   -1   -1   -1    0    0    0 
   100:    0    0    0    0    0    0    0    0    0    0 
   110:    0    0    0    0    0    0    0    0   -1    0 
   120:    0    0    0    0    0    0    0    0    0    0 
   130:    0    0    0    0    0    0    0    0    0    0 
   140:    0    0    0    0    0    0   -1    2    0    0 
   150:    0   -1    1    0    0    0    0    0    0    0 
   160:    0    0    0    0    0    0    0    0    1   -1 
   170:   -5    2    0    0    0    0    0    0    0    0 
   180:    0    0    0    0    0    0    0    0    0    0 
   190:    0    0    0    0    0    0    2   -1    0   -1 
   200:    0    0    1    1    0    0    0    0    0    0 
   210:    0    0    0    0    0    0    0    0    0    0 
   220:    1   -3    5   -1   -2    1   -1    3   -2    3 
   230:   -9    5   -5    3    0    1    0    1    0    0 
   240:    0    0    0    0    0    0   -2   -2   -1   -2 
   250:    3    0   -1   -3    2    1   -1    0    0    0 
   260:    0    0    0    0    0    0    0    0    0    0 
   270:    0    3   -2   -2   -7    2   -2    3   -2   -2 
   280:   -3    2    2    0    3    4   -1    2    6   -8 
   290:    0    0    2    1   -1    3    5   -1    1    0 
   300:    0    0    2    2    1    0   -1    4   -1    0 
   310:    0    0    0    0    0    0    0    0    0    0 
   320:    0    1    3    2    4   -2    3   -1    3   -2 
   330:    5   -1   -2    1   -2   -2    1    5   -4    6 
   340:    0   -3    1   -2    0   -1   -1    5   -2    7 
   350:   -3    0    0    0    0   -2    3   -1    1    3 
   360:   -1    0    0    0    2    0    0    0    0    0 
   370:    0    0    0    2   -2    7    0    0    1  -11 
   380:    5   -3   -3    3   -9   -3    0    0   -6   -4 
   390:    4   -1   -1    6   -1   -3   -4    5   -5   -1 
   400:  -10    6   -5    4    1    0    0    1    1    0 
   410:    0    0    0    0    0    0    2    0    0    0 
   420:    0    0    0    1   -2    4   -2    0    0  -12 
   430:    7    3   -2    7    1   -1    8    2   -4    0 
   440:    0    1    5    0    2    0    4   -4   -9    7 
   450:   -2   -2    4    0    0   -1    1    0   -1    0 
   460:    0   -1    0    0    0    0    0    0    0    0 
   470:    0    0    0    0    0    0    0    1    5    1 
   480:   -6    7    0    6    5   -8   -2    5   -3    0 
   490:    0    8   -3   -4    1   -2   -5   -2   -8   -1 
   500:   -7    2   -6    5    2   -3    1   -1    1   -1 
   510:    2   -1    1    0    0    0   -1    0    0    0 
   520:    0    0    0    0    0    0    0   -1    7   -5 
   530:   -1    6   -5    6   -2    2    4  -11    0    6 
   540:   -3   -1    0    3   -7    1    0   -3   -2   -9 
   550:   -4    6    0    8   -7    8   -1   -1    4   -2 
   560:   -1    2    0    1    0    0    0   -1    0    0 
   570:    0    0    0    0    0    0    0    0    0   -1 
   580:    0  -11    6   11   -5    7    1   -5    3    4 
   590:    0   -8    2   -3   -3    8   -2   -3    6    4 
   600:    1    2    0   -1    0    6   -4    0   -1    0 
   610:    2   -3    0    1    0    0    0    0    0    0 
   620:    0    0    0    0    0    0    0    0    0    0 
   630:    0   -2   -5    9   -2    4   -9    3    5    1 
   640:   -2    3   -4    0   -6    6   -4    3    4    1 
   650:   -1    4    3    5    6   -4   -2   -1    7  -14 
   660:   -3    6   -5   -4    1    0    0    0    0    0 
   670:    0    1    0    0    0    0    0    0    0    0 
   680:    0    0   -1    1   -6  -21   10    1    4    0 
   690:   -6    8   -1    4    0    6  -11    0   11    6 
   700:   -5    1   -8    8   -3   -3   -4    0  -10    9 
   710:   -8   -8   -3    0   -1    2   -1    0    0    0 
   720:    0    0    0    0    0    0    0    0    0    0 
   730:    0    0    0    0    0    2  -13   -6    4    5 
   740:  -13    1   -3   -4    5   -8    4  -13   11   -8 
   750:   19   -5   -2   -4   11    2    0   17   -8   -1 
   760:    5   12  -20    3    7   -4    4    0    0    0 
   770:    0    0    0    0    0    0    0    0    0    0 
   780:    0    0    0    0    0    0   -1    3  -14    6 
   790:   -3   -2    2   -5    7   -3    1   -2   -4    0 
   800:   -2    7    2   12   10  -12   11   -3    0   -3 
   810:   16  -12    4   14  -23   17  -12   10    0   -3 
   820:    6   -1    0    0    0    0    0    0    0    0 
   830:    0    0    0    0    0    0    0    0    0    0 
   840:   -4   15  -11   -1    8   -2   -9    5   -4    8 
   850:   -5    6   -9   -3    5   -5    0    5  -10    8 
   860:    3   -2    6   -2    4    9  -14   -1   -8    5 
   870:   -7    8   -4    1    0    0    0    0    0    0 
   880:    0    0    0    0    0    0    0    0    0    0 
   890:    0   -1    2   10    1   -1    4    2    1   -2 
   900:   -3    1    1   -5   -8    6   -4    1    5   -2 
   910:   -3    4    2    9    9    0  -10   14    3   -1 
   920:   -4   -4    1    1    0    1    0    0    0    0 
   930:    0    0    0    0    0    0    0    0    0    0 
   940:    0    0    0    0    4   12   -8    6   -6    5 
   950:   -2    4   -8    7   -6    7    4    0    9   -2 
   960:    8    0   -6    1    1   -3   13    3  -11   19 
   970:  -17    7   -7    3    2   -2    0    0    0    0 
   980:    0    0    0    0    1    0    0    0    0    0 
   990:    0    0    0    0    0    0    0   -8   16    1 
  1000:    2    0    2    0   -5   10   -6    4    4   -4 
  1010:    6    4    4   -3   -1    1    3    5    2   16 
  1020:    4   11   -9    7   -5    1    6   -3   -1    1 
  1030:    0    0    0    0    0   -1    0    0    0    0 
  1040:    0    0    0    0    0    0    0   -1    1   -6 
  1050:    0    9   -1   -7   11    0    1   11   -2    2 
  1060:   -1   -8    4    5   -3    1    6    2    0   12 
  1070:   -6   13  -11   14  -14    8    0   -6   10   -1 
  1080:   -2    0    0    0    0    0    0    0    0    0 
  1090:    0    0    0    0    0    0    0    0    0    0 
  1100:   -3   -6  -10  -10    1   -7    6    1    2    5 
  1110:   -4    3    1   -3    4   -1   -2   -1    0   -1 
  1120:    4    0    5    0   -2    1   -1    5    2    0 
  1130:    1   -2   -1    0    0    0    0    0    0   -1 
  1140:    0    0    0    0    0    0    0    0    0    0 
  1150:    0    0    0   -2   -1   -1    7   -3    5  -10 
  1160:   19   -2    1   -2    2  -11    0   -5    0    1 
  1170:    1    2   -1    3    0    0   -8    3    5    0 
  1180:   -2    5   -4    0    0    0    0    0    0    0 
  1190:    0    0    0    0    0    0    0    0    0    0 
  1200:    0    0    0   -1    3   -9    3    6    3    2 
  1210:   15    6    7    1    2    0   -5    0   -6    1 
  1220:    3    0   -1   -2   -2    1   -2    4    0    3 
  1230:   -7    0    0    0    0   -2    1    0    0    0 
  1240:    0    0    0    0    0    0    0    0    0    0 
  1250:    0    0    0    0    0    0   -2    4  -15   -1 
  1260:   -4   -6    6  -11    8    1    4   12   -1    3 
  1270:   -6    0   -5    3    0    3    9    4    3    3 
  1280:    2   -1    2    0    1   -6    1    1   -1    0 
  1290:    0    0    0    0    0    0    0    0    0    0 
  1300:    0    0    0    0    0    0    0    0   -1   -1 
  1310:    7    2    2  -10   -1   -9    0   -2    3   -1 
  1320:    4   -1    1   -9    7    0   -2   -3    4   -5 
  1330:   -2    0   -3    0    1   -2    5   -5   -2   -2 
  1340:    0    0    0    0    0    0    0    0    0    0 
  1350:    0    0    0    0    0    0    0    0    0    0 
  1360:    0    4    1   -5   -1   -3    7   -1    1    7 
  1370:    2    1    5    2    4   -2   -2   -2   -1   -1 
  1380:   -2   -3    1   -1   -1    0   -4   -1    3    0 
  1390:    1   -1    0    0    0    0    0    0    0    0 
  1400:    0    0    0    0    0    0    0    0    0    0 
  1410:    0    0    1   -6   22  -14    4   -3    4   -5 
  1420:   -7   -2    0   -3  -13   -2   -9    4    2   -1 
  1430:    0    2    3    0   -3    0    2   -8   -4   -2 
  1440:    2   -2   -5    1    0    0    0    0    0    0 
  1450:    0    0    0    0    0    0    0    0    0    0 
  1460:    0    0    0    0   -1   -4   -4   -4    3    3 
  1470:    0   -3    4   -1    2   -3    6    1   -6    4 
  1480:   -3    0    0    3   -5    6   -2   -3    9   -3 
  1490:    1   -2    6    2    1    0    0    0    0    0 
  1500:    0    0    0    0    0    0    0    0    0    0 
  1510:    0    0    0    0    0    0    0   -4  -10    4 
  1520:   -5    3   -5    1   -5    6    0    3    7   -5 
  1530:   -4    5    2   -1    2    0    0    0   -1    5 
  1540:    1    4   -7    7  -10    7   -2    1    0    0 
  1550:    0    0    0    0    0    0    0    0    0    0 
  1560:    0    0    0    0    0    0    0    0    0    1 
  1570:    4   -4    4   -6   -2   -3    5   -3    1    1 
  1580:   -1    0    0    7    0    0  -12    5    3    3 
  1590:    0    0    0    0    2    0    0   -1    1    0 
  1600:    0    0   -2    0    0    0    0    0    0    0 
  1610:    0    0    0    0    0    0    0    0    0    0 
  1620:    0    3   -2    9   -3   -3    0    0  -12   -1 
  1630:    6   -8    7    3    1   -1   -5    0   -3    7 
  1640:    0    0    8    0   -2   -2    1    1    0    0 
  1650:    0    0    0    0   -1    0    0    0    0    0 
  1660:    0    0    0    0    0    0    0    0    0    0 
  1670:    0    0    0    3    8    7    5   -4    2    1 
  1680:   -9    2   -1   -1    0    0    2    6   -3    0 
  1690:    0    0    1   -6    4   -8    1   -1    3    2 
  1700:   -2    5   -4    0    0    0    0    0    0    0 
  1710:    0    0    0    0    0    0    0    0    0    0 
  1720:    0    0    0    0    0   -7    5   -5   -3    3 
  1730:   -1    7   -8    0    1   -7   -4   -2    0    2 
  1740:    1    0    5    0   -1   -3    0   -2   -3    6 
  1750:    0   -2   -1    1   -1    0    0    0    0    0 
  1760:    0    0    0    0    0    0    0    0    0    0 
  1770:    0    0    0    0    0    0    0    1  -10    7 
  1780:    4   -9    0    7   -1   -1   -5    3   -9   -5 
  1790:  -12    1    7   -2   -6    2   -5    4   -3    0 
  1800:   -3    7   -4   -5    7    0   -1    0    0    0 
  1810:    1    0    0    0    0    0    0    0    0    0 
  1820:    0    0    0    0    1    0    0    0    1   -3 
  1830:    0    8   -6    3    1   -2    9   -4   -4    8 
  1840:    1    7   -7    6    2   -8    3   -6    5    8 
  1850:   -2    2   -3    8    0   -5   -4    0   -1    0 
  1860:    0    0    0    0    0    0    0    1    0    0 
  1870:    0    0    0    0    0    0    0    0    0    0 
  1880:    0    0   15    4   -3    1   -1   -7   -8    2 
  1890:    1   11    1    9  -13   11   -6    0    1   -2 
  1900:   -4    1    5    0   -3    8   -4    0   -4   -1 
  1910:    0    0    0    0    0    0    0    0    0    0 
  1920:    0    0    0    0    0    0    0    0    0    0 
  1930:    0    0    1   -4    3  -10    2    9   12  -12 
  1940:    0    9   11   -8   -1    8   -6    3   -4    0 
  1950:   -1    6   -7    3    2    3    0   -7    3   -1 
  1960:    2    3    0    0    0    0    0    0    0    0 
  1970:    0   -1    0    0    0    0    0    0    0    0 
  1980:    0    0    0    0    1    1    9    3   10    6 
  1990:   14  -17   14   -3   13    4   -3   12    0    0 
  2000:    0    6    0    1   -3   -6    0    0    3    3 
  2010:   -3    2    2    1    1    0    0    0    0    0 
  2020:    0    0    0    0    0    0    0    0    0    0 
  2030:    0    0    0    0    0    0   -2   12    1   12 
  2040:    3    2   -6    1   -8    9  -18   17    6  -10 
  2050:   -2    9   -1    9    5    1   -5    3    1    6 
  2060:   -8   -4    2    1    0    0    0    0    0    0 
  2070:    0    0    0    0    0    0    1    0    0    0 
  2080:    0    0    0    0    0    0    0    0    1    1 
  2090:   11  -12   16    4   -3    0   -2   14   13   -1 
  2100:    6   -6   -2    0   -4    2    3    2    1    6 
  2110:   -1   10    2   -6    1   -2    4   -5    2    0 
  2120:    0    0    0    0    0    0    0    1    0    0 
  2130:    0    0    0    0    0    0    0    0    0   -1 
  2140:    2    0  -12   -2   -7   -6  -11    0    0   -7 
  2150:   -2    7   -3    7   -8    5   -3   -4    0    2 
  2160:   -1    0   -5    1    8   -2    5   -5    7   -5 
  2170:    0    0    0    0    0    0    0    0    0   -1 
  2180:    0    0    0    0    0    0    0    0    0    0 
  2190:    0    3   -1   -4   -3    0  -13    5   -6    6 
  2200:   -3   12   -6    8    9   -5    8    1   -2    2 
  2210:   -8    3   -2  -11    0    0    1   -8   -3    0 
  2220:    0   -7    0    0    0    0    0    0    0    0 
  2230:    0    0    0    0    0    0    0    0    0    0 
  2240:    0    0   -1   -1  -10    5    0   -5    8  -16 
  2250:    4   -6    3   -1  -10    6  -10    7    0   10 
  2260:   -6   -4    4    2   -1    6    0   -1   -2    7 
  2270:   -1    6   -6    6   -2    1    0    0    0    0 
  2280:    0    0    0    0    0    0    0    0    1    0 
  2290:    0    1   -1    0    0   -5    7  -11    0    2 
  2300:   -8    3   -2    8   -4   -2    1    1    3    2 
  2310:    4   -3    3   -4   -8    1   -6   -1   -5   -5 
  2320:   -1    7    0    1   -6    6   -5    1    0    0 
  2330:    0    0    0    0    0    0    1    0    0   -1 
  2340:   -7    0    2    3    1   -5    5   -1   -1    2 
  2350:    5    0    1   -4    1    1    0   -4    3   -6 
  2360:    0    2   -2   -1    0   -3    4    2   -1    1 
  2370:    2   -1    1    0    0   -1    1    1   -4    0 
  2380:    0    0    0    0    0    0    0   -1    2   -1 
  2390:    4    0   -8    3    2    7    0   -2    4    1 
  2400:    0   -1   -3    3   -5    3    6    0    3    0 
  2410:    0    1    2    0    0    0    0    0   -1   -1 
  2420:    2    0    3    1   -4   -4    1    9    6   -3 
  2430:    3    0   -1    1    0    1   -1    0    1   -1 
  2440:    3    0    2    0    5    7   -2   -1   -1   -1 
  2450:    4   -2   -1   -7    3   -1    0    0   -1   -2 
  2460:   -1    6    0    1   -1    0   -1    1   -1    2 
  2470:    2    1   -4   -2    5   -1    3    0    5    2 
  2480:    0    0    2   -2    0   -2    1   -4   -1    0 
  2490:    0    0    1   -1   -4    0 
