     0:   -1    0   -2   -2   -1    1   -2    4    0    1 
    10:   -2    0   -2    4   -5    0   -1   -1    0    2 
    20:    0   -3    2   -1    1    0    0    1    1    1 
    30:    0   -1   -1    2    0    0    1   -1    0   -1 
    40:    4    0    0    2    3    1   -1    3   -3   -1 
    50:    0   -2    0    0    0    0    0    0    0    0 
    60:    0    0    0    0    0   -1    1    0    0    0 
    70:    0    0    0    0    0    0    0    0    0    0 
    80:    0    0    0    0    0    0    0    0    0    0 
    90:    0    0    0    0   -2    0    0    0    0   -1 
   100:    0    0    0    0    0    0    0    0    0    0 
   110:    0    0    0    0    0   -1    1   10  -10    1 
   120:   -1    0   -1    0    0    0    2    0    0    0 
   130:    0    0    0    0    0    0    0    0    0    0 
   140:    0    0    0   -2    2   -2    5    2    0   -1 
   150:    3   -3    2    0    0    0    0    0    0    0 
   160:    0    0    0    0    0    0   -2    9  -21   13 
   170:   28   -8    3   -5    3   -6   -4    1  -13    2 
   180:    1    0   -2    1    0   -1    0    0    0    0 
   190:    0    0   -2    0    2    5    6    4   -1    8 
   200:   -4   12  -23    7   -2    0    0    0    0    0 
   210:    0    0    0    0    0    0    0    0   -2   31 
   220:  -41   -7   -9   22    0   28   34    9   26  -42 
   230:  -25   -5   10  -18   19  -10   -1    3    1    0 
   240:   -1   -1    0   -1   19   -2  -10   36   -2    0 
   250:   14   -3   22   -2  -14   11   -2    0    0    0 
   260:    0    0    0    0    0    0    0    0    0   -3 
   270:   -6  -57   70    0   -5   50   -9   69  -21   31 
   280:   35   23   43    8  -35   66  -13  -17   20   40 
   290:  -44   16    2   -1   23   43   -6    2    6   -5 
   300:   -2   -6   -1    7    4    7   -5    5    0    0 
   310:    0    0    0    0    0    0    0    0    0    0 
   320:    3    1  122 -117   43    5   12 -120   64   41 
   330:   16   75   -5  -13   -3  -10  -47   30  -41   39 
   340:    0 -110   27  -89  102  -48  -38   45 -132  101 
   350:  -15   11   -4    1    8    0    6   -6  -25    2 
   360:    0    0    0    0    1    0    0    0    0    0 
   370:    0    0   -1   27   61  -19   84   26   48   -3 
   380:  -14   18   50   18    7   14    5    8   34  -28 
   390:   15   43  -67   53 -100  156  -83   48    2   -5 
   400:  -79  107  -62    8    0   -1    5   -6    1   19 
   410:  -19   -1   -1    0    0    0   -1    0    0    0 
   420:    0    0    0    2  -17   34  -22   22   66  -72 
   430:  -14   36    6  -82   59   -5  -54   46  -61   22 
   440:  -12    0   26  -73   84 -117   91   70 -283  108 
   450:  -56   13   -4   17  -43    7   -1    0    3   -2 
   460:   -1   15    6   -3    1    0    0    0    0    0 
   470:    0    0    0    0    0   -2   20   -3   65  -62 
   480:  169 -113  136  -85   28    1   31  -28   -1  -53 
   490:  -18   33   30  -65   30 -109   90   32  145 -216 
   500: -164  162  -92   57   22    2  -13  -14    2    0 
   510:   33    3    4   -2    0    0    0    0    0    0 
   520:    0    0    0    0    0    0    1   -5   43  -27 
   530:   38  -63   79 -113   82  -54  -15   45  -15  -84 
   540:   89  -11  -13  -13  131 -223 -160  231 -170  112 
   550:  -92 -141   35  227  -95   65   20  -24   15  -34 
   560:   40   -5   23   -2    0    0    0    1    0    0 
   570:    0    0    0    0    0    0    0    0   -1   -3 
   580:   21  -43   32  -44   54  -31   20  -59  -18   47 
   590:   24  -78   -3   50  -25  -35    1 -185   78  169 
   600: -159   49   47 -115   83  172  -41  112  -33   -1 
   610:   51  -49    4   -1   -1    0    0    0    0   -3 
   620:    1    0    0    0    0    0    0    0    0    0 
   630:    1   -1   41  -11   -2   50   32   10    1  -44 
   640:   16   34   15  -86   39   12  -29  -12  -22  -34 
   650:   23    1   21  -69    3  -44  -54  -14   49   83 
   660:  -64   59   34  -20    5   -1    0    0    0    0 
   670:    0   -3    1    0    0    0    0    0    0    0 
   680:    0    0    0    7   -2   59  -48   30   -4   30 
   690:  -26   24    4   -6   35   14  -44   27   -1   62 
   700:   38  -21   -4  -36  -23    5   -9    5   31  -55 
   710:   23   -6   71  -17   28   23    0    0   -1    0 
   720:    0    0    0    1   -3    0    0    0    0    0 
   730:    0    0    0    0    2  -20   -5   22   -4   -2 
   740:  -14   43  -32   62   85  -57  -15   33  -33   13 
   750:    1   20   17   -9  -12    0  -26    8    8  -71 
   760:   49   58    2  -15  -23    4    0   42  -12    2 
   770:    1    0    0    0    0   -1   -1    0   -2    0 
   780:    0    0    0    0    0    0   -1    2    3  -20 
   790:   21   14  -12   50   29   40    8   -9   -8    3 
   800:   32  -30   32  -20   35  -26   12   24    9   45 
   810:    0  -20  -57   44   50   27   11   28  -46  -28 
   820:  -24    1    0    0    0    0    0    1    0    0 
   830:   -2    0    0    0    0    0    0    0   -2    5 
   840:  -11   39   -2   33  -36   34   11  -30  -53   -7 
   850:   30  -67  -16  -28   13  -20   -5   49   -1    0 
   860:   10  -17  -25  -47   44   -7   49  -13   59   64 
   870:  -36   23  -17    2    0    0    0    0    0    3 
   880:    0    0    0    0    0    0    0    0    0    0 
   890:   -2    9  -25   64   -2   22    1    8   20   -5 
   900:    7   53   37 -156   35  -31 -109   26    0   36 
   910:    4    4   -9  -23   32   14   -1   43  -44   -6 
   920:   -2   26   72  -62    9   -1    0    0    0    0 
   930:    0    1    1    0    0    0    0    0    0    0 
   940:    0    0    0   -6   41   29   28   28   26  -27 
   950:    7    8    1  -25  -25  -21   50  -13  -62   88 
   960:  -49  -47   95    7   91   78  -50   29  -12   -9 
   970:  -59   -4  -13  -29   15  -33  -10    2    0    0 
   980:    0    0    0    3    0    0    0    0    0    0 
   990:    0    0    0    0    0   -2   33   27   41    8 
  1000:   -5  -15   20  -97   13  -78   93   25   23  -15 
  1010:   15   -6   -8    6  -20   34  122   29  -31   14 
  1020:    5  -18 -152  142  -34  -23   76   19  -13    5 
  1030:    0    0    0    0    0   -2    0    0    0    0 
  1040:    0    0    0    0    0    0    0    4  -32   48 
  1050:  -24   -4   30  -41   87  -70   90 -101   64  -18 
  1060:  -30   -6   35  -33  -27   48  -15  -19  -44   62 
  1070:    6   38  -89  152 -184  214  -85   -4  -11   34 
  1080:  -12    6    0    0    0    0    0   -1   -1    0 
  1090:    0    0    0    0    0    0    0    0    0    1 
  1100:   -8   41   30   42  -25   65  -26   61  -45   29 
  1110:   22  -23   -1   -1   -1  -11  -30   11  -36    0 
  1120:  -83  110  -29   14  -50   10  -22  -36   19    0 
  1130:  -40    4  -55    2    1    0    0    0    0    1 
  1140:    0    0    0    0    0    0    0    0    0    0 
  1150:    0    0   -3   45  -71   33   -1    0  -28   -8 
  1160:  -46   16    9  -16  -21   42  -31  -27   34  -14 
  1170:  -15  -22  -54  166  -70   79  -72   10   24    9 
  1180:   26  -12    9  -46   20   -6    0    0    0    0 
  1190:    0   -1    0    0    0    0    0    0    0    0 
  1200:    0    0    0    1  -10   12  -37   37  -37   84 
  1210:   20    7   -9   33   -2   21   37    1   18   11 
  1220:    4  -15  -26   -2   19    1   33    9  -11   -7 
  1230:   12  -53    1   -8  -12  -15    5   -1    0    0 
  1240:    0    0    0   -2    0    0    0    0    0    0 
  1250:    0    0    0    0    0   -2   16  -33   44  -21 
  1260:  -13  106  -53   42   -6  -10   -6   15    8  -59 
  1270:    7   12  -28   26   -3   41  -55    9   27   16 
  1280:  -23   50   17  -19   24   25  -11   32   -3   -2 
  1290:    0    0    0    0    0    0    2    0    0    0 
  1300:    0    0    0    0    0    0    0    0    3   12 
  1310:  -24   17   38    7    8  -21   23   41   -1   10 
  1320:    0    4  -49  -57  -34   -2  -18   21    5  -26 
  1330:    6  -67   51   27  -36   13   29  -17    5  -22 
  1340:    3    0    0    0    0    0    0    1    0    0 
  1350:    0    0    0    0    0    0    0    0    0    1 
  1360:   -4   18   39   64    0    5    5   45    7   48 
  1370:  -53   23   22   38  -93  -49 -106    7   46   -4 
  1380:    0  -16   -5   42   15  -15   -6  -57   21  -58 
  1390:   51   26   -4    1    0    0    0    0    0    0 
  1400:    0    0    0    0    0    0    0    0    0    0 
  1410:    0    0   -4   36  -12   55    1  -52   48   15 
  1420:    5   12  -12   18   35  -36  -46   -9    2    8 
  1430:   36   33  -26   58   44   -1  -34   30  -27  -28 
  1440:   12   11    9   -5    1    0    0    0    0    0 
  1450:    0    1   -1    0    0    0    0    0    0    0 
  1460:    0    0    0    0    0  -11  -65   18   18    0 
  1470:   42   -1   50  -31  -11   18  -15  -19   -4    0 
  1480:    1   -1    3   -6    4   25   53   17    2   32 
  1490:   37   36  -70   -2  -22   -1    0    0    0    0 
  1500:    0    0    0    2    1    0    0    0    0    0 
  1510:    0    0    0    0    0    0   -1   -6  -21  -53 
  1520:   95   11   -7  -67   -5  -35  -12  -13   28  -47 
  1530:  -11   -7  -17  -17    3   -2   12  -30    2   13 
  1540:  -27   22   57   10 -103   31    3    3   -1    0 
  1550:    0    0    0    0    0   -3    0    0    0    0 
  1560:    0    0    0    0    0    0    0    0    0    2 
  1570:   -5  -27   58   23    9  -34  -10  -37   12  -40 
  1580:   41   38   17   48   22  -55   19    4   42   30 
  1590:   -3    0    8   -7    0   -5   -5  -11    1    0 
  1600:    0   -1   -1    0    0    0    0   -2    0    0 
  1610:    0    0    0    0    0    0    0    0    0    0 
  1620:    0    1  -23  -41   35   24   23   32   19  -55 
  1630:    7   22   17    3  -21   42  -17   47   -5   22 
  1640:  -30    1   36    9  -39   15  -23   25  -18    9 
  1650:   -5    0    0    0   -1    0    0    0    0    0 
  1660:    0    0    0    0    0    0    0    0    0    0 
  1670:    0    0   -1    0  -13  -56   -8  -26  -14  -25 
  1680:   -9  105  -10   44  -40  -56   27   50   61   40 
  1690:  -26  -19   26  -18   50  -15    8   58   39   39 
  1700:  -17   -1   -8    0    0    0    0    0    0    0 
  1710:    0   -2    0    0    0    0    0    0    0    0 
  1720:    0    0    0    0   -3   17  -59  -93   -5  -47 
  1730:   -1  -10   12  -16  -19   51   -2   -8   -2  -83 
  1740:   48   -9  -42  -56   15    7   -1   10  -14   54 
  1750:   50   -8   29   -5   -3    0    0    0    0    0 
  1760:    0    0    0    1    2    0    0    0    0    0 
  1770:    0    0    0    0    0   -1    2   -5  -31   -5 
  1780:    8  -17  -17  -63    5   18   -3  -53    2   88 
  1790:  -54   33  -43  -31   35   -1  -62   21    6   17 
  1800:   39  -18   20    6    8  -22    1    0    0    0 
  1810:    0    0    0    0    0    1    0    0    0    0 
  1820:    0    0    0    0    3    0    0    0    4  -28 
  1830:   27  -15  -43   -4   -1  -31  -35   -2   22   -4 
  1840:   11   37  -22   27    7  -75   91   -7  -37   -9 
  1850:  -33   18    7   24   89  -28   56  -39    9   -2 
  1860:    0    0    0    0    0    0    0    0    0    0 
  1870:    0    0    0    0    0    0    0    0   -2    1 
  1880:   -5    8  -34  -59  -74   63  -37   53  -40   26 
  1890:   26   55   30  -22  -16    1  -56    9   -1  -70 
  1900:  -29  -45   26  -18  -44   43   47   44    7    4 
  1910:    0    0    0    0    0    0    0    0    0    0 
  1920:    0    0    0    0    0    0    0    0    0    0 
  1930:    0    3  -12   95  -12    3   41  -33   48  -29 
  1940:   72  -44   -8   17  -43  -73  -52    3   -9   34 
  1950:   -4   19   21  -27   46  -20   53   33  -17  -67 
  1960:  -72   -3   -2    0    0    0    0    0    0    0 
  1970:    0   -3    1    0    0    0    0    0    0    0 
  1980:    0    0    0    1    9   99   25   38    3  -81 
  1990:   45  -24  -25   18    3   52   16    0  -16   37 
  2000:  -13   24   53   31   46  -54   27   10   15   63 
  2010:    2  -53  -32   -9    4   -1    0    0    0    0 
  2020:    0    0    0   -1    0    0    0    0    0    0 
  2030:    0    0    0    0    0    2  -13   30   26  -10 
  2040:   -8   14  -42  -12   17   22   41  -41   20  -10 
  2050:   27   53   24   86   26   16    7  -65   13   27 
  2060:   -3   20    7  -46   22   17   -2    0    0    0 
  2070:    0    0    0    0    0   -2    0    0    0    0 
  2080:    0    0    0    0    0    0    0   -1    2    4 
  2090:   14    6  -37  -10   29  -33  -20    5  -77    0 
  2100:  -32   18  -39   83  -48  -41   -3   17  -13   32 
  2110:   32   -9    1  -29    9  -26   21   11   -1    0 
  2120:    0    0    0    0    0    0    0   -1   -1    0 
  2130:    0    0    0    0    0    0    0    0    1   -8 
  2140:    1  -14  -14  -10    1   -3    7    0  -42  -26 
  2150:   31  -17    2    3  -39   -5  -10  -71   30  -31 
  2160:  -15  -21   77   17   64  -12   12   72   -9   16 
  2170:   -4    0    0    0    0    0   -1    0    0    0 
  2180:   -1    0    0    0    0   -1    0    0    1   -1 
  2190:    3  -41   19   34  -15  -46   57  -42   23   -8 
  2200:   21   18  -30   19  -46   28    6  -16  -32   -9 
  2210:  -21  -36  -14   18   48  -33  -35  -10   -2   27 
  2220:  -16   12    0    0    0    1    0    0    0    0 
  2230:    0    2   -1    0    0    0   -1    7    0    4 
  2240:   -6    4    4   44   31   19  -76  -48   28  -71 
  2250:   -3   28   -2   17   -3   38    9   42  -58   56 
  2260:   32   -8   14   55  -17   45  -43   19   14   14 
  2270:   39  -34   15   24  -14    7   -1    0    0    0 
  2280:    0    0   -1    2    2   -1    0    0   -8    3 
  2290:    9   -8   -1   22  -20   12   79  -54   32  -46 
  2300:   21  -24   63    7  -28   15   26   -7  -45  -13 
  2310:   20  -33    4  -27   18   31  -14  -20    0  -15 
  2320:  -35    5   29    3   30   -6  -15  -13    1    0 
  2330:    0    0    0    0   -1    0   10   -1    8    9 
  2340:  -45    2   -1   12   17  -31   34  -17  -29   -5 
  2350:   25   26    4  -14  -29   17   24  -34  -12  -13 
  2360:   15  -22  -10   10   38  -15   21  -13   13   -3 
  2370:   13    3  -23    5   -1    3    7    6   -1    1 
  2380:    3    3   -2   -2    0   -1   -2    1  -17    0 
  2390:   -5   16   33   14  -14   -6   -9    4   11    4 
  2400:   31   10   -6   18    0    1  -20    3    2  -21 
  2410:   -2  -24   29   -4    1    0   -3   -1   -7   -7 
  2420:    1  -14   21    0   11   15   -1    0   -2    8 
  2430:  -11    8    6    2    2    0    3    0   -3   -4 
  2440:  -17   -4   14    0  -60  -24  -13   -1  -20   18 
  2450:  -20    7    8   13   29    2    2    5  -29   30 
  2460:  -11   -2   14   27  -26    4   -4    2    2    1 
  2470:  -12   -1   -5   13   -8    4    7  -15   -4   11 
  2480:   -6   -5   20   13   -7   20  -11  -17    5   -4 
  2490:    3   -3    1    8    8   -6 
