     0:    0    0    0    0    0    0    0    5    5  -37 
    10:   43  -21   39    1   13   -5    3   -2    1    0 
    20:    0    0    0    0    0    0    0    0    0    0 
    30:    3  -23   40   -6  -28    4    0    0    0   -1 
    40:    0    0   -1    9  -24   36 -170  154  -47   41 
    50:   24   -8   10  -20   15   -5    4    3    0    0 
    60:    0    0    0    0    1    0    0    2    7   -3 
    70:   -1    4    0    0    0    0    0    0    0   17 
    80:   -7 -192 -150 -279   79   79 -131   96   36  -15 
    90:  -56   41  -77  -17  -15   -2   -1   -3    8    6 
   100:    4    9    7   34  -46  -48    5    0    0    0 
   110:    0    0    0    0    1   -7  -72 -217 -230 -160 
   120: -125 -126  -91 -159   31  -13   63  -19  -23    6 
   130:  -41 -105   41   44   46  -66  -42  -32  -96  -51 
   140:   55  195   27  -44    4    0    0    0    0    0 
   150:   -1   -3   59  -26 -202 -188  -18    0  -51  -33 
   160:    5  -41  -50  -15   15  -21  -27   29 -117  128 
   170:   86   42  -47 -171 -250 -136 -156  -55   97  273 
   180:  136   -8    0    0    0    0    0    0    5  153 
   190:   55  -72  -93 -122  -57   62  102  108   56   52 
   200:  -73   20  -18   24 -111  -47  220   81  -65 -121 
   210: -138 -237 -193 -109 -173 -193   15  137   11   -3 
   220:    0    0    0   -1   11  -16  -70  -12   44   23 
   230:  -98  -62  106   85   48  104   60    1   -9   10 
   240:   29 -168   53  276   87 -123 -154 -113  -98 -228 
   250: -235 -206 -239 -194   96   48   -5    0    0    0 
   260:    2  -34  -31   36   24   26   98    9  -55   46 
   270:  -23  -79    7  -14   14  -24   36  -85 -103   36 
   280:  230  238   32 -134 -100 -142 -204 -122  -36   14 
   290:  -37  -52    5   -1    0    0   -1    8   32  -57 
   300:  -21  -55  -97  -67   -3   71  -10  -76    7   34 
   310:  -10    8  -30  -38 -107   -2  -19  101  281  195 
   320:  107   58   22 -154  -46  104  174  190   70  -76 
   330:  -47    5    0    0  -15   34   62   -7  -10 -110 
   340:  -21   -2  -54  -32  -11   37  -23   13   73  -23 
   350:    4   36  -59 -101  -15  123  230  197  179  -36 
   360:  -70  101  213  155   53  -11   98   25   -4    0 
   370:    3    6  -34    1   10    6   -5  -18   62   21 
   380: -105  -70   13    8   -7  -53  -43   98  -36 -174 
   390: -236 -218 -228 -154 -135 -132 -193  -69   26  -67 
   400: -145 -119 -119   26    7   -2    0   -2  -40   11 
   410:   -5  -56   34   12   -7   29  -10  -11   -9  -14 
   420:    2   22    6  -69  108   64   22 -159 -174 -169 
   430: -163 -153  -80   42   74  -19  -58  -24   79  168 
   440:  257   51  -12    1   -4    4  -25   26   40   28 
   450:  -12   -7  -33    7   -2  -12   -3  -20    1   15 
   460:  -53   31  147  -32   -8  125  196  143  168   74 
   470:  -72  -45  -13  117  229  182  160  239  198    9 
   480:   -7   -1  -11   -4  -30  -33  -16   -1   -3    4 
   490:    9   -4  -19  -12  -19  -39   23   81   34  -89 
   500:  -85  136   72   30  164  152   52  -52  -88  -59 
   510:   94  -37  -97  -38  172  186   50  -16   -9  -51 
   520:  -26   41   32   26  -59   13   -6   -3   19   -5 
   530:    3   19  -12   16    3  -24   27   94   13 -120 
   540:    9  229  -31   53  128   53  -16    5  -39 -144 
   550: -174   -7    1    7    1   11   19   52   10  -37 
   560:  -13   29    2   -7   16  -21   11  -26   45  -12 
   570:   12  -14   59  101  -19 -141 -108   62   90   23 
   580:   47  172  102   20   76   34  -87 -237 -145    5 
   590:  -36   -2   42   55  -18   17   50   26   30  -16 
   600:   -5   51    2   15  -25  -31  -31    7    6  -16 
   610:  -85  -31  -68 -138  -52   72   95  161  181   85 
   620:   58   25  100   83  -60  -56  130  -27  -11  -17 
   630:  -21  -21 -132  -26   22   23   -3  -39   17  -21 
   640:   -2  -10   25   22   15   41  -21   38   64 -102 
   650: -236  -78  216   25   74  143    0  -47  -69  -22 
   660:   54   63   94  162  -27  -12  -10  -55   57  -17 
   670:   13  -18  -18  -30  -27   -5  -12    6  -11  -33 
   680:  -17  -11   46  -57    9   69  -38 -197  -13  238 
   690: -139   90  122 -131 -158 -132  -81  -81  -17  124 
   700:  150  -86   -5  -50  -64   68  132   34   39   -3 
   710:   17  -31   18  -36   -8   -4  -20  -19   -2   22 
   720:  -17   -6  117   29 -158   50  141  -87  120  -18 
   730:  -99 -196 -129  -37  -23  -59  143   96   -1   -1 
   740:  -45 -117  -48   -7  -45    4   58    5  -15  -11 
   750:  -11  -21  -10    2    9  -13  -22   68   40   32 
   760: -100    1  149  -99   36  -62  -75   98 -142 -115 
   770:   56   37    2   49 -120  -12    5  -48  -90 -110 
   780:  -76  -73  -47   10   -9  -38   22    2   19   -4 
   790:  -63   19   13  -13   27   16  -51 -109   72    9 
   800:  -34   26  -71    6   26 -110  -56   18  -16  -57 
   810:  -22  -38   86  -17  -20  -21  -86 -111 -105 -117 
   820:    7  -29  -27  -10   21   17   17    5   11    3 
   830:  -46  -28   32  -19   18  -11   40  -27  -14  -14 
   840:   44    0  -46  151    9  -40  -57  -22  -12    2 
   850:    0  -16  -82  -70  -50   20  -65   16  -16    9 
   860:  -27  -27  -13    0   21  -12   19  -35   33   18 
   870:   58   17   20    1  -28   29    9  -27  -41   19 
   880:   86  -49  -32  -51   18    2    0    0    3   -4 
   890: -136  -86   13  -26   -7   -9   45   21   21  -32 
   900:   12  -35   12  -74  -39   15    4    6  -51    3 
   910:   20   12   -5   23  -18  -39  -56   33  -49    9 
   920:   17  -68  -15    2    0   -1   43 -101   15    0 
   930:    5  -26  -78  -34   30   16   25   16  -65  -64 
   940:  -64   18    0   13    8   25  -59  -17   15   28 
   950:    3   29   29    1   47   14  -34   74  -62  -11 
   960:    2    0   -5   52   15  -81  -73   48   -1  -34 
   970:  -33    4  -21   48   27   38  -28   32   -3   30 
   980:  -30   42  -38  -25  -63  -30  -36  -58   22   -1 
   990:  -87  -53  -26   16    4    2    5    0    0    0 
  1000:   -6   49  -47 -151  -41   -3    6  -45   34   23 
  1010:    5   -3   46  -18   39   44  -79   10  -44  -46 
  1020:  -44    7   68  -40  -57  -40  -64   43  -84  -83 
  1030:  -39  -49   96   -2   -1    0    0    1   -6   36 
  1040:   16  -57  -24   13   91 -119   56   12  -37   -5 
  1050:    1   66  -50   38  -52 -108   56  -78   -5   -9 
  1060:  -70   43   49   31  -25  -97  -79   36    9   -2 
  1070:    6    0    0    0    0    0    0   29   17  -13 
  1080:  -33   24    2   37   79   26  -12   51  -61  -39 
  1090:  -27  -32    8   70   10    0  -12  -12    0    4 
  1100:   46  -73  -62  -89  -18    6   -2    3    0    0 
  1110:    0    0    0    0   -6   31  -62  -68  -63 -107 
  1120:  -66   69  -27  -16  -40   79   54   26  224  -30 
  1130:  -52   -2   43   16   70  -11 -103  -23  -44   15 
  1140:   15  -29  -34    6    0    0    0    0    0    0 
  1150:   -1    6  -18   53   52    9  -17   17   39  -93 
  1160:  -36  -66   81   36  -35   19  -51    7   28  -61 
  1170:  -17   18   -5  -35   37  -48  -21    5   16  -42 
  1180:    4    0    0    0    0    0   -1   -3    1   42 
  1190:   71  118   22   21   34  -73  -79   -6  -20   29 
  1200:  -24   13  -19  -45  -47   30   59   50 -112   31 
  1210:    3  -25   52   -8  -72   37  -18    2    0    0 
  1220:    0    0   -1    8   25 -116  140   -1   -2   87 
  1230:  -53   59  -27  -48   26  -68   15  -40    2  -26 
  1240:   66 -115   -7  -56  102  -73  -88   83   -9   68 
  1250:  -26    4  -18    4    0    0    0    0   -6   -1 
  1260:   -3  -86 -117   31 -107   16  112  -61   72   24 
  1270:   52  -53  -26   41  -29    5   42   42  -35   46 
  1280:  -24    6   32  -93   32   37    6    1    0    7 
  1290:    0    0    0    0    0   -1   -8  -56  -17   67 
  1300:  -26  101   92  -17  -53 -107   34   19 -110   94 
  1310:   21    5   13   59   38   65  122  -28  -28  -23 
  1320:   -2  -42    6   13   -1    0   -1    0    0    0 
  1330:    0    0   -8   14   86   22  -11  -13  126   19 
  1340:   20  -73   23   42  -87    8  107  -50  -46  -55 
  1350:   58 -101   63   48   97   23    7   22  -16    2 
  1360:    1    0    0    0    0    0    0    0    0   53 
  1370:   55   28  -39    8    0   27  -35  -10   13    8 
  1380:   -5    1    9  -17    0   -3   -5   -7    8  -14 
  1390:   -4   -4    9    1   -1    4    0    0   -1    0 
  1400:   -3   -1    0    1   -1    1 
