     0:    0    0    0    0    0    0    0    4    9  -10 
    10:   13   -7   21   -8    2   -3    3   -2    1    0 
    20:    0    0    0    0    0    0    0    0    0    0 
    30:   -4   21  -39  -14   58   -9    0    0    0    0 
    40:    0    0   -1    3  -10   67   39  -35   40  -28 
    50:  -65  -81   13   -4    5   -2    2    2    0    0 
    60:    0    0    0    0    0    0    0    2   -2    8 
    70:   -2   -4    1    0    0    0    0    0    0    6 
    80:   -2   -8  -43    9   22  -37   11  -31  -26  -27 
    90:   24    6  -26   -7    1   -3   -1   -2    4    3 
   100:    3    6    4   12  -15  -13    0    0    2    0 
   110:    0    0    0    0    0   -5  -45    2   13  -42 
   120:  -59    3   30   14   54   43   -6   41   26  -64 
   130:   14   25   -2   11    9  -14   -8    3  -14  -13 
   140:   37  125   72  -26    0    0    0    0    0    0 
   150:    0   -3    8   76  -18  -27  -16   -6  -20   32 
   160:   39  -49    2   31   14  -13    9  -16  -34  -30 
   170:   18  -39  105   14   10  153   91   -2  -68  -62 
   180:   88   -9    0    0    0    0    0    0   -6  -20 
   190:  -43   75   80  -52  -44  -27  -29   38   28   11 
   200:   33   13    3    9   -9   18  -24  -23   -6    6 
   210:  -51  -20    2 -111  -43   67  -34 -106    4   -1 
   220:    0    0    0    0   -1  -41  -30   36  -34   51 
   230:   10   33   21    5   -8  -30  -34    3   21  -10 
   240:  -22  -11   15   47  -25   -6    4  -12  -38   68 
   250:   13   18   55   35  -52   60   -7    0    0    0 
   260:    0  -24  -65   21  -19  -39  -60   -9   12    4 
   270:   21   35   33    3   -9   29  -13    9    9   -1 
   280:   -2  -23  -11    7    0  -54  -29   22    4   52 
   290:  -23  -49   45   -9    0    0   -1  -12  126  -27 
   300:  -82  -44  -17   13  112   52  -32    8    4   -3 
   310:   -1   74   -9    7   24  -29   11   10   12   -9 
   320:  -22   66  -13  -80    5   -4  -25   -8  136    0 
   330:   -6   -2    0    1  -11 -126   66   40  -36  -36 
   340:  -23  -91    2   -8  -37  -36   12  -36  -13    5 
   350:   35  -13  -21    6  -10  -37  -14  -42  -31  -44 
   360:  -44   47   45  -42  -57 -112  -19   52   -8   -1 
   370:  -12   81   18  -32   91  -17    2   14  -36  -29 
   380:   27   -3   -9   17   21   19   49   25   30  -12 
   390:  -27   14   -1  -26  -69 -118  -40    2   22  -62 
   400:  -66   81   11   31    7  -13    0  -14   15  -46 
   410:  -16   66   25  -42   18   37    5  -25  -15   -5 
   420:    5    3  -29   -5  -65   23   33   11   50   53 
   430:   64   28   53   20   84  -14   81   81  -10    7 
   440:  -18   60   -6   -1  -19  -29   78  -89  -25   29 
   450:   47  -12  -15    4   -6  -13   -5   -2  -63   -4 
   460:   18   15  -12  -44  -14  -11  -12  -25  -36  -70 
   470: -153  -45    2  -46  -55  -31  -12   -2  -76    9 
   480:   -4  -18    1   20    1    2    1   27    0   13 
   490:   -5   14    7  -29  -13   -6   63   28  -34   -4 
   500:   41   19   -9  -44   27    6   35  144   55   60 
   510:   81    8   19   13   40    8    9   -5  -20   24 
   520:  -57  -18   31    0   28  -22  -11   -7  -24  -10 
   530:  -14   14   16   18   46   53   64    2  -11    5 
   540:   14   33  -67 -104  -91    4   85    3  -51  -35 
   550:  -20  -32  -29   37  -10   18  -42    4  -31  -12 
   560:  -38    3   10   16  -22   13   -2  -24   -8  -28 
   570:   -3   28  -10 -111  -43   31   50   21   68   21 
   580:   53   21  -65    3   30  -12 -104    7  -64   46 
   590:   49  -25   65  -32   24   -6   54  -12  -58    6 
   600:  -17   16   38   15   31   15   34   14    4    5 
   610:   70   30  -29   -5  -34    0  -33  -60  -16   16 
   620:   22   46  -72  -44   27   15   15   43  -21   70 
   630:  -43  -19  -14  -32   13   25   26   11    7   35 
   640:   27   18    9  -25    9   47   13    7  -21   28 
   650:   26   18   17    9    6    2  -13   47  -25   23 
   660:   33  -16   14   13   -5  -21   56  -98    6  101 
   670:    2   -5    3   41  -14  -21   16   -2  -15   47 
   680:    8   -4  -14  -18   -3  -36   22   25    2   10 
   690:   39  -46   -3    6   13   52    4  -37  -43  -27 
   700:   34    9  -25   79  -15    9  -19  -35   14   43 
   710:    5   53   -9   29  -17  -18    7   12   -7   -3 
   720:   -2   -5   -5  -29  -71  -38  -25   33  -37  -26 
   730:    8   23  -47  -47    8   -4  -19   12  -14  -20 
   740:   82  -42  -24   23   -7  -20   -5  -21  -27   17 
   750:   10   13   -6   22  -11    1   -5    3   29   14 
   760:  -18    4   23   20    1   -2  -16    4   32  -24 
   770:   32  -18  -12   44   29   48  -20   90  -42   68 
   780:  -15   29   -8  -12   13   14   15  -13    0    5 
   790:   -3  -37  -36   34  -35  -17   39  -10   -1  -25 
   800:  -11   16   64   -2  -50   13   48   43   -8  -17 
   810:    1  -66   34  -10   67  -73   -4   16    2   29 
   820:   44   -9  -43   -8   22  -21   -8   -8   17    7 
   830:  -20   30   31   24    3    1    7  -29  -15  -14 
   840:  -39   20   41   -7    2   -8   41   -8   47   24 
   850:   -9   29 -111   39   48   -7   15   10  -16   -3 
   860:   -8   27   12   -5    5  -37    9    8   -6  -20 
   870:    2   70   30  -24   -3  -16   28   25  -32   34 
   880:  122  -12  -19  -34   16   29  -10    0  -15  -59 
   890:    2   39   21  -27   27   -7  -30   -9  -10  -37 
   900:   -2   19    4    6    8    7   27    1   24   12 
   910:  -35   -1   50   -1   89   17    0  -53  -15   -1 
   920:  -80   -9   34   -6    0  -20  -53   43  -18    7 
   930:  -42  -11   -6   21   30  -48  -32   33   59   13 
   940:    9  -19   13   27   29   40    1    0  -22   10 
   950:   12   18  -19  -55   39   12  -15   32   46   22 
   960:   -4    0  -14   39   36    8  -78    0  -12   57 
   970:   20   19  -43  -56  -20    3  -28  -46  -38  -42 
   980:   -6  -14  -26   71   -6   49  -30   29   41  -46 
   990:   32   43  -25   62  -31  -18   -3   -1    0   -4 
  1000:   20  -50   52   28   15    7  -11   13  -36  -29 
  1010:    8   -1   11   22   17    0  -28  -10  -52  -78 
  1020:  -72  -47   -1 -113   -9   76  -81   13  -26   75 
  1030:   -2   28  -15  -14    0    0    0   -6   15  -31 
  1040:  -28   52  -40  -34   40  -14   13   23   77  100 
  1050:   58    6  -64   36  -21   39  -43  -15  -86  -59 
  1060:  -19   55   89  -19   41   46    6   33   -7  -43 
  1070:   -4    0    0    0    0   -3    8  -36    2  -67 
  1080:    8  -60  -13   30  -45  -68  -18  -13    4   48 
  1090:   37   84   36 -137  -43  -12  -14  -30   19   37 
  1100:  -12    7   75   -1  -65   -3   29  -10    0    0 
  1110:    0    0    0   -1    6    6  -54  -72    4  -25 
  1120:  -73    1  -43   75   15  100  -21   18   33  -72 
  1130:    1    2   10   15   50   79   45   21   42   -3 
  1140:  -53  -71  -23   10   -2    0    0    0    0    0 
  1150:   -1    0    3  -14    9  -30  -68   67  -56  -17 
  1160:    9  -22    8  -41   19   50  -13 -117    3  -24 
  1170:  -26   87   12   20  -52  -30    6  -46  -53  -10 
  1180:    0   -1    0    0    0    0    0   -2    7   15 
  1190:  -10   20  -12  -34   15    0  -75  100   -1  -18 
  1200:   53   -8    9    4   32   25  -47  -44   88   11 
  1210:   30  -30   22  -59  -63   32   16   -4    0    0 
  1220:    0    0    0    2   -3   54  -34  -25   31   44 
  1230:  -38   45   25   13   22  -25  -19  -37   11   18 
  1240:    8   37  -65   50  -31   50  -41   25  -24   25 
  1250:   29  -26    1   -8    0    0    0    0   -3   -1 
  1260:  -13   -4  -31  -43   14   37   -8   54  -12  -24 
  1270:   -3  -27  -15   -6   12  -20   47    7   24  113 
  1280:  -38  -36   60   22  -23  -71  -60    1    2  -22 
  1290:    1    0    0    0    0   -7  -19   16  122   84 
  1300:   36  -39  -75  -46  -24   12   24   18  -26   10 
  1310:  -18   -2  -31  -17   18   -6  -68  -20   37  -13 
  1320:    3   79    7   17   -1    0    2    0    0    0 
  1330:    0    0 -117  -84  -37   31  -20  -33  -39    7 
  1340: -141  111   55  -33   25   91  -92  -38   -4  -17 
  1350:  -12   69  -80  -36  -38   11  -13  -32   21   -4 
  1360:    4    0    0    0    0    0    0    0    0  -68 
  1370:  -56   -8   46  -20   -4   -3   28   -9  -10   18 
  1380:    6  -21   15   19  -19  -12  -15   13  -25   11 
  1390:    5   25    7    0    3   -2    0    0    0    0 
  1400:   -1    0    0    0    0    0 
