     0:    0    0    0    0    0    0    0   -1    4  -12 
    10:   11  -43   21  -61  -22  -12    2    4   -3    1 
    20:   -1    0    0    0    0    0    0    0    0    0 
    30:    1    0    2  -22    3   -2    0    0    0    0 
    40:    0    0    0   -1   -1    7   -4   -4  -26  -10 
    50:   29  -82  -48  -20  -11    4   -3    2    0    0 
    60:    0    0    0    0    0    0   -1   -2   -1    1 
    70:    0    0    0    0    0    0    0    0    0    0 
    80:    2   -7    9    1    0  -17    8  -21  -22  -45 
    90:  -54   42  -28   22  -28    2   -1    0    0    0 
   100:    0    0    2    5    8   10   -4    0    0    0 
   110:    0    0    0    0    0    0   -6  -19   -2   -2 
   120:   -3    1    5   -8  -21  -40   86   42   62   13 
   130:   -5  -14    5    4    1    3    3    6   -7  -12 
   140:  -18   -1    6   -2    0    0    0    0    0    0 
   150:    0    0    2    0   -4    0    7    8  -23    3 
   160:    0   33  -50   45  -20  -48   -7   20    0    4 
   170:   -4    1   14   14    3   -8    9   28   14    0 
   180:   10   -1    0    0    0    0    0    0    1   -4 
   190:   16  -13    5   11   -5    9    1    4   -6    0 
   200:  -16   -5   31    3  -18    8    6   -8  -10    0 
   210:   -1   11   11    3    5    8   -1    0    6   -1 
   220:    0    0    0    0    0   -3   -4    0    3    8 
   230:    9   14   -2    4   -5    6   -7   22    9    5 
   240:   26   18    2  -10   -4    0    8   -2   -2    6 
   250:   -5   -2  -10  -10  -16    3    0    0    0    0 
   260:    0    0    0    1   -1    2   -1   -5    1   10 
   270:    8   11  -10    9   -2   26  -43  -14   26    7 
   280:    8   13   -2    5    1   -3   14    9    1    8 
   290:    4    3   -7    2    0    0    0    0    1   11 
   300:  -11    6  -12    5   -8   16  -26   -6    0    6 
   310:    6  -23   39   89   -7  -11    8   -3    4   -7 
   320:    0   -3   -2   -7   23   -5   18  -22    4   -7 
   330:   -6    0    0   -1    0   -9  -11   -6   -8   -9 
   340:  -13   48   -6   -9   34   -9  -14   -5  -10   58 
   350:   23  -14   -3    6   -1   10    3    6    5  -10 
   360:   -6   -4  -18    7   -2  -12   -6    8    2    0 
   370:    2   -2   18   -4   -3   -9    1    0   -3  -15 
   380:    3  -11  -12    6  -16   -8  -26   10    3    1 
   390:    1   -4  -14   -1   -5   -5  -15   13   -3   -2 
   400:    4   -9  -16    3  -12    4   -1    0    0    4 
   410:   -7  -10  -10    1    5    5   -3    0    7   15 
   420:   -2   -1   -2   -2  -12   -3  -16   23    5    1 
   430:    3   -1  -10    4  -13    1  -26   -6    4    9 
   440:  -10   -9    6    0   -1    1  -13   -2   -3    1 
   450:    4    2    0    3    0   -2   -6   -7   -3    0 
   460:   -1  -18   -5  -18   -2  -18  -13   -2  -12   -7 
   470:   -2  -15   -3    2    1  -15  -20  -17   10  -14 
   480:    2    0   11   29   17    8    5   16    0    1 
   490:    7    8   19   -4    9    7    2    6   21   -6 
   500:   13   -4   -6    1    4   -4    2    4   -8   -7 
   510:    3    8    3  -13   12  -11   22   -2   -1    2 
   520:   -2    3    0    3    1    9    4    2    9   16 
   530:   -5    8    6    2   15    9   18   -9    0   -1 
   540:   -7   15  -21    7    8    8   -1    6    5  -10 
   550:   -6   -5    4   -1    1    0    3    8    4   16 
   560:   14    5   10   20   21   12    9    8   40   27 
   570:   24   15    6    3    8   21    7   -6    8   10 
   580:   20   10    8   10   20   -2    9   14   14  -10 
   590:   16   -6   -1   10    5    4   -6   -4   -4    6 
   600:    0    1    1    2    9   17   -1   15    8    0 
   610:    3    1   -3    7    1   16   -2    2   -6   16 
   620:   14    4   13  -13   -4   -4   12   36    5   -1 
   630:    5    0   -5  -16   -5   -6    1   -5  -10    0 
   640:  -13   -6   -6    0   -9   -8   -4   -2    4    3 
   650:    4   -4   -5    1    0    6  -12   16  -12   21 
   660:   -6   22    9    8    6    3    1    5   -6    9 
   670:   -8  -12   -4    0   -5   -1    0    2   -4   -1 
   680:   -2   -6    1   -5   -5   -3    1    0    3   -3 
   690:   -2   -6  -22   -9   -6  -29    6   -2    1   -4 
   700:  -12    5    1    2  -16  -16    4    1   -8   -6 
   710:    3   -6   -4   -9    2   -7    5   -3    1    0 
   720:    0   -6    2   -4   -2    0    8  -10    6    9 
   730:    7    0    5   -7    0   -4   28    9  -18   -1 
   740:    0   -9   -3   -7    1    6    7    3  -12   10 
   750:  -11   -2    1   -5    7    1   -1   -5   -9   -3 
   760:   -2   -6   -6   -5   -4  -23    2   15  -35    0 
   770:  -14   21  -17   -8    6    9    2   -2    0   -5 
   780:   14    2    3   -7   -5   20   -6    0   14   -2 
   790:    4  -10    2   -7   15    0    0   37   45   -5 
   800:   22  -68   64    9  -17  -12    9   33    1   13 
   810:   -6  -36    1    0    0    1   -6   -3    4   -3 
   820:   -1   -2  -46   10    4  -15   -6   -2   13   11 
   830:    5  -16   17   -1   72  -34   27  -78  -54   17 
   840:   -2   22    8    6   13   -9  -27  -18   30    7 
   850:    0   -2    5  -14    7   -1   -5  -21   24   48 
   860:   75   11   -7   -1    1   15  -33   -3    5  -18 
   870:   85  -38  -23   55   36   95   67  -18   10    8 
   880:    7   22   14   31   33   13   -1    0    1  -12 
   890:  -17   23  -11  -10   24  -33  -31   55   68 -102 
   900:   35   -8   26    1   30  -23  106   90   27   55 
   910:   23  -15  -40  -10   70   29   18   10   17    3 
   920:   35  -77  -32    1   -1    0    5   22   -4    5 
   930:   18  -39   34  -16   11   87  -10   77  -18  -11 
   940:   15   78   49   83   56  -13  -10  -26  -13  -29 
   950:    7  -23  -20   -9  -44   19   12  -34   -3   25 
   960:   -2    0    4   -7   35    7   17   -2   21  -26 
   970:    6   79   47   68   33  -59  -54  -24   16  120 
   980:    6  -10  -15  -10    2  -11   11   -2   24    4 
   990:   20   -1   12    1   -4  -11   -1    0    0    0 
  1000:    0   16   11   11    4   34   91   17   -2   35 
  1010:   44   26   -4  -29  -67   -4   23  -37   50   28 
  1020:  -19    4    6  -18   16  -12   -1   -3    8  -15 
  1030:  -15  -18  -50   -3   -1    0    0    0   -2    9 
  1040:  -29   28  -20   36   42   -3    1   62  -32    5 
  1050:   41   39   30   13   -6   -6   36   10   -7    2 
  1060:   -6   22  -11   24   10   -7    7  -33   36   37 
  1070:   14    1    0    0    0    0    0   -8    0  -32 
  1080:  -10  -32  -47   10   48   51   64   47   47   55 
  1090:   41   14   29   -2   -3   -1   -2    4   -6   30 
  1100:  -26   33   23   46  -14   32   36   -3    1    0 
  1110:    0    0    0    0    0    3   -5   16   -3    3 
  1120:   42   26    7    3  -31  -11  -33   37   17   10 
  1130:   23    8   -3   22  -43   33   43  -25   41  -34 
  1140:   57  -15  -16    6   -1    0    0    0    0    0 
  1150:    0    0    0    9   -5   10    7  -51   38   14 
  1160:   -3   20  -11    9  -20    9    5  -22   26  -18 
  1170:   11   25   21  -15   13  -17  -14   15   45   39 
  1180:   -7    2    0    0    0    0    0    0    3    9 
  1190:  -33   28   25   -7  -99  102   10   50  -67   31 
  1200:  -15   35  -26   18  -56   10  -13   -8   14    3 
  1210:    8    7  -33   -5  -18  -88    5   -2    0    0 
  1220:    0    0    0   -1    6   -2   48   16  -16   14 
  1230:   20  -57   20   -1  -18   21  -50   35  -28   39 
  1240:   55   18  -10  -27   36    6   -5   -7    3    2 
  1250:    0   11  -13    1    0    0    0    0   -2   -2 
  1260:    1   -7  -23  -26    2   -5   10  -32    6  -34 
  1270:   41   14  -17   26  -18  -10    0  -37   61   -9 
  1280:   16  -42   15    8    6   13    4   13   -2    3 
  1290:    2    0    0    0    0   13    6   -4    8   28 
  1300:   36  -15   37  -31    4  -21   10   -9    1   -6 
  1310:   32    0  -20   -3    6  -42   17  -10    5  -11 
  1320:  -37    3   -4  -18    0   -1   -1    0    0    0 
  1330:    0    0   -4  -14  -12  -22    5   -6  -17  -28 
  1340:  -17  -20  -13   14  -37   -1    5   -8    2  -12 
  1350:   17  -36    4  -55   14  -30  -20    8    2    3 
  1360:    5    2    2    2    2    2    2    2    2    5 
  1370:    6    2    3   -5   -1   -3   -1    6    1    0 
  1380:   -6    3   -4   -8   -2   -8   -6  -13    0  -13 
  1390:    3  -13   -4   -5  -11   -7   -9  -10   -9   -9 
  1400:   -9   -9   -8   -9   -8   -7 
