     0:    2    5    0    1    0    0   -3    2    3    4 
    10:    3    4    5    3    6    3    6    2    4    3 
    20:    3    1    1    1    1    0   -1   -2   -2   -5 
    30:   -4   -6   -8   -6   -7   -7   -8   -8   -7   -9 
    40:  -10  -11  -12    3  -10  -13  -13  -10  -10  -14 
    50:  -15  -15    0    0    0    0    0    0    1    0 
    60:    0    0    0    0    0   -1   -1    0   -1   -1 
    70:   -1    0    0    0    0   -1    0   -1   -1    0 
    80:   -1   -1   -1   -1    0   -1   -1   -1    0    0 
    90:   -1   -1   -1   -1    0   -2   -1    0   -1    0 
   100:    0    0    0    0    0    0    0    0    0    0 
   110:    0    0    0    0    0    0    0    4   -1   -1 
   120:    0    0    0    0   -1    1    2    0    0    0 
   130:    0    0    0    0    0    0    0    0    0    0 
   140:    0    0    0   -1    1    1    2   -3    2    0 
   150:    7    6   -1    0    0    0    0    0    0    0 
   160:    0    0    0    0    0    0    0    1    2   10 
   170:    8   -2    0    0   -1   -2   -2   -6   -8   -5 
   180:    4   -2    1   -1    0    1    0    0    0    0 
   190:    0    0    1    0    1    3   -2    7  -11    5 
   200:   -3    4  -10   -7    0    0    0    0    0    0 
   210:    0    0   -1    0    0    0    0    0    0   -3 
   220:  -13   -3   -4    1    0    6   -6   13   -2   24 
   230:    1   17    3    4  -15   10    7   -6   -1   -1 
   240:    1   -3    4    2   -9    0    0   -8   -3  -15 
   250:    1   -9    6   -6   -6   -2   -1    0    0    0 
   260:    0    0    0    0    0    0    0    0    0   -1 
   270:   14    4   -1   -5    1    5   -1  -11    5  -13 
   280:   30  -12   54  -14    0  -25   21  -13  -12   15 
   290:   11   21   -8    7  -11   -7  -18    1   -1    6 
   300:    2   -1   -2    0   -2   -2   -1   -5    0    0 
   310:    0    0    0    0    0    0    0    0    0    0 
   320:    0    1  -20   -1   15    6   -5    9   -9   12 
   330:    3   -2   -4  -17  -34   -6   -6    3   10    1 
   340:    4  -22   -7    3   -2   21   -2   19    6    9 
   350:    1    0   -4    1   -4   -1   13   -2    1    2 
   360:    1    0    0    0    2    0    0    0    0    0 
   370:    0    0    0    6   20   -4   -2    9    7    3 
   380:   10   22   10   15   10    4    4    3   -7   23 
   390:   15    8    2   20    5   -7   -3  -21  -19   -2 
   400:    0    1    5    1   -1    1    0    9    1   -2 
   410:    3    0    1    0    0    0    1    0    0    0 
   420:    0    0    0    0    0   -5    2   -4    9    9 
   430:   -7   -2   -6   -5   -5   13    1   -7   13  -14 
   440:   58    6   13    9   -2  -20    3   -8   -4    6 
   450:   -8   -4    0    2    0    7   -3    3   -1    1 
   460:    0   17   -2    0    1    0    0    0    0    0 
   470:    0    0    0    0    0    1    0   18   -4    5 
   480:   -4    1    3   -7    3   10    1    4   -4    8 
   490:   -8    3 -118   22   -3   -4    2    1   -1   22 
   500:   10    1    5    4   20   -2    8    0    4  -18 
   510:   -5   -3    0   -3    0    0    0    0    0    0 
   520:    0    0    0    0    0    0    0    0    1   -1 
   530:    0  -11    0    1    2   10   -9   -6   -6   -9 
   540:  -12  -14   25  -18   56  -25   -1   -2   -6    2 
   550:    9  -10  -12  -12    6  -11   -3    1  -10    0 
   560:   -5  -14    4   -2    0    0    0    0   -1    0 
   570:    0    0    0    0    0    0    0    0    0    1 
   580:  -11   -4  -15   16   -9   -1    0   -4    8  -19 
   590:  -17  -14   -4   14   -9    6    4    3    5   15 
   600:   22   -4   -2   -3   -3   11   -5    3   -6   -9 
   610:    9   -8    3    9    0    0    0    0    0    1 
   620:    1    0    0    0    0    0    0    0    0    0 
   630:    0   -2   22    7   -4  -10   -2   -9   -4    0 
   640:  -11   -2   -2   -4    2  -12   -8    3    2    8 
   650:   -8    4   -2    0    2  -17    4  -10    0    4 
   660:    5    4    5    8    0   -1    0    0    0    0 
   670:    0   -1    0    0    0    0    0    0    0    0 
   680:    0    0   -1    2  -17    0   -1  -18   -3   -7 
   690:   -9    7   -2    3    7    2    4   13   20   -8 
   700:    4    2    3   -3   -6    9   14    9   -5    7 
   710:    2    0    2    3   -6    0   -2    0    0    0 
   720:    0    0    0    2    1    0    0    0    0    0 
   730:    0    0    0    0    1   -2   18    2    1    9 
   740:   -1    0    9   -3   11    0   -1    2   -5  -10 
   750:   -1   15   -8    3   -8   -2    8    1   -1    1 
   760:    1   -3    8   -3   -7    5    6    3    2    0 
   770:    0    0    0    0    0    0    1    0   -2    0 
   780:    0    0    0    0    0    0    0    0   -4   -8 
   790:   11  -15    7    2   -5   -6  -12  -19   -1    0 
   800:   -1    9   -5   -7   -3   -7   -2   -7   -4   -5 
   810:   -1    3   -8  -11    4   -8   -8    3   -7  -16 
   820:    0    0    0    0    0    0    0    0    0    0 
   830:    0    0    0    0    0    0    0    0    0    0 
   840:   -4  -13   -4    1   11    2    1  -10    1    1 
   850:    9   -8    5    8  -11    3    0  -10    5   -4 
   860:    9  -12    8   -4    7    6   -6   -1   -2    2 
   870:   -1    0   -7    1    0    0    0    0    0    0 
   880:    0    0    0    0    0    0    0    0    0    0 
   890:    0    0    6    7   16   16   -2    4   -5    6 
   900:  -15   10   -1   21    2   -3    6   -2   -5   14 
   910:   20    1   -7    5    0    7   -6    0   -8    4 
   920:    5   -4    3  -13   -4    0    0    0    0    0 
   930:    0    1    0    0    0    0    0    0    0    0 
   940:    0    0    0    0   -5   -9    5   12   -8   11 
   950:   -6    5    3   -2    1  -14  -11   -1    0   -1 
   960:   -8    0  -32    0    0    0    4  -13   13    3 
   970:   18  -12    9    7  -19    2   -6    0    0    0 
   980:    0    0    0    0    0    0    0    0    0    0 
   990:    0    0    0    0    0   -1    3  -18   13   -8 
  1000:    2   -6   12  -19  -12   10  -15    8    0   -3 
  1010:    6   15   11  -16    4  -27    6   10   -6   -4 
  1020:   -5  -22   -9    0    1  -15    9   -2    2   -1 
  1030:    0    0    0    0    0    0    0    0    0    0 
  1040:    0    0    0    0    0    0    0    0   -4   -4 
  1050:  -10    1  -20  -14   -6    8    0    5   -5   -3 
  1060:    3  -17   20   14    1   -4  -50   26   -3   15 
  1070:  -12    5    1   29   19   -4   -4    6  -12   10 
  1080:   -5    1    0    0    0    0    0    1    1    0 
  1090:    0    0    0    0    0    0    0    0    0    0 
  1100:    2   -5  -29  -21   16   11  -18  -23    6   -2 
  1110:   16  -25   24   10  -29  -43  -72   32  -30  -82 
  1120:   -1  -29    6   18    0   15   -7    7    1  -12 
  1130:   13   -6   16   -2    0    0    0    0    0    0 
  1140:    0    0    0    0    0    0    0    0    0    0 
  1150:    0    0   -1  -13  -29   47    8  -27   40  -17 
  1160:   13   -8  -27   36  -40   -1  -18   40   55  -90 
  1170:   30   94  -13   -1  -32  -10   10  -22   -8    5 
  1180:    1   -2  -19   17   -9    1    0    0    0    0 
  1190:    0   -2   -1    0    0    0    0    0    0    0 
  1200:    0    0    0    0    1  -14    3   -8  -32  -22 
  1210:  -31    9  -18  -41   41  -26   57   -1   15  -56 
  1220:   -9   93  -25  -59   16   -9   22   -7   -9   -7 
  1230:   20  -17   -2   -1   36  -37    3   -1    0    0 
  1240:    0    0    0    0    0    0    0    0    0    0 
  1250:    0    0    0    0    0    0    2   -3   27  -19 
  1260:   17  -15   -2  -28  -22   99   61   -4  -46   30 
  1270:   12   36  -17  -80   47   75  -28   42   -6  -26 
  1280:   -5   -2  -15   19   17  -14   -7   12    0    1 
  1290:    0    0    0    0    0   -1   -1    0    0    0 
  1300:    0    0    0    0    0    0    0    0   -3   16 
  1310:  -58   -8   -2   33   -7   39   84   -5   -2   13 
  1320:   30  -63   19    7   46   59  -31  -86   33   10 
  1330:   -3   24    2  -12   19   -4   -3   17  -12  -20 
  1340:    4   -1    0    0    0    0    0    0    1    0 
  1350:    0    0    0    0    0    0    0    0    0    0 
  1360:    0   -6    9  -39  -32  -30   -3   24   -3   37 
  1370:   -2   17   20    4  -25  -36  -11   18   43   31 
  1380:  -23   -5   12   30  -29   22   17  -17   16    5 
  1390:   30    5    0    0    0    0    0    0    0    0 
  1400:    0    0    0    0    0    0    0    0    0    0 
  1410:    0    0    1    3   58   98   66   -8    2   -3 
  1420:  -19    1    3   20   25  -23   38   -9   -7  -12 
  1430:   14   -6    2  -17  -25  -25   14   27  -34   22 
  1440:    0   13  -30    3    0    0    0    0    0    0 
  1450:    0    0    0    0    0    0    0    0    0    0 
  1460:    0    0    0    0    0   -2  -21  -75  -24  -20 
  1470:   54   54   14  -28  -55  -27   10   14  -25   15 
  1480:    2    4  -11    4  -21   19   33  -39   28  -39 
  1490:   15  -12   -9  -26   12   -8    1    0    0    0 
  1500:    0    0    0    0   -1    0    0    0    0    0 
  1510:    0    0    0    0    0    0    2   -4   53   38 
  1520:   42   47  -20    0    2  -33   19   45  -40   41 
  1530:   21  -51  -11   18   22   -2    4   -3  -18   24 
  1540:  -16   20  -13   31  -12   30   21    0    1    0 
  1550:    0    0    0    0    0    1    0    0    0    0 
  1560:    0    0    0    0    0    0    0    0    0    1 
  1570:  -24  -18  -11  -71  -34  -10  -44   45   11   41 
  1580:   41  -58   21   33   -5  -50   40   35  -42  -16 
  1590:   36  -15    4    3    6  -15    5  -10   -2    0 
  1600:    0    0    0    0    0    0    0    1    0    0 
  1610:    0    0    0    0    0    0    0    0    0    0 
  1620:    0    1   11   39   -7   21    7  -12   48  -16 
  1630:   -1  -61  -12   17   -5   15   13   49  -54    1 
  1640:   35   -7  -16   41  -21    2   27   24   12   18 
  1650:    0    1    0    0    0    0    0    0    0   -1 
  1660:    0    0    0    0    0    0    0    0    0    0 
  1670:    0    0    1   -1   17    5  -12  -35   37   20 
  1680:  -33   14    0   46    9   10   20   18   20  -29 
  1690:   28    9   32  -54    4  -30   59   -3  -42   -9 
  1700:   -3   11   -3    0    0    0    0    0    0    0 
  1710:    0   -1    0    0    0    0    0    0    0    0 
  1720:    0    0    0    0    1   -2    7  -51   21    9 
  1730:   -8   13    5  -47    4    1   -3    3   -2   -2 
  1740:   -1   -4   22  -17  -26   48   28   30  -75   21 
  1750:   22   12  -28  -14    8   -1    0    0    0    0 
  1760:    0    0    0    0    0    0    0    0    0    0 
  1770:    0    0    1    0    0    0    0    8   18   72 
  1780:   -4   18   13   42   13   52   20   -4   -1    2 
  1790:    2    4  -15   -5  -52  -43    4  -73  -52  -23 
  1800:   43   -4  -79  -14   46    8   -5    0    0    0 
  1810:    0    0    0    0    0    2    2    0    0    0 
  1820:    0    0    0    0   -1    1    0    0   -1  -10 
  1830:  -45  -38  -15  -11    4   -7   -8  -53  -41   25 
  1840:  -49  -22   25  -30  -20   30   10   14    3   12 
  1850:   21   12  -21   22   70   16  -40   10   -2    0 
  1860:    0    0    0    0    0    0    0    0    0    0 
  1870:    0    0    0    0    0    0    0    0   -1    0 
  1880:   -1    3  -15   28   52   30   49   -4   22   53 
  1890:   30  -13   64   -1   17  -15   35  -11   28  -41 
  1900:  -22  -11    9  -12   28  -44  -28  -37   26    0 
  1910:    1    0    0    0    0    0    0    0    0    0 
  1920:    1    0    0    0    0    0    0    0    0    0 
  1930:    0    0    2  -15   12   15    8  -36  -44  -53 
  1940:  -27   -4  -38    7  -38   13  -27   18   -4   54 
  1950:  -28   34   19   -9  -64   63  -29   -8   43   43 
  1960:  -61  -19    0    0    0    0    0    0    0    0 
  1970:    0   -1   -1    0    0    0    0    0    0    0 
  1980:    0    0    0    0    3   -7   -6   -4  -47   -9 
  1990:  -22   33    2    7   50   40  -33    2    1   18 
  2000:   -8   25   -4   11  -31   33   81  -32   38  -10 
  2010:  -71  -29   34   35   -2    1    0    0    0    0 
  2020:    0    0    0    0    0    0    0    0    0    0 
  2030:    0    0    0    0    0    0    1   -3   20   -8 
  2040:   15  -10   15    9  -20  -54  -68    3   54  -19 
  2050:  -13   14   17  -49   22   11   13  -55  -31   22 
  2060:   -2   21   68   61  -36  -19    1   -1    0    0 
  2070:    0    0    0    0    0    2    2    0    0    0 
  2080:    0    0    0    0    0    0    0    2  -12   27 
  2090:  -21   -1    1  -22  -42  -54   36   50   63   10 
  2100:   26   62  -21  -31   20  -11  -17   -5   -6   12 
  2110:   10  -60  -18  -30  -48  -81   -3    5   -3    0 
  2120:    0    0    0    0    0    0    0   -2    0    0 
  2130:    0    0    0    0    0    0    0    0    0   -3 
  2140:    4   11   18   -4  -37  -27   44   82   50  -31 
  2150:  -11  -24  -61  -45   17   29  -39   39  -20   23 
  2160:   -8  -15  -28   26   17    6   -7   47   -7   15 
  2170:    5    0    0    0    0    0    0    0    0   -1 
  2180:    0    0    0    0    0    0    0    0    1    1 
  2190:    2    5    3   -7  -26   32    3   44  -37  -59 
  2200:  -53  -61  -60  -10   61   21  -45   15   27  -59 
  2210:   49  -36   18   12    1   21   15    2   -1   15 
  2220:   18  -10  -17    1    0    0    0    0    0    0 
  2230:   -1    0    0    0    0    0    0   -4   -3    0 
  2240:   -7   -6   -5  -13   -2    5  -27   12   26  -43 
  2250:  -17  -40  -15   86   74   75  -24    9   13  -42 
  2260:    0   46  -30   21   -6   -5   -1  -20   33  -17 
  2270:   14  -57  -40   -4  -10    1   -1    0    0    0 
  2280:    0    0    0    2    0    2    0   -1    5   -2 
  2290:   -2   -1   -3  -16  -13   -1   -9   19   25    3 
  2300:  -34   26    3   26  -13  -64  -21  -55  -42   -8 
  2310:   20   19   -8  -14   17    2   23    7    1   20 
  2320:  -11   44   17   36   22   65   34    2   -1    0 
  2330:    0    1    0    1    1    0    0   -7   -7    1 
  2340:  -27   14   24    8   11   22   12    6  -11   13 
  2350:   -3    8   27   13   20    3    8   27   22   22 
  2360:   16   19   28   27   17   -3    7   42  -19   34 
  2370:    9  -28  -11  -21  -27   -3  -27  -31   -1   19 
  2380:    8   -7   -9  -10   -2   -9   -6  -10   -7    5 
  2390:   15    0  -14  -16  -28  -18  -21  -28   -1  -23 
  2400:   -2  -17  -21  -23   -6  -17   -8  -16  -28  -12 
  2410:  -19  -19  -22  -21  -35  -35  -32  -16   12    7 
  2420:   11    8   -7  -13  -14   -7  -12  -10  -11  -16 
  2430:    4   -4    9   18   24    7    6   -9  -10  -20 
  2440:    4   -1    0   16   -9   -7  -26    5  -29    7 
  2450:  -11  -14  -41  -14  -31   23  -36  -20 -112  -82 
  2460:  -14    3  -24  -36  -36  -20  -28  -25  -25  -20 
  2470:  -11  -23   -9  -10  -11   53   29   11    9   -3 
  2480:    2   16 -102 -132 -125 -104 -103  -21   28   59 
  2490:   74   81    9    9  -76  -59 
