     0:    0    0    0    0    0    0    0    0    0    4 
    10:    3    1    3    5    0    0    0    0    0    0 
    20:    0    0    0    0    0    0    0    0    0    0 
    30:    0    0    4    6    0    0    0    0    0    0 
    40:    0    0    0    0    1   11   -1   20   16   -3 
    50:  -13   -8   -2    0    0    0    0    0    0    0 
    60:    0    0    0    0    0    0    0    0    0   -1 
    70:    0    0    0    0    0    0    0    0    0    0 
    80:    0    2    0  -13    0   -9   -9    0   10    5 
    90:    4   -3    0    1    0    0    0    0    0    0 
   100:    0    0    1   -1   -5   -2    0    0    0    0 
   110:    0    0    0    0    0    0    0   -1   -2    0 
   120:   13    5    0  -11    2   -1    5    1   -2    5 
   130:    3    3    0    1   -1    0    0    3    2    0 
   140:   -5   10   15   -1    0    0    0    0    0    0 
   150:    0    0   -2   -7    7    1    4    2    1   -9 
   160:   -8  -11  -14   -4   -3    2   -5    0    6   -1 
   170:    4    8    3   -1   13   12    8  -13  -12   -6 
   180:   -5    0    0    0    0    0    0    0   -2    0 
   190:    4    2   -7    0   -6    4   -6   -2    1   -7 
   200:    2    3   -7   -5   -1   -7   -3    6    8    2 
   210:    1   11    1    5    1   -2   -8   -4    0    0 
   220:    0    0    0    0    0   -1    2    7    3  -11 
   230:   -4    3   -6   -9   -2    3    3    3    8    1 
   240:   -1   -7   -1   -4    2   -3   -8   -7    3    0 
   250:   11    7    5    8  -12   -6    0    0    0    0 
   260:    0   -2    2    7   -1   -4   -3    0   -2    6 
   270:    4   -1    8   -6   -8    6    0    1    3    2 
   280:    7   -1   -3    0   -2    0    3    8   16    1 
   290:   -3  -12  -18    0    0    0    0    1    0   -5 
   300:    2    7   -3  -11   -6    9   15    0   -2    3 
   310:   12    3   -3   -1    3   -5    0    5    1    0 
   320:    3   -8   -6   -5    5   13    8   12   17   -7 
   330:   -1    0    0    0   -3   -5    6  -10    7   -7 
   340:  -17   17   16   -1   -1   -3    7   -1   13   13 
   350:    0    2    0    1    5    4   -1   -5   -3    3 
   360:   -1   13    4   -9   -9   -2  -12   -3    0    0 
   370:    0    5    2   -6    5    9    4    1  -32    4 
   380:   -3    0    1    5    0    1    4   10   -3   -4 
   390:    1   -2    5    4   -2   -2    1    2   -4    2 
   400:    5   -8   -5   -1    0    0    0    1  -15   -6 
   410:    5  -10    3   -3  -17    1    2   -2    6   -1 
   420:   -5   -6   -5   -1    8    0    9    3    2    4 
   430:   10    6   -1  -13   -6    9  -15   10   -8  -11 
   440:    2   -3    1    0    1   11    2   -6    3   16 
   450:   -4   -3   16   -4    1    0    2    9   -6   -7 
   460:  -10   -1  -26    0    4    2  -13   -2    4   -8 
   470:  -13    2   11   -1  -14    5   12   11    4    1 
   480:    0    1   -1    7   -3   -4   12    3  -42  -34 
   490:    9  -13    7    1   -9    6  -12   -6   18   16 
   500:   10   -4    5    2   -1   -6   -3   11    7    5 
   510:    4   17    3   19   12   11    3   -1   -4   -6 
   520:   -6    1    6  -11  -13   37   25    0   21   11 
   530:  -23   11   22    1   11    9   -4   -8    8    2 
   540:   -6   -2   -9    0    7    3    7    5  -10    0 
   550:   -2    2    4    5   -1   -2   -5    0   -4  -11 
   560:   21   21   -8  -27   -7  -45  -30  -43  -22  -15 
   570:    7   -1  -11  -15    6   10    4   -5   -3    6 
   580:   -8    1    5   -2   -6  -10  -16    2  -15    2 
   590:    0    1   -3   -2    4    7    3   -3   14   21 
   600:  -25   22   17    0  -27    2   -2   -6    4    1 
   610:   19    3   -3    7   -1    1   -3    1   -6    1 
   620:    6    0    4    1  -11    1   11    7    0   12 
   630:   14   -7   -6   -6   10    0  -10   30   15   -8 
   640:  -10   14   24   -3    0    0   -1   -7   -8    2 
   650:    6    1    7    8   -6   -9  -11   -3    0    4 
   660:   -2    5   -6   -1   11    1   -5   -3    5   -2 
   670:  -13   -4  -12  -54   60   66    3    9   12   -6 
   680:   -8    3    5    3    3   -4    3   -1    8    8 
   690:   -3   -2  -10  -17   13   14   -5  -13    0   -7 
   700:   -1    0    0   -8  -14   -8   -8    7    4  -12 
   710:  -19   -5  -14   27   32    2   -1   10   -5   -7 
   720:    2    6   -4  -12    8    3    3   -5    3   13 
   730:    4    3   -9   -6   -3  -17   -7    0    1    1 
   740:   -1   -4    0   -5   -5    8   -3   13   32   10 
   750:    0   -9  -26   -1   -3   -4    1    5    9    8 
   760:    8  -11   -9   -1    5   13    7    6   -3   -8 
   770:    6   -6   -2    0   -9   -2    1   -5    4    3 
   780:    2    0    3   -4    0   17    3    7   13    6 
   790:   -3   15    9    1   -7   -7   -8   -3   -5   -6 
   800:    1    1   -7    0   -1   -8    2    5  -11    0 
   810:    7   -3   -1    0   -3   -1    0   -1   -9  -15 
   820:   -1    3   11    9   -5    2   -6   -6   -4   -1 
   830:   -4    1   -2   16    0    4    5    0   -1    3 
   840:    5   -2   14    7   -4    3    3    1   12    0 
   850:    0   -3  -10    5    1    4    0   -3  -11   -2 
   860:  -16    8    9   -4    7    9    3    1    2    0 
   870:    4    1  -14   -4   -3   -6  -11   -1   -2   -8 
   880:   -2   15   11   20    7    4    0    0   -3   -3 
   890:    0    4   12    1   -5    5    4    3   12    9 
   900:   -9   -6   -3   -5   -2   15    2   -5    4   -3 
   910:   14    5   -3    2   17   -5  -10   -5    2    1 
   920:   -2    1    7   -1    0    1   -5    1    4   10 
   930:    8    8   -3    4   -9  -16   -1   -7  -19   17 
   940:    4   -1   -9    0    9    9   -3    2    3    2 
   950:   20   34   -2  -10   14   -7    1    2   17    2 
   960:    0    0   -1   17    9    3  -16  -24   -5   10 
   970:    3   16   14    8  -10    6   -9    7   -9    7 
   980:    4    7    9   21   -7   -9   -7    7   10   12 
   990:    6   -8   13  -16  -14  -14   -1    0    0    0 
  1000:   -1   -8  -12    2    6   16    9   -1  -13    9 
  1010:   -1    7    5    1  -12   -4   12   10    0   -7 
  1020:    5  -16   10   12    7    5   11  -16    1   -8 
  1030:   -4   22   12    1    0    0    0    1  -10  -11 
  1040:    5   -8   -6    2    4   11   20   17   -3  -12 
  1050:  -17  -20  -10   19  -18  -13    6   11    2  -17 
  1060:   10    6  -13   -7   -2   -9    8   -1   15    1 
  1070:    0    0    0    0    0    0    1    3    3   -8 
  1080:  -17   -6    0   -5   -5   13   21   12   17   -2 
  1090:   18   21    9  -19   -9    3   -3    5    2   10 
  1100:   24   11   14  -14  -14  -11    3    0    0    0 
  1110:    0    0    0    0    0    0   11    6    8  -26 
  1120:  -34   32   22   16   33   19  -24   -7    6    3 
  1130:   -2    0    7    2  -10   -1   16   12   -3  -18 
  1140:  -12   -3    4    0    0    0    0    0    0    0 
  1150:    0   -1   -2    2   -5    5    3   14   -3   13 
  1160:   15   -3   15   11   -8   -8  -21  -30   -5  -17 
  1170:   -8   10   14    0  -16  -13  -15    2  -10   -4 
  1180:    1    0    0    0    0    0    0    0    6   11 
  1190:   17   15    7  -22   -5    1   -2   -4    1    9 
  1200:   -5  -11    4   15    8   -2    2    5    3    0 
  1210:    0    0  -23  -28   -7  -12   -4    0    0    0 
  1220:    0    0    0    0    1  -10   -3   -5   11    2 
  1230:   -5    7  -10    0   10  -15   11   14    0  -15 
  1240:    0  -12    4  -19  -19  -12    4   -8   18   11 
  1250:    8  -16    2    2    0    0    0    0    0    0 
  1260:   -1    2    7   10    2   -1   -8  -26   -4    1 
  1270:    3  -10  -14   -7    3   -4   11   17   17   -2 
  1280:  -13   -6   -6    0   -1   17   11   -3   -1    2 
  1290:    0    0    0    0    0    0    3    1    5   15 
  1300:   -8  -17    6   14  -19   -8    4    0   -4  -18 
  1310:   12   36   -3   -1   11   -5    0  -13   -7    0 
  1320:    0   -2    3   -1    0    0    0    0    0    0 
  1330:    0    0    0   -3    9   11   10   -1   -9  -16 
  1340:   14   17   10    8    1   -3  -15   -8    5   -2 
  1350:    7    4    4    5    5    6  -11   -3   -2    2 
  1360:    0    0    0    0    0    0    0    0    0    5 
  1370:   -2    4    2   -8   -6    4    3    1    1    0 
  1380:    0   -2    3   -3   -3    0    1    1    1   -4 
  1390:    3    0    2    4    1    0    0    0    0    0 
  1400:    0    0    0    0    0    0 
