     0:    0    0    0    0    0    0    0    0    8   -3 
    10:   -2    7    7  -10   -7    0   -1    0    1    0 
    20:    0    0    0    0    0    0    0    0    0    0 
    30:    0    0    1    2    2    0    0    0    0    0 
    40:    0    0    0   -1   -9   -2    2  -23   24  -12 
    50:    0   -5    2   -6   13   -7    0   -2    0    0 
    60:    0    0    0    0    1    0    0   -1    4    0 
    70:    0    0    0    0    0    0    0    0    0    2 
    80:    4   14   -9   -3  -19  -44   -6  -15   -9    6 
    90:    1  -10   13   14    7   -2    2    3    0    1 
   100:   -1   -7   -6    3   -3  -11    0    0    0    0 
   110:    0    0    0    0    0    2   -2    7   13   30 
   120:   33   32   33   11  -14    2  -22   12    8  -24 
   130:    5  -21   18    4   -9  -12  -14   -9    4    7 
   140:   -6    7    3   -1    0    0    0    0    0    0 
   150:    0   -1   -1   16   17   16  -10  -17   10   19 
   160:   33   25   -4    7   -1   -3    2  -37   18    2 
   170:  -31  -15   -2    2   17    6    1    4    2    4 
   180:    3    1    0    0    0    0    0    0    5    1 
   190:  -14    2   -3   -2   11   13    1  -13   -9   25 
   200:   31  -13    0    6    0   21  -13   -8   -5   -1 
   210:   -3   -9    0    7    9   -1    1   10   -4    0 
   220:    0    0    0    0    0    6   -2    1    3   -5 
   230:    3   -6  -19  -26  -20  -13  -29   -2   13   -4 
   240:  -30   12    5   -6   -8    2    3   -4   -1    0 
   250:    4    1    3   -3  -14   -7    0    0    0    0 
   260:    0    2    4   -4   -5    5    2    1   -2  -12 
   270:   11   20    9    3   -8   -2   13   12   28    6 
   280:    3   -3   -8   -1    1    0    1   -7  -11  -19 
   290:   -8    9    4    2    0    0    0   -2    2   -1 
   300:   -6    2   -4  -20    1   -7    1   13   -1   -8 
   310:    1   13   -1    9   24  -20    0    1   -9   -3 
   320:  -11    5   13   18    0    3    0  -13  -13   -9 
   330:   -7    1    0    0    2    0    7    1    1    6 
   340:   14   -2    1   16    2   -2    9    0  -30    2 
   350:  -11  -16   -4    6    2    0   -3   -2   -1    2 
   360:   -3   -6  -14    1   -8    6   -6    6    0    0 
   370:   -1    4    5   -7    5    2    1    3   -1   -4 
   380:    0   -5   -2   -2    4   21   18   -2    0   -2 
   390:    1    5    0    0    8    5   -1   -2  -15   -7 
   400:   12    6    4   -1   -2    2    0    1    0   -4 
   410:    4    0   -1    3   -5   -1    1    4    4   -1 
   420:    0    2   -7  -10  -12    0    5    3   -3    4 
   430:   -1   -4   -6   -6   -3    8   11   -4   -8    9 
   440:    0    3   -2    0    0   -5    0    3   -1    1 
   450:   -2    0    1   -7   -3    1    2   -2    2   -1 
   460:   -4    3   -2    2    5    2  -12  -13   -6    3 
   470:    9   -4  -10    0   -5   -8   -8   -6  -10    3 
   480:    0    0   -6    3   -2    2    2    0    0   -3 
   490:    0    1   -3   -1    3    4   -5    5    0    7 
   500:    3    0   -4    1  -10  -24    2    9   -4   -6 
   510:   -6    8    5    3   -4    1   -3    0    0   -4 
   520:   -2   -1    3    2   -2   -3    9   -9   -4    5 
   530:    1   -7   -3    0    2    0    1   -2   10   13 
   540:   22    5   19   18   -3    8   13    5    4    2 
   550:    5    1    4    9   -1    1    1    0   -3    4 
   560:    4    6   -2   -6   -5   -3    0    1    1    8 
   570:   -2   -2   -1  -12    0   -1  -10  -19   12   19 
   580:   -7  -11    1   -6  -12   -5  -13    4   20    8 
   590:  -11    1   -5  -11    0    7    8   -2   -2    3 
   600:   -3    2   -3   -2    5    0    6    3   -1   -2 
   610:    3    7   10    7    0    0  -32  -29  -19  -19 
   620:   -5   -8   -8   -7    7    7  -10    7   -1    5 
   630:    8    2    2   -1    0   -8    1   -2   -5   -1 
   640:    1   -1   -4   -5    0   -2   -5    1    5   11 
   650:   14   23  -10  -11   26  -13  -13  -12    4   -1 
   660:   -6  -21  -12  -16   -3    1   -1   -4   -3   -1 
   670:    0    1    0   -2   -4   -2   -3   -2   -1   -2 
   680:    6    1   -1    0   -2   -2  -23   -4   10  -18 
   690:    8   -1  -26    7   20    3    3   -2    8   17 
   700:   -9   -8    1   -4    2   -4    0    1    2    0 
   710:    4    0    5    7    2   -1    2   -2   -5   -7 
   720:    7   15  -13  -12   15   19  -25   17  -34   24 
   730:   27   -8   19   18   25   17  -20  -18    6    0 
   740:    1   -4    3    0    2    0   -3   -4   -3    6 
   750:    3   -3    0    1   15   13    1  -15  -26    0 
   760:   26   15  -40   33  -37    7   11  -34   19   13 
   770:  -14  -32  -19    1   26   -2    0   -2   -1    3 
   780:    0  -11   -9   -6  -13   -9  -14   -3   -2    0 
   790:   -3   -6   -8   -3   -3   12   11    6  -32   21 
   800:  -10   10    1    2   -3    8   -3  -10   24   15 
   810:    7    7   -5    1    1   -4   -8    9   36    6 
   820:   23   13   28    7    2    4   -1   -1  -13    9 
   830:   23    9    1    7   -7   27  -13   -6    3    2 
   840:   -8   -1   -2   -6    7   -4   -3    0   -3    2 
   850:    0    2    4   -3   -9  -20   10   -7  -14    6 
   860:  -12   -4   -7    2   -4   -9  -20  -26    5   -9 
   870:   -8    3   -6    9    7   -5   -2   -3  -11   -8 
   880:    0   12   -7    7   -1    9   -1    0   -1    6 
   890:   -3  -11   -1   -5   23    6    2    7   -9   -5 
   900:   15   11    9   31   19   -1    2   -6   -2    9 
   910:    0   -1   -3   -4    7    5    2   -7    0    4 
   920:   -7   14   -3    0    0    1  -14   23   -2    0 
   930:   -6    6    6   -2   -3   -6    4  -18   -1    8 
   940:   -8   -3    1  -15   -2    3    2    7   17   -3 
   950:    0   -8   -3    2   -1    2    9   13    9    0 
   960:    0    0    0   -3    0   27  -11   -1   10    1 
   970:   -2   16   -2    1  -21   21  -13   -9    8   -8 
   980:   11    5   15   -9   11   -3  -14   -3    1    0 
   990:   10   13   -2  -11  -12  -10    0    0    0    0 
  1000:    0  -14   -8   31   -4   12  -26   10   -5   10 
  1010:    1   11  -16    3   -3   -9   13    5   -7    7 
  1020:   10  -22    0   10    3   -4    2   -5   -5   10 
  1030:    6  -11    7    1    0    0    0    0    2   -3 
  1040:  -27    9   -2   10    0   13    1    1   -2    5 
  1050:   -4    0   13    7    8    7   -5   -2    6   -4 
  1060:    8    4    1   -2    3   -2   -2    3   -3   -7 
  1070:    0    0    0    0    0    0    0    4   -1   -7 
  1080:   -2   -6    1    1  -15   -2   -1    2  -12   -1 
  1090:  -25    3   -2    0   -1    2    2   -6   -3   -4 
  1100:   13   -6   17   -1   -6   -1    4    0    0    0 
  1110:    0    0    0    0    0   -2    1   -1   16    2 
  1120:  -12    0   15    3  -21   14  -15    0    9   11 
  1130:    6    1    3   -5    7    3   -9   -9   19   -3 
  1140:    7    6   -8    0    0    0    0    0    0    0 
  1150:    0   -1    8    9   -4   -1   -8   -8   -6  -13 
  1160:   -3   38    6   20   16    6    1   -8   -5    3 
  1170:   16  -12    7   13  -19   -3    3    3   -2    0 
  1180:   -1    0    0    0    0    0    0   -1   -4    3 
  1190:  -28    8  -13    8    7   12   -5   -3  -11    7 
  1200:  -16    1   -7   34    3   -8    8   -4   15  -28 
  1210:    8   20    2   -8   -3   -5    0    0    0    0 
  1220:    0    0    1   -4    2   -2  -28   11    7   -3 
  1230:  -14   -6    9   -6   -5   38  -13   23   -5    6 
  1240:  -14   16   20  -32  -25    8    7  -18  -10    2 
  1250:    2    0    5    0    0    0    0    0   -2   -2 
  1260:   14    0    9   -5    1   -2    1    4  -24  -19 
  1270:    1   19  -12    0    1  -13   10  -16    0  -13 
  1280:   25    7  -18   18    8    1   -6    0    0    0 
  1290:    0    0    0    0    0   -1   -4  -12    8   -1 
  1300:   17   -5    1   18    6   10    5   -1  -19  -11 
  1310:   13  -13    6  -18    4   -5   -1  -18   12   10 
  1320:   -3    4   -4   -3    0    0    0    0    0    0 
  1330:    0    0    0   -1    1  -12   -3   -1   -4   -6 
  1340:  -12    4    4   -7    8    5   -7   -3   10   12 
  1350:   -3    6    2   -6   -4  -12   -6   -3   -2    0 
  1360:    0    0    0    0    0    0    0    0    0 
