     0:    0    0    0    0    0    0    0    0    4   15 
    10:   -3   16   -6  -13   17    0   -1    0   -1    0 
    20:    0    0    0    0    0    0    0    0    0    0 
    30:    0   -1   -1    2   -2    0    0    0    0    0 
    40:    0    0    0    1    0    1    0    0   -4   10 
    50:    0   -4   -2    5    1    1    1    0    0    0 
    60:    0    0    0    0    1    0    0    0    1    0 
    70:    0    0    0    0    0    0    0    0    0    0 
    80:   -1   -8    5   -1   -3  -10    3    6   10    0 
    90:  -11   -6   -7   -8    2    0    0    0    0    0 
   100:    1   -2   -1    3    1    0   -1    0    0    0 
   110:    0    0    0    0    0   -1   -4   18    2   -9 
   120:   -9    1    7   -5    6  -12   -7   -1   -3    9 
   130:   -1   -8    0   -1    0   -1   -2   -5   10   -1 
   140:   10   -9    7    0    0    0    0    0    0    0 
   150:    0    0   14   -2  -20   15   15   11    5   -3 
   160:  -13  -10   -4    8    0   -5   -6    4    5   -8 
   170:    7    6    9    8   -1   10  -16   10   17   -2 
   180:   -8    1    0    0    0    0    0    0   -2   -8 
   190:   -5    1    9   -7   -5  -13    3  -10   10   -6 
   200:  -19    3    0    4    1   -3    6    5    8   24 
   210:   27   -1   -3  -19  -20  -21  -14    8   -5    0 
   220:    0    0    0    0   -2   17    1    2   20  -16 
   230:   20   11   -1   -1   -1   -1   -6   -4    4    1 
   240:   -7   -5    2    2   -8    8   13   22   12   25 
   250:   -8   24   -4   10  -27   12   -2    0    0    0 
   260:    0    2  -13    6   -8   -3   16  -13   14  -14 
   270:  -13   -3    4   -3  -10    7   -4    0   -1    4 
   280:   13  -14   -3   20   27   12   13   28    3    2 
   290:  -18   -6    2   -1    0    0    0   -1    6    1 
   300:  -14    6   -6  -16   -7   -9    2    8    7   -3 
   310:   -5    4  -12   -7    8  -11   -2   10    0  -38 
   320:  -24  -13  -10   -1    9   -8    4   18    2  -14 
   330:    2    0    0    0    0   -4    5   -8   14  -12 
   340:   18  -16   21   -6  -12    8    0  -11   14   -5 
   350:    3    2   -3  -12    8   30    9   -3   11   14 
   360:   -4   -5    0   -4   -3    0   -4   -1    0    0 
   370:   -1    0    4   16   -6   -7   -2    1    2   -3 
   380:   -2  -10    2   10    4   13   -3   10   19   22 
   390:   -9  -33  -38  -14  -13  -11   -1    8    7   -4 
   400:   -8   -9   -1   -7  -18    3   -1   -1    3  -14 
   410:    1  -10    9   -6   -6  -11   -2    1   -1    2 
   420:   -4    3   -8  -11  -11    1    3    4   25   33 
   430:   28   26   28   -3   -1  -16   26   -3    4   14 
   440:    4  -17   -2   -1    1   -1   24   -6    9  -10 
   450:   -6    7   -6   10   11   -2    6    5    3   -5 
   460:    9   10  -11    4   17  -25  -26  -21  -29    3 
   470:  -25  -20   20   -2  -18   -6  -13   -6   -3    1 
   480:    0    2    6   16   19   -1   -1    2   -2   -6 
   490:   -9   -2   -4    0  -17   -4   -6   28   27   13 
   500:   -2  -17   17   -3  -17  -10   -6   21   16    0 
   510:   -3    0    0   -4  -11   19    2    0   -1   -2 
   520:  -11  -14    3    3   -4    4    2    7    4   -2 
   530:   -6   -6    7    4    4   -5   11    4   17  -26 
   540:   -3  -13   -6   13  -13  -17   -5    7    6    1 
   550:   15    7    4    2   -1    6   16    5    3    5 
   560:  -13    2   -4   -3    9   -1   11   -5  -10   -6 
   570:  -14    5    0  -11  -10  -26   -5   -3   17    4 
   580:  -15    9  -11  -11    1   -7  -14  -23   10    1 
   590:    2    0  -11    6    5  -11   11   15   -1    1 
   600:    0   -3    8   -8    4   -8    2    7  -13    7 
   610:   -9    6   -2    2   20    5   11   10    9    1 
   620:   15  -10   -7  -15   18    3    0  -11    4    2 
   630:  -17    2   -9    4    2   -4    2    6   -1  -13 
   640:    0   -7   11    6  -17   18   -6    0    0  -12 
   650:   -9  -25    2    7    4   -6   -1   -1  -10    5 
   660:   23    8    2   -4    1   -1    0   -1   -2    0 
   670:   -1    4    0    0    2   -8   22   -2   -5    4 
   680:   -8    0   -6    5   -1   13  -22   -1   -7   -2 
   690:    6    1  -14    9    8    0  -21   -7  -15    6 
   700:   -8    8    1    9  -24   22    2  -11    3    0 
   710:    1  -16   -9  -20   13  -23   -5   24   21    8 
   720:   -4    5   -2   12   24  -15    5   -2   -1    6 
   730:   -9    5    2   -4   -9   -8   -3  -11    2   -1 
   740:    7  -12  -33   15   -4   -5    4   -7   15   -2 
   750:   30    0   73  -15  -39  -75  -35    9   11    6 
   760:    1   -2    9   -7    4    6    6   -6   -9   -3 
   770:    9    1   13   -9   -3   -8    2  -13   36  -11 
   780:  -23   20  -13   -5   13   -3    5   11  -10  -65 
   790:   28  -20   40   50   14   -4    3   -2    5    1 
   800:    3   -2   -7  -12   -2    2  -11   10   10   -6 
   810:    2   21   -3    2   -1   21   20   12    5   -2 
   820:   -2  -11    2   10   -3   36   48  -66  -41   16 
   830:  -20    3    8   -6  -21   -8    0   -5    3   -3 
   840:   -2    1    4    0    7   -1   15    5   -1    4 
   850:   -1   -9   11   22   19   11    8   10   15    4 
   860:   16   -7  -20    9   13  -24  -13   -1    3   -9 
   870:   -4    5    0   -4  -10   -6   -1    8   -9  -13 
   880:   -8    3    5   -3    8   -6    0    0    0   10 
   890:    9   -1   -9    2   -2   -3   -3   16   13    3 
   900:    5  -13    4  -13    3   -8    8    5  -13    2 
   910:   -2   15   -9    6   -2   12    4    5   -7   -9 
   920:   -5   -2  -13    2   -1    0   -4    0   20    7 
   930:    6   -2    1   -6   -6    2    2    0   15   -7 
   940:    2    0    6    9   -1    4  -16   24   -6   12 
   950:    6   10   -3   -7   -2    7   21   -2    5   -5 
   960:    1    0    0    2   -5   -3  -13   -3   -2    2 
   970:   -9   -6    6   -8    1   -8   -8   -6    2  -19 
   980:   -2    0   11  -17  -10    0  -10   13  -13   -1 
   990:    8   -1    4   -3    1   -6   -4    0    0   -1 
  1000:    3   -7    7    0    7    1  -11   -1   -9    8 
  1010:    1   -8   -2    0  -23   -2    4  -15   -8  -11 
  1020:   12    4   10   -2  -16   13   -1  -18    1    9 
  1030:    8   -1   -5    0    0    0    0    0    1   -3 
  1040:   -7  -10    3    1   -7   10    8   -4   10   -5 
  1050:   15    5  -14   -6   15   13    7  -22   -3  -11 
  1060:  -12   -1   -8    2   13   -6    1   14    2   15 
  1070:   -1    1    0    0    0    0   -1   11    2  -23 
  1080:   22    5    6  -13   -3   -3  -10   -2   -8    7 
  1090:   11   -2  -10   -4    0    3   -2    0   -5    6 
  1100:   11   -3   13  -18  -26    4    3    0    0    0 
  1110:    0    0    0    0   -2    0  -10    1  -13  -16 
  1120:   -9    0   22    8  -10   11   -4  -12    2   26 
  1130:  -10   -3   -1   -7    3   -4    3   11  -15    9 
  1140:  -25    6    3   -1    0    0    0    0    0    0 
  1150:    0    1    1    6   -4    9   -9   13   -3   22 
  1160:    4   -5    3    5    2   -6  -22   -1    0   -3 
  1170:   -6    6  -13   10    0   -3    7   -4   -3   23 
  1180:   -2    1    0    0    0    0    0    0    1   -9 
  1190:  -14  -17  -16    6    2    3   -8    6   15  -17 
  1200:  -13   -6   -3   26    0   -5   -2  -10    7    7 
  1210:  -34    7    9   -9   -1   10   -7    1    0    0 
  1220:    0    0    0    0    1    4    1   11   11  -18 
  1230:   -1    5   -9   14  -12  -15    0   12   17  -14 
  1240:   -7   -5   -2   12   15   12  -12    3   -4  -11 
  1250:    0    1   -1    0    0    0    0    0   -1    0 
  1260:    2    0    9  -13    5   16   -4   10  -19   -5 
  1270:   -4   -3    0    3    2   -1   -7    6    3  -13 
  1280:    3   -1  -14    0    5    3    1    1    0    0 
  1290:   -1    0    0    0    0    4    0  -13  -11    3 
  1300:    4  -20  -21    6  -13  -15   -4    5   15   13 
  1310:   -7   12   14   -1   13   11    6   -7    6   -7 
  1320:    4    3    0    2   -1    0    0    0    0    0 
  1330:    0    0   -2    6  -13   -4    2   23   11    6 
  1340:   -1    2    7   -3    2    4   -9  -17    6    9 
  1350:   16    0  -11   -5   11    2    7   10   -1    0 
  1360:    0    0    0    0    0    0    0    0    0    3 
  1370:    0    3    1    0   -7   -3    1   -1   -2   -1 
  1380:    0    0    1    1    3    0    0   -2    0    1 
  1390:    1    0    1   -1   -1    0    0    0    0    0 
  1400:    0    1    0    0    0    0 
