     0:    0    0    0    0    0    0    0    0    0   -2 
    10:    3   -3    3    3    0    0    0    0    0    0 
    20:    0    0    0    0    0    0    0    0    0    0 
    30:    0   -1   -3   -2    1    0    0    0    0    0 
    40:    0    0    0    0   -3    2   -4   -1    1   -5 
    50:    0    0    4    1    0    1    0    0    0    0 
    60:    0    0    0    0    0    0   -1   -1    0    0 
    70:    0    0    0    0    0    0    0    0    0   -3 
    80:    1    7    5    2   -7   -1   -9   -4   -6    1 
    90:   -4   -1    3    1    0    0    0   -1    0    0 
   100:    1    1   -1   -5    1   -1    0    0    0    0 
   110:    0    0    0    0    0    1   -1    5   12    8 
   120:    4    2    6   -6   -3    0    1    5    3   -1 
   130:   -4   -8    2    2    3    0   -2   -1   -1   -1 
   140:    1    3    1    0    0    0    0    0    0    0 
   150:    0    1    0    7    6   11    2   -8   10    8 
   160:    1    4   -2   -2    4    3    5   -1  -10    4 
   170:    3   11    3   -2   -4   -4   -3    0    2    0 
   180:   -2    0    0    0    0    0    0    0    2   -1 
   190:    1    4    3    0    7    2   -5   -3    2   -2 
   200:    0    1   -2    3   -6   -3    6    1   -2   -1 
   210:    1   -1   -5   -4   -4   -3    2   -6    1    0 
   220:    0    0    0    0    2    0   -1    2    7   -4 
   230:    1    7  -14  -12   -8   -7   -4    3    3   -4 
   240:    0   -6   -8    5    8   -5   -5    6   -5    0 
   250:   -3   -8    1    4   -1   -1    0    0    0    0 
   260:    0    2    1    1   -1    8   -7   -3    0  -16 
   270:    1   12    1   -5    6    2    4    0   -7   -4 
   280:   -3    4    2   -2    6    3   -2    1    4   10 
   290:    3    7   -4    0    0    0    0    0   -1    3 
   300:    3   -2    0   -2    0    9   -4   11    0   -7 
   310:   -2    6    0   10   -2   -4   -6   -6   -1    3 
   320:    3   -2   -5   -2    4    4    6    3    2    2 
   330:    0    0    0    0   -2    1    6    4   -5    1 
   340:    6   -4    2   -3    6   -4    3   -4    0   -8 
   350:    8    3    2   -9   -4   -4    3    4   -1  -11 
   360:    0    5   -1    0    0    0    9    1    0    0 
   370:    0   -1    3    0    6   -5    3    4    3    1 
   380:   -5    0   -2    1   -5    5   -5    0    3   -4 
   390:   -4    2    0   -2    2    3   -2    1    6    1 
   400:    2   -1   -1    4    0    0    0    0   -1   -2 
   410:    0    7   -1   -1    1    0   -2   -3   -6    1 
   420:    3    2    1    0    7    6   -6   -4    8    0 
   430:   -1    2   -1    4   -1    1    7    0    5    4 
   440:    6    2   -1    0    1   -4   -2   -2    1    1 
   450:   -4   -2   -3    1   -2   -2   -2    0    2   -4 
   460:   -5    6    1   -1    2    6    4    6    5   -7 
   470:   -4   -1    8    2   -8   -1    4    3    2   -1 
   480:    0    1    5   -2   -1    0   -3   -1   -1   -3 
   490:    0   -2    2    2    0    3    1   -2    0   -2 
   500:    6    2   -5    6    3    6   -2    0   -1    6 
   510:   -1   -7  -13   -2   -8   -8   -1    1   -3    2 
   520:   -1    3    0   -2    1   -2   -5   -2   -3    4 
   530:    1    3    2    0   -1    3    0   -1   -7   -1 
   540:   -6   -8   -5    3   -4   -3   -2    6   -4   -6 
   550:   -5   -6   -6    0    0   -5    0    0    1   -1 
   560:    0   -1   -3    4   -6   -3    2   -3    5    5 
   570:   -2   -1    2    0   -1  -11    5   -1   -3   -8 
   580:    4   -3   -3   -7    6   -2    0   -8   -7   -4 
   590:    0    0    2   -1   -2    4    2    1    1    0 
   600:    0   -3    0    1   -1   -2    0    0    1   -6 
   610:    1    1  -12   -6    3    6    5   13    6    9 
   620:   -6    4    9    5    5   -2    1    3    0    0 
   630:    3   -4    3    4   -1   -1   -4    1   -2    0 
   640:    1    4   -3   -1    1    0   -8   12   -6  -17 
   650:   -8   -2    7    2    9    6    8   -7    2   10 
   660:    9   11    7    6    4   -1    4    6   -9   -2 
   670:    2   -3    2   -2    0   -2   -1   -2    0    2 
   680:    2   -3    3   -9   10   -3   -5   -3   -5    0 
   690:   -3   -2    2   -1   -4    0    0    2    0    7 
   700:   12    5   -1    4    4    1    0    3    2    0 
   710:   -2    0    2    4   -1   -3    0   -1   -1    5 
   720:   -7   -1    5    2   -1   -2   -4    0   -1   -4 
   730:   -3   -5   -6  -10   -1   -2    1   -2    0    0 
   740:    0    4    8   -5    5    0   -5   -5    3    0 
   750:    2    3   -2   -2    1   -2    9    4   -1   -2 
   760:   -9    2    2   -4    3    6   -4    1   -3   -7 
   770:   -2    6   -3    3   -8   -3    1   -2    4    3 
   780:   -3    4   -2   -3    3   -1    0    1    6    1 
   790:    1    5   -3    0    7    4   -2    2    0   -1 
   800:   -5   -2   -2   -3   -4   -2   -5    3    4   -7 
   810:    1   -2   -1    0   -6    4    7   10   -3    3 
   820:    8    2    0    4    0   -2    5    2    7   -2 
   830:   -7    1    5    1    1   -6    0   -2   -1    2 
   840:    6    1   -1    0   -2    0   -2    2    3    0 
   850:    0   -4   -1    7   11    0   -1   -4   -4   -3 
   860:    6   -9    3   -1   -6   -2   -1    3    4    4 
   870:   -7   -4   -2   -1   -1   -1    0    3    3    1 
   880:    2    2    1   -8    2    2    0    0    2    4 
   890:    3   15   -1   -1   -1   -6    3    0   -4   -4 
   900:    6   15    3    3   10   -2    0    2   -2    1 
   910:    1    2   -2   -3    2   -7   -2    9    4   -3 
   920:    0    0   -1    0    0    2   -2    2   -2   -7 
   930:   -7   -6   -2    0   -6   -1    0   -2    3   -4 
   940:    4    3    3   -3    4   -2    0    0   -1    0 
   950:    0   -2    2   -6    4    4   -1    2    4    0 
   960:    0    0    0   -2    5   -1   -2    0   -2   11 
   970:   -6   -4    1    5   -1   -2   -1   -8   -4    0 
   980:    0    1    1    0    6    3   -3    1    0    4 
   990:   -3    0   -2   -2    3    2    0    0    0    0 
  1000:    3    3    0    5    2    0    4   -7   -4    1 
  1010:    3    6   -1    3   -9   -1   -1    1   -4    0 
  1020:    0    0    0    1    1    0    4   -3   -3    3 
  1030:   -8    3    1    0    0    0    0    0   -2    2 
  1040:    7   -6    0   -4   -1   -1   -2   -4    3   -9 
  1050:   -1   -2    5   -2    6    3   -2   -1    2   -3 
  1060:   -3    1    1    5   -7    1    3   -9    1   -2 
  1070:    0    0    0    0    0    0    1    1   -5    4 
  1080:   -4   -5    4    3    0    0   -8   -2    0    1 
  1090:   -3    3    0    0   -1    0   -1   -1    7    0 
  1100:   -2   -6    5   -1   -1   -1   -1    0    0    0 
  1110:    0    0    0    0    0   -1    5    2    0    0 
  1120:   -1   -3   -2   -1    1   -3    1    1   -1   -6 
  1130:   -2    0    3    2   -1    2    1    2    2   -1 
  1140:   -1   10    2   -1    0    0    0    0    0    0 
  1150:    0   -1    1   -2    1   -4   -1   -2   -2   -4 
  1160:   -4   -5    1   -5   -2   -1   -1    2    3    4 
  1170:    4   -3   -4    7   -3    2    0   -1    6   -1 
  1180:    0    0    0    0    0    0    0   -1   -3    4 
  1190:   -3   -1    2   -1   -5    2    6   -2   -2   -6 
  1200:   -6   -5   -7    9   -1    0    4    2   -7   -4 
  1210:    4    1    0   -4    1    4   -1    0    0    0 
  1220:    0    0    0    0   -2    4   -1   -5    1   -2 
  1230:    0    0    9   10   -1    3    0    1    6   -6 
  1240:    6   -2    2   -2   -3   -1    0   -7   -2    1 
  1250:   -2   -1    0    0    0    0    0    0    0    0 
  1260:    2   -2    9   -1    5   -3    2    3    1    3 
  1270:   11   -1   -1   -2    2   -3    0    2   -1    3 
  1280:    2   -4    4    1   -4   -3    0    0    0    0 
  1290:    0    0    0    0    0   -1   -1    0   -8    0 
  1300:    1    6    0    4   -7   -2   -2    0    2   -1 
  1310:   -3   -1    4    2    5    0   -2    6    2   -2 
  1320:   -2    2   -2   -1    0    0    0    0    0    0 
  1330:    0    0    0   -1    0   -2    0    0    2    1 
  1340:    4   -2    2   -2    0    1   -2   -2    4    2 
  1350:   -4    4    1   -5    1    2   -3   -2    0    0 
  1360:    0    0    0    0    0    0    0    0    0    0 
  1370:    2    4   -2   -6    1   -1   -1   -1    1    0 
  1380:    1    0    0    0    1    0    0    0   -1    1 
  1390:    0    0    0   -1    0    0    0    0    0    0 
  1400:    0    0    0    0    0    0 
