     0:    0    0    0   -1   -1   -2    0    2    1    1 
    10:    0    0    1    0   -1   -1   -1    0   -1    0 
    20:    0    0    1    0    1    0    1    0    1    1 
    30:    0    0    0    0    1    1   -1   -2    0    0 
    40:    0   -1   -4    3    2   -1   -1    2    2   -1 
    50:    1    1    0    0    0    0    0    0    0    0 
    60:    0    0    0    0    0    0    0    0    0    0 
    70:    0    0    0    0    0    0    0    0    0    0 
    80:    0    0    0    0    0    0    0    0    0    0 
    90:    0    0    0    0   -5   -6    0    0    0    1 
   100:    0    0    0    0    0    0    0    0    0    0 
   110:    0    0    0    0    0    0   -1    0    1    0 
   120:    0    0    0    0    0    0    0    0    0    0 
   130:    0    0    0    0    0    0    0    0    0    0 
   140:    0    0    0    0    0    0   -2    0    0    0 
   150:    1    2    0    0    0    0    0    0    0    0 
   160:    0    0    0    0    0    0    0    1    7    3 
   170:   10    0    0    0    0   -1    0   -1   -1    0 
   180:    1    1    0   -1    0    0    0    0    0    0 
   190:    0    0    0    0    1   -2   -3    1    2    1 
   200:    0   -2   -2    0    0    0    0    0    0    0 
   210:    0    0    0    0    0    0    0    0    1    6 
   220:   26   14  -23   -8   -3    2    0   13    7   13 
   230:   13    4   -5   -5    3    9    1   -2   -1    0 
   240:    0    1    1    0   -1    0   -8   -7    0   -1 
   250:   -3   -5    2    1   -2   -4    0    0    0    0 
   260:    0    0    0    0    0    0    0    0    0   -1 
   270:  -15  -19   12   17   -7  -23   -1  -24  -24   -2 
   280:    6   15   33   12   -2   -4  -10   -8    0    8 
   290:    7    2    3   -4   -8   -8    1    3    3   -1 
   300:    1   -4   -2    4   -1    1    2   -4    0    0 
   310:    0    0    0    0    0    0    0    0    0    0 
   320:    0    2  -10  -16   17   21   41   10   10  -16 
   330:  -31  -27  -13   -6   13   -4   -3    5    4   -3 
   340:   11   -2    8    8   -8  -33  -20   -2   -4   -8 
   350:    0    0    0   -2   -1  -10   -9   -1    0   -5 
   360:    0    0    0    0    0    0    0    0    0    0 
   370:    0    0    0   13   10    4    7    6   21   12 
   380:   -7    0   -3    3    6   -3  -15  -11   -7   -2 
   390:   17    1  -20  -15    6   11  -17  -12    8   13 
   400:  -13  -26    0    1    0    2    2   -1    0    3 
   410:    2    0    0    0    0    0    0    0    0    0 
   420:    0    0    0    1  -12  -38  -10    1   -5    4 
   430:    5    4   -6  -15   12   12    2  -11  -13   -2 
   440:   -2   -6    1    2    5   -1   -9   11  -12    9 
   450:   31  -11  -33    6    6    9    1    0    0   -6 
   460:    2    3    0   -2    0    0    0    0    0    0 
   470:    0    0    0    0    0    0   -2   -3  -21   12 
   480:  -14   -2   17   12   22  -17  -32  -15    8   -6 
   490:  -15   -5    9   -8   -4   12   -8    2   -3    5 
   500:   -6   10    3  -24    5   42   11    2   -1   -6 
   510:   -1   -1    0    0   -1   -1    0    0    0    0 
   520:    0    0    0    0    0    0    0   -4    7    3 
   530:  -10    4   -8   -9   -4   -5   16   -9  -26  -37 
   540:    6   -7    0    1   14   -2   -8   -4    7   23 
   550:   -2  -17   -2   22   -3  -27   20   19   -6   -5 
   560:   -5   -2    1    0    0    0    0    0    0    0 
   570:    0    0    0    0    0    0    0    0    0   -2 
   580:   -4   10  -13   -7    0   -9   14    8  -26    2 
   590:   27  -17  -12   22  -40  -13   10   -8    0    8 
   600:    3   -4   24   -2  -18   -4   -4    6   16  -23 
   610:  -30   -2    3    1    0    0    0    0    0    0 
   620:    0    0    0    0    0    0    0    0    0    0 
   630:    0   -8   -2  -13   11    1    0  -14  -12   13 
   640:   -4  -41  -21   12   -3   24   -3   -6  -32  -10 
   650:    9   -5   -1  -16    5    5    0    7   28   43 
   660:   -9  -35  -10    4    0    0    0    0    0    0 
   670:   -1   -2    0    0    0    0    0    0    0    0 
   680:    0    0   -2    6   29   -8  -11    3    0   19 
   690:   12   -3   13   -8   -3   -3    9  -29  -20   16 
   700:    5   17   -1   12   11  -34  -16    9    2    7 
   710:    9    9  -12   18   13   -6    0    0    0    0 
   720:    0    0    0   -1    0    0    0    0    0    0 
   730:    0    0    0    0    0   11    9  -10  -22   13 
   740:   10   -2   33    9   -8  -10   -1   -8  -17    2 
   750:  -10  -18    0   -2    3   19   -1  -22  -19  -13 
   760:  -14   23    6  -10    8   -5  -14   -2    0    0 
   770:    0    0    0    0    0    1    0    0    0    0 
   780:    0    0    0    0    0    0   -2   18   48   12 
   790:  -24  -36   -5  -20  -18  -11  -11   19   15  -12 
   800:  -24   11  -10   22   -9  -17  -12  -12   -7  -17 
   810:  -16   18  -20   -2  -11  -15    3   -2   43   23 
   820:   -3    0    0    0    0    0    0    0    0    0 
   830:    0    0    0    0    0    0    0    0    1   -7 
   840:  -49   -4    4  -19   -6   17  -11  -24  -42  -31 
   850:   -4    9   25   -2   -7    1  -17    7   19    2 
   860:    0    1   33   35    5   -9  -40  -13   -4   16 
   870:  -10  -10    2    0    0    0    0    0    0   -1 
   880:    0    0    0    0    0    0    0    0    0    0 
   890:    1  -10  -32  -11   -9   -8  -17  -10   10   28 
   900:   19   -3  -20    3    2   19    5  -19   -5    1 
   910:    8    9    6   13    0   14   19    6   -6    0 
   920:    7  -14  -33    1    2    0    0    0    0    0 
   930:    0    0    0    0    0    0    0    0    0    0 
   940:    0    0    0    3   11   -4    2    7  -26   -8 
   950:    3   10    3   12    5   -5   10  -14  -21  -32 
   960:  -28   -1   -3   20   17  -13  -29   28   -9   13 
   970:   28   10   16  -11  -17  -18   -3    0    0    0 
   980:    0    0    1    2    0    0    0    0    0    0 
   990:    0    0    0    0    0    1   14    4    0   -4 
  1000:    0   24  -16  -10  -11    2   17   -5   18    5 
  1010:  -29  -40  -20    9   -2  -13  -10  -27   -5   11 
  1020:    4    8   -7    8   36    0  -14   11    3    0 
  1030:    0    0    0    0    1    0    0    0    0    0 
  1040:    0    0    0    0    0    0    0   -2    5   25 
  1050:   -7  -22    6    6    1   -9  -28  -16   17   10 
  1060:   19   10  -24  -10    1   -7   -2   -2  -15   -6 
  1070:  -27  -11  -25  -15  -10    2   25   -3  -26   -7 
  1080:    1    0    0    0    0    0    0    0    0    0 
  1090:    0    0    0    0    0    0    0    0    0    0 
  1100:   -9    4  -15   -6    2  -20  -41  -24   -9    1 
  1110:   21  -14   -8   -4  -23   -6   12    7    5    8 
  1120:    4   -4  -22    4   -7    3   17    6   19    3 
  1130:   -3  -10   -1    0    0    0    0    0    1    2 
  1140:    0    0    0    0    0    0    0    0    0    0 
  1150:    0    0   -1    6   11   -9   -7    3  -12  -17 
  1160:  -13   22    0  -22    0    4   -5    7    2   -8 
  1170:   -7    3    0   -6  -23  -11    0  -13    3    9 
  1180:   22   24   13   -2   -1    0    0    0    0    0 
  1190:    0   -2    0    0    0    0    0    0    0    0 
  1200:    0    0    0   -1   17    7   -6  -16    3    3 
  1210:  -15  -22   -9    5   -2  -10   -8  -11   -2   -8 
  1220:   -6   -2   -2    0   -4    2   -7    3    1    8 
  1230:   16   -3   -7    2   12    6   -1    0    0    0 
  1240:    0    0    0    0    0    0    0    0    0    0 
  1250:    0    0    0    0    0    0   -7    2   11    4 
  1260:   -7   -8   -3   16    0    0    0   14    9    4 
  1270:    9   -6   -6   -1   -1   -3   14    8  -13  -20 
  1280:   -5   -4   -9    1    5   21    5   -4    0    0 
  1290:    0    0    0    0    0    1    0    0    0    0 
  1300:    0    0    0    0    0    0    0    0   -2   10 
  1310:   11  -18  -31  -15   17    8   -4   -6   -4    5 
  1320:    8    0    2   -1   -7    3   -6  -15   -7   -8 
  1330:  -17   -5    6   12   11    3    2   16   12    3 
  1340:    0    0    0    0    0    0    0    1    0    0 
  1350:    0    0    0    0    0    0    0    0    0    0 
  1360:    1   12    4    2  -26  -15   16   18  -11  -14 
  1370:   12   -3  -16    7   -7    0    9   -8  -21   -4 
  1380:    9   -6   -6    8    3   17   -1  -26    4    3 
  1390:    1    1    0    0    0    0    0    0    0    1 
  1400:    0    0    0    0    0    0    0    0    0    0 
  1410:    0    0    2  -21   -7   -4    0   -7  -14    3 
  1420:   13   20   -1   -8   -6  -21   -9   -7    4   22 
  1430:   18   -4    5    2    0    7    6  -11   -7   -9 
  1440:    4    9    7    0    0    0    0    0    0    0 
  1450:    0    0    0    0    0    0    0    0    0    0 
  1460:    0    0    0    0   -3  -27    9  -14   -2   -1 
  1470:  -19  -37  -22  -16  -11    5  -13   -2   -8  -11 
  1480:   -2    4   -8    4  -10  -19   11   12    0   -4 
  1490:   -3  -20  -24    5   -3    0    0    0    0    0 
  1500:    0    0    0    0    0    0    0    0    0    0 
  1510:    0    0    0    0    0    0    0  -15  -15   16 
  1520:   21  -30   -7   14   22    6   -2   -1    3    9 
  1530:   14   17    6   -1   -3    0   -2   -1    6    5 
  1540:   -9    1    3    7   -4  -12    5    0    0    0 
  1550:    0    0    0    0    0    0    0    0    0    0 
  1560:    0    0    0    0    0    0    0    0    0    4 
  1570:   23    4   -8  -10    0   14    4  -16  -18    8 
  1580:   18  -10  -20   17    3    6   23   -1   -1    1 
  1590:    1   -1    0   -1    0    6    9    3   -1    0 
  1600:    0   -2    1    0    0    0    0    0    0    0 
  1610:    0    0    0    0    0    0    0    0    0    0 
  1620:    0   10   -4  -24   -1    7   -1   26   10   -2 
  1630:   17    4   -4  -10    0   -1  -21    2   -7   -4 
  1640:   15   -7  -11    1    0   10    3   -2   -2    0 
  1650:    0    0    0    1    1    0    0    0    0    0 
  1660:    0    0    0    0    0    0    0    0    0    0 
  1670:    0    0    1   14    9   17   57   20   -5    6 
  1680:    3    3   13   11    8   -1  -14   -9  -17   10 
  1690:   13   -3   -1   -8   17   23  -11  -18  -11   22 
  1700:   -4  -17    1    0    0    0    0    0    0    0 
  1710:    0    0    0    0    0    0    0    0    0    0 
  1720:    0    0    0    0   -1  -31   -8   34   41   19 
  1730:   19    1   -3   -6   -9  -10    5   24    3    3 
  1740:    9   16   17    9  -11  -30  -25   -2  -13  -20 
  1750:   11    7   -6   -2    0    0    0    0    0    0 
  1760:    0    0    0    0    0    0    0    0    0    0 
  1770:    0    0    0    0    0    0    0   18   13   -1 
  1780:    7   13  -13  -19   -2    3  -27   -3    9   -7 
  1790:   -3   15   11   19    1    3   15   17   13    0 
  1800:  -14  -16  -16    7    4   -5    0    0    0    0 
  1810:   -1    0    0    0    0    0    0    0    0    0 
  1820:    0    0    0   -2   -2    0    0   -1    4    6 
  1830:  -20   -5  -11    6   -3   -8    1    6   -7   -2 
  1840:    8    3   -2   -8    2    7   20   23   20   34 
  1850:    0   -2  -11   -6  -23    1   -4   -2    0    0 
  1860:    0    0    0    0    0    0    0    1    0    0 
  1870:    0    0    0    0    0    0    0    0    0    0 
  1880:    1   -8  -30   -6   -6   43    9   18   25   42 
  1890:    9    2    4  -13  -18   -7   16   -8   -7   10 
  1900:   18  -23  -15   16    4    4   22   28   22    1 
  1910:   -1    0    0    0    0    0    0    0    0    0 
  1920:    0    0    0    0    0    0    0    0    0    0 
  1930:    0    0    2  -17  -16  -11  -13   -2    3   10 
  1940:  -36  -21    7   -3  -25   20   28   -2   -4    5 
  1950:  -12    7   23   10   13   -1    9    6    0   -6 
  1960:    6   -1    0    0    0    0    0    0    0    0 
  1970:    1    0    0    0    0    0    0    0    0    0 
  1980:    0    0    0   -1   -2   -8  -18   -5    1   -4 
  1990:   21   -3   -9   -2   12    8   13   27   25    0 
  2000:   -1   11    2   -5   -9  -16  -19   -4   11    4 
  2010:    5    9   19    4    0    0    0    0    0    0 
  2020:    0    0    1    1    0    0    0    0    0    0 
  2030:    0    0    0    0    0    0   -7   15    4    4 
  2040:   25   -3    8   14   15    3  -11  -31    9   32 
  2050:    6   34    9    7   -5   24   19   12   14   12 
  2060:   29   25   -2   15    2    0    0    0    0    0 
  2070:    0    0    0    0    0    2    0    0    0    0 
  2080:    0    0    0    0    0    0    0    0    1  -28 
  2090:   -5   -2  -13   24    8   10   10   -1   15    7 
  2100:   33    4   -8    4   -5   -8  -12  -16   -8   -2 
  2110:   -2   -2    7   -6    1    2   11   11   -1    0 
  2120:    0    0    0    0    0    0   -1   -1    0    0 
  2130:    0    0    0    0    0    0    0    0    1   -4 
  2140:  -16   18   -9   18    9   30   25    7    1   -6 
  2150:  -26   -5  -13   -9   -3    9  -18   -6    5    8 
  2160:   -8    1    1   -9  -12    6   29  -20  -11   -2 
  2170:    0    0    0    0    0    0    0    0    1    2 
  2180:    0    0    0    0    0    0    0    0    0    0 
  2190:    0   18   14   -8    3   -3    9   -4   13    1 
  2200:   -1   11   10   -1    8    6   -9  -17  -19    5 
  2210:    4    0   -2    4    0   -9   -4   -8  -12  -21 
  2220:    0   -5   -2    0    0    0    0    0    0    0 
  2230:    0   -1    0    0    0    0    0   -1    0    0 
  2240:    1    0   -6  -25  -32  -13   16    2    5    5 
  2250:  -13    1   10    0   -2  -44   -1    5  -15  -11 
  2260:    8   -4  -16    9    3    1   -6  -13    0    3 
  2270:   -3    7    6    0    3    0    0    0    0    0 
  2280:    0    0   -1    0    0   -1   -1    0   -3    4 
  2290:    2   10   -1   -5    2    9    8   13  -16  -14 
  2300:  -21    6    0   -2   19   -1  -18   -2   -3  -17 
  2310:    4  -21   -7  -18  -10   -5   -4   10   14    7 
  2320:   -9  -21   -5  -14   -6   -9    9    1    0    0 
  2330:    0    0    0    0    0    0    1    7    6   -1 
  2340:    6   -2   -2   -7  -10  -10   -4   10   11    1 
  2350:   -8  -20  -12    9    2   -6   -4    6   28   17 
  2360:   15   -4    1    4    8    3   -4   -3    9    2 
  2370:    1    5    0    0    6    8   -5  -10   -3    0 
  2380:    0   -1    0    0    0    0    0    2    2   -4 
  2390:   -8    0    4    2    8   -5    2    4   11    2 
  2400:   -5    3    5    2    4   -3   -3    0   -3    1 
  2410:  -12   -8   -5   -2   -1   -1   -4   -5    3    9 
  2420:    1   -3  -11   -2   -4   -2   -7   -1    2    0 
  2430:   -4    2    3   11    0    0    0   -3    1    0 
  2440:    2   15   10   -3  -18  -11    4    2    4    6 
  2450:    0   -2   15   11    0    8   17   22  -16   -2 
  2460:   -6   -6   -5   -6   -8   -1    2    0   -2   -3 
  2470:   -2   -2    6   -1   -1    4    1   -1   -1    1 
  2480:    3    1    0   -2    0    3    0   -1    2   -1 
  2490:   -1   -3   -2    1  -12   -7 
