     0:  464  496  488  480  443  434  383  359  407  396 
    10:  418  392  423  423  388  393  361  377  383  380 
    20:  295  110   25  310  179  398 1012 1009 1010 1010 
    30: 1013 1003 1006 1049  960  969  980  993  961  970 
    40:  973  983 1000  988  989  996 1107  764  678 1036 
    50:  700 1025  936  937  936  935  922  954  361 -222 
    60: 1024  857  707  598  912  936  971  967  951  981 
    70:  948  855   43  -20  516  147  418  961  957  956 
    80:  956  950  912  546 -1656 -1585 -970 -919 -951 -710 
    90: -586 -493 -304  285  375  259  180  475  533  280 
   100:  -51  598  341  994  953  957  956  902 1039 -920 
   110: -1598 -1526 -1450 -1236 -1172 -564 -572 -1237 -791 -860 
   120: -522 -123 -589   53  673  515   53  396  663  968 
   130:  957  957  958  913  491 -1736 -1657 -1571 -1507 -1182 
   140: -1131 -1010 -796 -1252 -1388 -1092 -1144 -1046 -687 -589 
   150:  420  194  905  897  632  987  957  957  941  970 
   160:   65 -1822 -1770 -1979 -1431 -1135 -1152 -1191 -998 -1273 
   170: -1340 -1439 -1147 -1039 -1050 -905  899  862  937  884 
   180:  668  982  957  955  909 1074 -740 -1825 -1940 -1833 
   190: -1622 -1195 -1182 -1224 -1064 -1199 -1253 -1598 -1433 -1389 
   200: -1027 -1084  674  897  954  894  643  984  957  956 
   210:  921 1036 -393 -1830 -1659 -1893 -1494 -1211 -1029 -1151 
   220: -1017 -1216 -758 -1286 -1111 -1276 -1276 -1372  389  944 
   230:  946  897  643  984  957  957  943  955   39 -2189 
   240: -1751 -1759 -1566 -1453 -1234 -1339 -1045 -1398 -1017 -1257 
   250: -1293 -1383 -1261 -1537  321  949  943  894  661  983 
   260:  957  957  956  916  496 -1725 -1872 -1506 -1314 -1285 
   270: -1153 -1007 -1201 -1253 -1121 -1134 -1272 -1282 -1299 -1144 
   280:  462  943  947  892  667  982  957  957  959  899 
   290:  754 -1377 -1847 -1310 -1301 -1185 -932 -993 -1107 -1088 
   300: -870 -983 -841 -1143 -1098 -1211  497  944  946  888 
   310:  648  984  957  957  957  900  898 -1262 -1642 -850 
   320: -1300 -841 -783 -835 -770 -757 -911 -913 -666 -994 
   330: -1150 -664  799  920  955  888  678  981  957  957 
   340:  956  914  968 -706 -1453 -1125 -1052 -699 -618 -604 
   350: -557 -591 -839 -744 -673 -745 -945 -569  888  915 
   360:  954  887  672  982  957  957  956  924 1020 -193 
   370: -1076 -565  -31  385  360  296  772  188 -232 -732 
   380: -723 -693 -841   30  985  933  952  889  667  982 
   390:  957  957  956  929 1025    7 -630 -696 -962 -755 
   400: -289 -112  535  564  779  823  702  540  245  512 
   410:  980  941  953  884  650  984  957  957  956  928 
   420: 1031  -44 -458   12 -121 -335 -116 -132 -421 -544 
   430: -695 -257  348  228  355  850  951  950  954  881 
   440:  661  982  957  957  955  932 1022   12 -186  243 
   450: -179  229  164   82   71 -228 -412 -474 -545 -156 
   460:   -3  578  970  950  953  880  652  983  956  957 
   470:  950  919 1012 -401 -128  302 -283 -968   55 -413 
   480: -472 -225 -215 -553 -261  -74   26  832  930  960 
   490:  953  878  665  981  957  957  957  921  960 -466 
   500: -388 -370 -641 -816 -679  -17 -432 -145 -705 -639 
   510:  -77 -596 -199  875  933  958  953  873  664  981 
   520:  958  956  959  907  693 -1198 -896 -733 -954 -606 
   530: -285   29 -200 -476 -444 -629 -424 -552 -200  891 
   540:  927  958  953  871  658  982  936  944  919  968 
   550:  101 -1021 -851 -759 -964 -804 -558 -233 -230 -620 
   560: -378 -607 -619 -616 -372  738  924  945  940  847 
   570:  631  956  809  938  715  630 -1018 -1153 -1428 -920 
   580: -995 -794 -604 -579 -586 -811 -594 -667 -545 -699 
   590: -675 -171 1060  973 1013  929  628  895 -382  255 
   600: -135 -753 -735 -440 -581 -351 -194 -625 -567  409 
   610:  558  -41 -258 -277 -285 -333 -162   69  446  161 
   620: -138 -346  120 -274 
