     0:    0    0    0    0    0    0    0   -3   41   -1 
    10:   -2    4  -22  -16    2    5    0    0    0    0 
    20:    0    0    0    0    0    0    0    0    0    1 
    30:    2   -6   -3  -14   -6    1    0    0    0    0 
    40:    0    0   -1   -4   -9   -9  -13  -12    1   -5 
    50:  -19  -23  -14   -5   -3    0    0    0    0    0 
    60:    0    0    0    1    0    0   -3   -3    2    0 
    70:    1    1    0    0    0    0    0    0    1   -2 
    80:   22    8   48  -10  -17  -13    0   38   16    5 
    90:   -1   -4    6   -6    0   -1   -3   -4    1    2 
   100:    1    4    3   15    3    1    0    0    0    0 
   110:    0    0    0    0    0   -2   -8   -7   -3  -17 
   120:  -38  -23   39    3   10   28    7   -1    5   -7 
   130:  -14  -16    0   20   20   -3   -6   -5  -22  -23 
   140:   -9  -23   16    1    0    0    0    0    0    0 
   150:   -1   -1   25  -28   -9    1  -22   51   48  -31 
   160:   13   55   20  -12    3   -1   20   -8  -22  -11 
   170:  -34  -58   10   13   12   22   18   12  -27    6 
   180:   -3   -1    0    0    0    0    0    1    4  -24 
   190:   70    5  -22   40 -104  -33    7  -10  -28  -70 
   200:    5    7    9  -23    5   37  -19   26   20   16 
   210:  -10   11   -2  -31   -2   15   -5   -7    0    0 
   220:    0    0    0    1   -9   -4   17  -36   -4   -2 
   230:  -21   -6   26   29   70   54   43  -14   -5   -3 
   240:   17   -4    4   -4   -3  -17   -2   14   -4  -15 
   250:    7    9   -7    6   -8  -13    2    0    0    0 
   260:    0   -2    2  -10    0   -1  -14   31   41   35 
   270:  -41  -67 -152  -81   10    2  -13   -3   12   17 
   280:  -47   -3   13  -13  -13   -2   14    3  -27    2 
   290:  -15  -24   -8   -1    0    0    0    2   -3   -1 
   300:    2  -15    8    2   -9  -29  -12   10   33  144 
   310:    7  -78   -2  -11   16   22  -12    7    3   17 
   320:  -35   12    6    2   11    5   -8  -30    1   40 
   330:    2   -1    0    0   -5    3   -5  -16   24   14 
   340:    0   46   12   -7    4    9  -92   73   47    7 
   350:  -44  -58  -24  -17   -5  -10    6   -3    7  -27 
   360:    3   17   -2   -9   25  -16  -40   -2    1    0 
   370:    1    5    2   13    7   -6   10    6    0    5 
   380:  -17   -7  -18   32   -6  -52   11    9   30  -53 
   390:   20   14   12   -5    6  -14   22  -20  -22   18 
   400:    5   -1  -12   22    8   -1    0   -2   -6   15 
   410:  -12    1   -3    3   -6    3   -5    2   14   -1 
   420:   -1  -20   14  -18  -48  -12   45   15   17    0 
   430:   17    4    0  -30    9   48  -17  -10   -8   17 
   440:   -7   -5   -1    0    0   11  -25   14    1    1 
   450:  -14   -6   15   -7   -3    0   13  -14    9    2 
   460:   -1   46    1  -26   -1  -32  -10   -2   -7   15 
   470:   22   18  -11    9  -35  -19  -19   -8  -30   -1 
   480:    1   -6   -2    6   -5   -7    6  -21   -9   13 
   490:    8  -12  -11    4   28    5  -14   21    4    0 
   500:   14  -31   11  -11  -12  -20   23   34   -4  -11 
   510:    6    6  -24  -17   -5   19    7   -2   -7    0 
   520:   -1   -7    1   -9  -10   14    5  -10  -12    8 
   530:    4   -9    8  -11    2   14    3  -32   16   24 
   540:   42   -8  -52    4    3  -21   29  -19  -23   36 
   550:  -10    6  -11   -9    2  -10    6    1    0  -10 
   560:    8    0   -8    5    9   -2   -3    0    6  -13 
   570:   21    0    1  -23    6    7  -67   -5  -11   45 
   580:   14    1  -18   -3   32   66  -27    6  -26   24 
   590:   24   -6   -2   19   -7   -3    7    1   -9   -3 
   600:    0  -11  -10    8   28  -11   13   -9    7    6 
   610:    5  -17   -9   37  -53   12    1   11    2   39 
   620:   35  -22  -54   -1   -1   32   17  -18    3  -19 
   630:   -5   -9    7    4   11    0    1   -7    8    1 
   640:   -3  -13  -11    7   -8  -20    9  -13   -6   20 
   650:  -13   34  -19   40  -24    3  -53  -37    4   -8 
   660:  -30    9  -34  -10   -7    3   17   14   -9   16 
   670:   -6    7   16   14    5    1  -19   -9    9    5 
   680:   -1   -2    0  -12    4   32   35   13   -8   14 
   690:  -35  -12   -7   45   21  -19    2   30  -28    8 
   700:  -18   -9    1    5  -26    4   -8   -7    8  -10 
   710:   -7    8    1   26   19   -5    8   -4    2   -2 
   720:   19  -37  -34  -21  -31   35   -4   -7   15   11 
   730:   19  -14    5    9    6   32   38  -12  -12    4 
   740:   -2   12   -5   -3   17    1  -15   -5   -6   -5 
   750:    9   -9  -23    3   -1  -17   22  -56   74  129 
   760:   16   15  -12    9  -22   -1  -33  -64  -22  -32 
   770:  -10  -53  -68  -14    7    3    0   -6    1  -10 
   780:   21    8  -37   47   23    1   20    0   -1   26 
   790:    6  -17   84   10    3  -29 -113  -45  -28   -9 
   800:   -5   27   23    8   25   26   14  -11   43   84 
   810:   27  -12    4   -1    6  -19   15  -46   32  -11 
   820: -109  -31   40  -68  -18   16  -50   13   68 -140 
   830:   25   47  -19  -23  -17   25   15  -21  -19  -20 
   840:  -14   13   -2  -11   25  -32  -63  -19  -14    2 
   850:    0    4    6   -4   38  -16   11   65   15  -35 
   860:  -22   60   39   76   83  -21  -15   14  -60    3 
   870:   31    3   -6    2   16   14   21    3  -14   -3 
   880:   25    0    8    5  -11   15    0    0    5  -41 
   890:  -27  -34   32  -21  -52   15  -12   27   85   45 
   900:   73   58   48   91   -3   -7   -1   21    8  -19 
   910:   -2   -9    0    7   10    3    4   23   25   -7 
   920:  -21   14    0    0    0   -8   10   29   32   18 
   930:   14   15  -20   15  -16  -43   20  -12  -14  -31 
   940:    2   -9  -11  -11   -8  -19   34    2   -9   -1 
   950:    6    5   -9   -7    4   -7   20   11    6   -5 
   960:    1    0    3  -60  -34    6   23    2  -13   -3 
   970:   -1   -3  -28   20   -1  -14   26   25   -1    1 
   980:   -5  -11    7   -8    4   16   -4    4  -10   14 
   990:   22   22   13   16    0   28   -1    0    0   -2 
  1000:   25  -12  -48  -14   10    8    9   -3   12   22 
  1010:  -34   -7   13  -13   -4    9   33   17   26   14 
  1020:    4   -4  -21  -26   15    2    8    8   11   13 
  1030:   -6  -23   -1    1    0    0    0   -3  -24   24 
  1040:   24  -14    9   16   19   -1    7   18  -22    6 
  1050:   11   -1  -21  -14  -13  -36  -18   -9  -32   30 
  1060:    5  -51  -34   15  -31    3    7    8    0   -4 
  1070:    1    0    0    0    0    3  -11  -10  -10  -16 
  1080:  -10   -6   -2  -24    7   10    1  -21    0    8 
  1090:   -2   -6   27  -12    6   11   -4   -6   -2   38 
  1100:  -15    7  -14  -13  -31    8   -7    0    0    0 
  1110:    0    0    0    2    2    2    1  -65  -22  -30 
  1120:    5  -43  -13   -3   15   -1  -11   -3  -10  -20 
  1130:    3    1  -18   17  -15  -16  -18  -29   40   24 
  1140:   10   32    1    4    0    0    0    0    0    0 
  1150:    0   -1   -5  -12   -4    9   47  -14   -1   11 
  1160:    5    7   12   15    4  -25  -19   -1  -17    4 
  1170:   52  -34  -18   54   46   19   -4   12   21   -4 
  1180:    1    0    0    0    0    0    0   -4    3   16 
  1190:  -14  -12  -23   19   12   20   11    8    4   14 
  1200:   20   -1   -3   22   15   -8    4   16   19   45 
  1210:   -4  -28   16  -29   -4    9   -2    0    0    0 
  1220:    0    0   -1    0   15   -4   13    6  -24   26 
  1230:  -14  -23   18    8    6  -10  -28   -8    3   20 
  1240:   -7  -10  -20  -47  -56   -3   -2   -5   26    0 
  1250:    0  -12    3    1    0    0    0    0   -1    4 
  1260:    7  -25  -11   47  -12    6   25    7   -9  -42 
  1270:  -29   17  -14   -2   17  -20    5   30   -8   -8 
  1280:    8   19   26    4  -26  -39   -3    2    0    5 
  1290:    0    0    0    0    0    4  -18  -40    7  -24 
  1300:   13   22  -55  -18    1   49   55   36   10  -15 
  1310:   50   57   34  -17  -25   11  -14  -28  -35  -25 
  1320:  -37    1  -12   -6    1    0   -1    0    0    0 
  1330:    0    0   -6   15   23    8   10    2    3   44 
  1340:   34  -30  -11   12  -37  -38   29  -17  -49  -22 
  1350:   12   18    8   10   42   60   41   16   -5    2 
  1360:    1    0    0    0    0    0    0    0    0    0 
  1370:   -4    1    8    6   -3    5   -8   -7    4    4 
  1380:    1    4    7   -6    2    5    3   -3   -4   -1 
  1390:    4   -7   -6   -5   -4    1   -1    0    0    0 
  1400:    0   -1    1    0    0   -1 
