     0:   -9   -8    8   -9    7   17   18  -18    2    5 
    10:    8   -1  -16    0    1    4   -1    4    2   -4 
    20:    4    2   -6  -13    7   -1    0   18    2  -13 
    30:    5    3   -1   -1    0    2    6   10   -1   -3 
    40:   -6   -2   28   54   -2   -5  -11  -11   -2    6 
    50:    6    2    0    0    0    0    1    0   -2    1 
    60:    0    1    1    0   -1   -1    0    0    0    0 
    70:    1    1    1    0    0   -1    1    1    0   -1 
    80:    0   -1    0    0   -1   -2    1    1    1    0 
    90:   -2    0   -1   -7   31   78   -3    2  -39   -7 
   100:   11    0    0   -1    0    0    0    0    0    0 
   110:    1   -1    0    0    0   -1   -7   -3   -2    0 
   120:    0    0    0    0    0    0   -1    0    0    0 
   130:    0    1    0    0    0    0    0    0    0    0 
   140:    0    0    0    0    2  -19    8   39   -4    4 
   150:  -47  -14   13   -1    0    0    0    0    0    0 
   160:    0    0    0    0    0    0    0    1  -15   19 
   170:   19   -5   -5    1    0   -3    1    1   -3   -1 
   180:    6    0    0   -3    0    0    0    0    0    0 
   190:    0    0    0   -1    1    2   -1  -17   14   42 
   200:   -8    6  -46   -6   13   -1    0    0    0    0 
   210:    0    0    0    0    0    0    0   -1    9   30 
   220:  -73 -126 -106   28   16    5  -13   25    8  -23 
   230:   21    3  -14   -4    0   10    4   -2   -2    2 
   240:   -1    5   10    6   -3    2    5   11    5  -41 
   250:   52   55    9  -11  -62   15   12   -2    0    0 
   260:    0    0    0    0    0    0    0    0    0    3 
   270:  -32  -22   14  -15  -46  -99 -126  -74  -18  -25 
   280:   74  -17  -37  -31  152   24  -20  -76   30  -13 
   290:    3   -2    5  -18  -36  -18    9  -26   -7  101 
   300:  -23    8   41  105  -39    3   19   14   13   -2 
   310:    0    0    0    0    0    0    0    0    0    0 
   320:    1  -15   91  -58  -15   23  -29   -5  -41   88 
   330:  -27  -32   27   53  -72  -21  216   29  -71  -48 
   340:  177  -84  -27  -69 -108  132  263  303  -91  -58 
   350:   38   44   -2   49  -16   85   71  -33  -75   -3 
   360:   13   -1    0    0    0    0    0    0    0    0 
   370:    0   -1   12   25  -99   86   14  -17  -41  -40 
   380:   15  -36   14   52   30  -29   36 -144  -84  118 
   390:   38   97  119  179   24 -124 -148 -114  -74  -14 
   400:   52   52   33   30    0  -23  -48  -17  -12   26 
   410:  -63  -14   14   -1    0    0    2    0    0    0 
   420:    0    0    0    4  -31  -27  -25   13 -103  -14 
   430:    1   61  -10  -13   37   44   13   12   52   88 
   440:   70   -4   45   -6    8 -175  -48  -35  129  -22 
   450:  -23  150  158  -81   55   76   -5  -11  -67  -55 
   460:  -15  -32  -39    9   11   -1    0    0    0    0 
   470:    0    0    0    0   -1   -3  106  168    1  -24 
   480:  119   11   25 -103  120  -57   -6   66  -43   30 
   490:  -41    5   28  -65   63   84   40   75   52  -20 
   500:  -48 -128   19  158   37  -39   20   96    3   33 
   510:  -60  -11   10   11  -40    3   12   -1    0    0 
   520:    0    0    0    0    0    0    1   -4  -57   62 
   530:   42   33  -46   -9  -29   42   12  -76   79  -44 
   540: -122  -51   -8  -31   25    1 -120   49   79   42 
   550:  -23 -106  -57  -71  -43  -27  -15   33  107  -80 
   560:   -7   61   65    0   -2    2  -39   22   11   -1 
   570:    0    0    0    0    0    0    0    0    8  -58 
   580: -112   16  -30  -61  -22   30   55  -67 -171 -109 
   590:   -7  -30  203  124   -3   34   24  -68   26    7 
   600:  -58   14   34  -22  -34   26  107   -9  -19  -53 
   610:   76    3    7   -5  -15    1    0    3  -39   35 
   620:   10   -1    0    0    0    0    0    0    0    0 
   630:    4  -55  131  -14  -41  -28  -47  -74  -23  180 
   640:  191  -70 -187   31 -141  -29  166  -52  -80   59 
   650:   91  107   -1   31  -50   -2  -58   24 -165  -35 
   660:   -6   -2  -18   15   -3    0    3    0    0    3 
   670:  -36   32    9   -1    0    0    0    0    0    0 
   680:    0   -1    5  119   -3   32 -117  -88   15   29 
   690:  -84 -306 -207  176  171 -203  248  145 -279   17 
   700:    3  -26  -65   43  -64   10   21    5  -66   -6 
   710:   44  -23  164   25 -195  -37    7    1    0    0 
   720:    0    2  -30   51    8   -1    0    0    0    0 
   730:    0    0    0   -2   12   93  -33   36   13  144 
   740:   26 -120   44  198   68 -291  -55  204  -64   15 
   750:   67  190 -103   61 -110 -156  198  -65  -64  -24 
   760:  -26  -10   11  108  -67  -84  273   23   -6    1 
   770:   -1    0    0    3  -34   32    9   -1    0    0 
   780:    0    0    0    0    0   -1    2   68   94   11 
   790:  123 -232    2  160 -149 -171  -23  338  128  171 
   800:   20  -24    2   61  -31 -159  -33  -46   43   61 
   810:   23  -16   -1   78  102   75   29   98 -308  -13 
   820:   16   -1    0    0    0    3  -38   14   11    1 
   830:   -1    0    0    0    0    0    0   -1    0  142 
   840:    1    5  -83  -63  -93  -76   57   95  -48 -201 
   850:  -33 -154   89 -141  244 -120  -22 -249  137  -37 
   860:  -69   23  125 -155  -98 -125  -11 -161  184 -158 
   870:  132  125    2   -2    0    0    0    3  -37   18 
   880:   10   -1    0    0    0    0    0    0    0    0 
   890:   -8  104   90   -8  -28  -91   64   55   51   59 
   900:  102  141   53   60  -85   65  157 -267  -36  223 
   910:    3   57 -153  104 -230  175  -83   41   13  235 
   920:  -88    2  -18  -69   16   -1    0    0    0    2 
   930:  -33   37    9   -1    0    0    0    0    0    0 
   940:    0    0    9  -83  -81   54  -43  -26   76   44 
   950:  -19  -11  -54  -64   13  -58   87  -15  -93  115 
   960: -166  -59   35  -60   43  -24   57 -128  145  -66 
   970:  -89  -27   41   36  -51  132    1   -2    0    0 
   980:    0    2  -28   51    7   -1    0    0    0    0 
   990:    0    0    0    0   11  -71 -173  -12   35  -56 
  1000:   63  163   22  -33  -22  -42   33   31  -74   14 
  1010:  109  -97   21  -17 -137  -34   98  136 -148  100 
  1020:  106   14  -46   19   -2   -8  -51 -159   16    0 
  1030:    0    0    0    1  -26   60    7   -1    0    0 
  1040:    0    0    0    0    0    0    3  -19  -78  -57 
  1050:  -14  -95   16  -35   93  -83    8  -13  -43   79 
  1060:   34  -53   17  -36 -137  -53   61   20    1  -44 
  1070:   31    3   69  -90   44   33   72    8  -18   87 
  1080:    2   -1    0    0    0    0  -21   66    6   -1 
  1090:    0    0    0    0    0    0    0    0   -1    7 
  1100:    6   92  -16  -66  -54   80  -59   12    5   29 
  1110:   12  -75   18   61  -34  -29   27   32   -2  -47 
  1120:   65   -6  -33  198   25   38   44   24  -38   79 
  1130:  -11 -111    9    0    0    0    0    1  -23   52 
  1140:    7   -1    0    0    0    0    0    0    0    0 
  1150:   -2    8  101  -21  -26  -30  -27   30    7  -23 
  1160:  -59  -37  -42   23  -19   41    3  -92  -17   22 
  1170:    9  -21 -143  -56  -11   97   35   46   76  -50 
  1180:  -72  -37   12   41   -5    0    0    0    0    0 
  1190:  -20   65    6   -1    0    0    0    0    0    0 
  1200:    0    0    0   -3   38   37 -172   18  -64 -149 
  1210:  -51  -50  -43   36  -22  -30    8  -13   20   -4 
  1220:  -61  -20   40   -8   65   47   85  -89  -11   90 
  1230:   23  -87    5   18  -45    4    3    0    0    0 
  1240:    0    0  -14   83    4   -1    0    0    0    0 
  1250:    0    0    0    0    0   -6   57   60  -26  -11 
  1260:    2  -36  -18  -51  -22    5  -44   19 -131  -17 
  1270:    9  -12    8  -31  -30   33   -3   71   28  -16 
  1280:  -28  -33    8  -50  -22   52   28   22   -4    0 
  1290:    0    0    0   -1  -12   86    3   -1    0    0 
  1300:    0    0    0    0    0    0   -1    3   48    6 
  1310:   67   -5  -25  -34  124  -76  -41   -8  -30   26 
  1320:   44   14  -32  -44   28   -5  -54   86  -15  -68 
  1330:   17   28   30   34   54  -25  -26   15  -75  -25 
  1340:    4    0    0    0    0   -1  -11   89    3   -1 
  1350:    0    0    0    0    0    0    0    0    0    3 
  1360:  -44  -45   34    3   13   53   60   15  -38   26 
  1370:  -27    1   10  -27  -78    0   21  -58   31  -25 
  1380:   50   83   -7   -3  -44  -44   11  -26  -51    8 
  1390:  -58  -51    6    0    0    0    0   -1  -11   83 
  1400:    3   -1    0    0    0    0    0    0    0    0 
  1410:    0    4  -30   24  -90 -109 -137 -104   38   39 
  1420:  188   33   -6   31  178  115  -66    8  105  133 
  1430:  269  -25   36  -27  -22   49   45    7  100   50 
  1440:  -61  -46  -47    6    0    0    0    0    0   -1 
  1450:  -10   78    4   -1    0    0    0    0    0    0 
  1460:    0    0    0   -1    3   -1  -22   -5   93   29 
  1470:    5  -76  -12   30  -14   -1  101 -101  -12    0 
  1480:    0   26  129 -132 -139  -63   28   15  -35  -58 
  1490:  -50   72  128   10   79   -7    0    0    0    0 
  1500:    0    0  -14   66    5   -1    0    0    0    0 
  1510:    0    0    0    0    0    0    3    9  -32  -52 
  1520:   31   30   67  -33   42  122   45   98  103   40 
  1530:   19    0    0    7    4    5  -80 -125   32  -68 
  1540:  -19   35  214   88 -142  -41  -19    3    0    0 
  1550:    0    0    0   -1   -9   72    4   -1    0    0 
  1560:    0    0    0    0    0    0    0   -1   -4  179 
  1570:  -26  -10   50  -62   17  -78   44   16   -5  138 
  1580:  -28 -137   86   60    8   36   22    2  -21   24 
  1590:   10   -7    3    4  -42  -32  -47   63    0    0 
  1600:   -1   -2    0    0    0   -1  -11   76    4   -1 
  1610:    0    0    0    0    0    0    0    0    0   -2 
  1620:    3  139 -140  -67  -14   22   34   -4  -32  140 
  1630:   74   63   -5   94  -82   -5  -32  -42  -37   62 
  1640:   54 -138  -25   -3  -15   12   12    2    0  -11 
  1650:    0    0    0   -3   -5    1    0   -1   -8   86 
  1660:    3   -1    0    0    0    0    0    0    0    0 
  1670:    0   -1    6   36   -6   87  -28  -53 -152   35 
  1680:   93 -164  186   80  -29    8  260   72  -81   56 
  1690:    1  -61    4  -37    8   63  123 -118   -7   68 
  1700:   32   63    1   -1    0    0    0    0    0   -2 
  1710:   -1   94    2   -1    0    0    0    0    0    0 
  1720:    0    0    0   -1   -2   89  -34  251  -93    5 
  1730:   25   65   28  -49  198   81   96   80  -56   18 
  1740:  -16  -65   18  -40   46   81 -184   41   21  -95 
  1750:  117   54   97  117   -4   -1    0    0    0    0 
  1760:    0   -1   -5   97    2   -1    0    0    0    0 
  1770:    0    0    0    0    0   -1   22 -115    0   25 
  1780:  -95   81  -34  205   32  117   36  -19   31 -117 
  1790:  -61   28   64  -24    2  -24  -80  -40   12   -4 
  1800:   14  165  120  119   62  232   -9   -1    0    0 
  1810:    0    0    0   -2   -4   92    2   -1    0    0 
  1820:    0    0    0    3    3    0    0    5  -17 -156 
  1830: -166  -15  -56   15   43   57  116  -39   36   63 
  1840:   48   66 -190   48   35  -48   65   72    9  -48 
  1850:  213  -16  -67   24   27  184   32   25   -3    0 
  1860:    0    0    0    0    0   -2    1  101    1   -1 
  1870:    0    0    0    0    0    1    1    0    0   10 
  1880:  -71 -159   25 -160  217  118   48   -5  -59  -33 
  1890: -146 -107   63  -47 -118 -211  -77 -100  -71  129 
  1900:  194    7   70  -56  -80  -64   81   33  -89  -74 
  1910:   11    0    0    0    0    0    0   -2    1  109 
  1920:    1   -1    0    0    0    0    0    0    0    1 
  1930:    1    9  -63   15 -222 -171  100  235 -171    5 
  1940:   55   -1  -55 -159   18  -43 -146  -56 -116 -145 
  1950: -122  -79  -96   54   10 -226 -211   70   28  126 
  1960:  -16  -13    1    0    0    0    0    0    0   -3 
  1970:   12  118   -1   -1    0    0    0    0    0    0 
  1980:    0    0    0    8  -33  -66  -35  -66   36   30 
  1990: -186   77  122  -19 -166 -238   37   -6 -173 -149 
  2000: -116 -162 -176  -60    6   76   43  -87  -94 -104 
  2010:  152   33   25   -4    0    0    0    0    0    0 
  2020:    0   -4   13  118   -1   -1    0    0    0    0 
  2030:    0    0    0    0   -1   11   40 -136  -85   40 
  2040:   22 -135   48   59   60  -42    2  -84  -40   40 
  2050:  -42  -80  -51 -137  -45  -25 -174  114 -138   57 
  2060:  -58 -179  181   32  -68  -57    7    0    0    0 
  2070:    0    0    0   -4   20  123   -2   -1    0    0 
  2080:    0    0    0    0    0    0   -1   -7  115  155 
  2090:  -97   13 -120   27   47  -47   60  102   69  -53 
  2100:  -58 -195   16  -55   65   17 -204  -43  -58   27 
  2110:  -67  -73 -103 -122  -11   63   68  -10    0    0 
  2120:    0    0    0    0    0   -4   17  120   -1   -1 
  2130:    0    0    0    0    0    0    0    0    2  -27 
  2140:  -11  -20  -95  -71  -83  113  178   53   19   27 
  2150:   34  -73  -72   92   77  -36  -15  148  160 -137 
  2160:   50  -23  -39  -50   11  -80  136   27    8  -64 
  2170:    7    0    0    0    0    0    0   -4   20  126 
  2180:   -1   -1    0    0    0    0    0    0    0    0 
  2190:   -6   38   36   -8   39  -97   37   67  -37   13 
  2200:  163   -3  -37  -13   79   11  -36   75   -7  -27 
  2210:  -94  115  -41  135 -188 -159   36  127  -23   94 
  2220:   -3    0    1    0    0    0    0    0    0   -5 
  2230:   27  130   -2   -1    0    0    1    1   -1    4 
  2240:    0    0  -19  -26  200   25  103   12  -30   22 
  2250: -233    2  165 -101   96   42   38  120  141    9 
  2260:  -58  -53  -93  -89  -92  120  -99 -103 -117 -153 
  2270:  -45  -26   24   71    4   -1    1    0   -2    1 
  2280:    0   -6   25  128   -6   -1    0    0  -13    3 
  2290:    5   13  -19   -2   25  -97   51  123  145  -90 
  2300:   38  102    1   35   48  -54   -8   15  -96  216 
  2310:  178   33  -55   51  -11   58  140   -7   65  -24 
  2320:  -62   37  -79 -124  202    7  -15    3    0    0 
  2330:    0    0    0   -5   31  131   10   10    0   -3 
  2340:   44   58   -6  178  -36   -1 -153  -55   85   19 
  2350:   19  -92  108    9   23  211  -34  -42   92   10 
  2360:   82 -160  -13   16   79   29  -10 -156  -60  121 
  2370: -105  123  -25  -53  -33  -64  -88   54  116   -3 
  2380:    0    0   -1    0    0   -5   32  138 -102   12 
  2390:   18  -23    5  -13  129  272 -139   99  128  -54 
  2400:  -55  -52  -47 -171 -124 -163  -52   82    4  -70 
  2410: -285  -41  137   24  -11    4   15   16   -5   -1 
  2420:   18  -25   -4   14    9   14    9   22   -8  -18 
  2430:   -4    3  -10  -27   10   -1   -7   -1   22  106 
  2440: -113  185  169 -120  -68  -70 -143  -31   39   23 
  2450:   64   77   58   55  -27  -43   -5  -13   20    9 
  2460:   20  -52 -279  -86  -40   11   -2    1   21   50 
  2470:  -12    0   19 -136  -74   19   64  -25   47   42 
  2480:  -30 -147   16    8   -9  -58   18    6   -2    4 
  2490:   -9  -80    0 -156 -171  -59 
