     0:    0    0    0    0    0    0    0    1   13    0 
    10:   -3    2    7    7    4   -2    0    1    0    0 
    20:    0    0    0    0    0    0    0    0    0    0 
    30:    1   12    7    9  -11    1    0    0    0    0 
    40:    0    0   -1   -1   -3   28   18   42    8  -26 
    50:  -60  -31    3   -2   -1   -1    1    0    0    0 
    60:    0    0    0    0    0    0    1   -2   -4    1 
    70:    0    0    0    0    0    0    0    0    0    6 
    80:    0    5   -3    8  -10   -7  -21   17    3  -50 
    90:    7    8   14   -4   -1    0    0    0    1    2 
   100:    0    1    3   -5  -19    5    0    0    0    0 
   110:    0    0    0    0    0   -3  -50  -14   -5   32 
   120:   46   16   -3  -14   29   -1   -2   19   12   13 
   130:   17    3    1    7    0   -6   -9   -5    6   -5 
   140:   -1  -87  -16    8    0    0    0    0    0    0 
   150:   -1    4  -23  -22    5    5  -31  -11    3  -32 
   160:   41    9  -28   -2    8   32  -48  -12   -5   -9 
   170:   49   30   30   70   -8   34  -11   -5   18  -55 
   180:  -15    1    0    0    0    0    0    2  -10  -20 
   190:  -28  -15  -50    5   29   47  -24  -38  -16    5 
   200:    6   17   -3  -20   -6   -7   43   24  -28  -30 
   210:   11   13   32    3   -8    6   38   -8    5   -1 
   220:    0    0    0    1   -2  -77  -19   36  -49  -38 
   230:   -6    6  -14   -9  -13   18  -25   -8  -19   19 
   240:  -19   17   -1    2    7   25    8  -18  -26  -16 
   250:  -22  -33   31   75  -18  -23    3    0    0    0 
   260:    0  -20   16  -20  -36  -17   46    8  -51   -8 
   270:    3   28    5   34  -18   -3   11   -5  -11   -6 
   280:    6  -21   -2  -18  -31    8   22   -3  -12  -13 
   290: -113  -32    4    0    0    0   -1   11   27 -119 
   300:  -49   13  -44    4  110  -49   48  -33  -19    3 
   310:   41   -2    9   21  -24    3    8    0   10    9 
   320:  -20  -40  -39  -13   15   -4  -16   64  -40  -67 
   330:   11    0    0    3  -36   32   51  -30   -3  -34 
   340:  -87  -28   -8   31   18  -11   -4  -38  -20   -6 
   350:  -14   16   18  -16  -21   -3  -28  -36  -14   30 
   360:  -22  -41    2  -39  -67   33   54  -10    0    0 
   370:   -5  102  -39  -37   35    6  -25  -59  -48   66 
   380:   38    7   35   -7   24   34    8  -27   -5  -15 
   390:   19   26   12   32   23   13   36  -44   -8   32 
   400:   95   18   53  -30   20    0    0    0  -94   39 
   410:  -16 -101   10   22    5   15  -16   -5   -7  -10 
   420:    4   -5  -41  -19   19   16  -44   -5    9  -15 
   430:  -33   24  -73  -93  -56   -6  -28  -60  -60  -65 
   440:   24   -4   -2    0  -30   37 -102   56    3   26 
   450:  -18    3  -30   21  -10    8   22  -15    9  -17 
   460:    2  -16  -41   71    1  -51  -51  -35  -75    1 
   470:    4  105   -2  -41   49  -14   85  -27  -31    4 
   480:    0  -10   -4  104    3  -18  -23  -32   61  -46 
   490:  -10   11  -20    0   38  -15  -31  -55   -3   48 
   500:   -5  -32   42   95   20   56   75  -82  -31   30 
   510:   56    5   -5  -14  -22   10   -3    1  -13  -42 
   520:  -56   48   41   13  -16   -6  -14   18  -38   68 
   530: -117  111  -62   17    6   56  -52  -53   85    5 
   540:  -74  -76  -57  -22  -10  -63  -42   12   14    7 
   550:   14   57   -5  -13    3   -4  101   51   -1  -62 
   560:   45  -80   19  -30   93  -22   20 -128  123  -88 
   570:   71    2  -88  -14  109   -2  -17  -10   55  -35 
   580:  -10   -8  -17   39   -5  -37  -17  -65    1   21 
   590:   13   -3   43   36  -14  -12   47  -72   39  -47 
   600:   29  -31    7   -6  -35   23  -62  -33    6   32 
   610:    4  -94   15  -11   10    4   13    2    4   19 
   620:  -35  -35  -30    1  -29  -46  -35   -8    5   40 
   630:   14  -40  -26  -31   36    9  -10  -22   11  -28 
   640:   30  -11  -27  -17   -9  -30    6  -24   38    9 
   650:   13   34    0    3   -7  -17   -2   37    2   36 
   660:   21  -12   -5   10   22    1   24   21   10    6 
   670:   35  -59   74   12   -1    3   -5  -28   16   -9 
   680:   10  -10   16   -9    7   17   37    5   16    3 
   690:  -19  -16  -13  -43   10   24   -9   14   16  -21 
   700:   48   36   -6   39  -13  -45   36   -6   39  -20 
   710:    2  -22   23  -20    1  -19  -13    8   12    2 
   720:  -14  -15  -16   -4   18  -16   -3  -24   21    0 
   730:    3   21   21    4   20  -25   23  -36   26    0 
   740:   37   -8  -26   -5    1   20   -5  -18   21   -3 
   750:   -8  -13   16   32   -9    0    6   14   -1  -34 
   760:    4  -33  -31  -22  -29    4   41  -10  -31    5 
   770:   -1   16   16   23   17   12   -5   40   18  -21 
   780:   10   19  -25   27   -8   28    5  -24   14  -18 
   790:  -28  -28   57    5  -12  -24   -5   44   -1  -41 
   800:   17  -12   -9  -52  -12   16   24  -20  -15  -13 
   810:   17  -29  -10    3   37   -7   15    6  -11  -24 
   820:  -29  -11   -6  -11   -7   15  -10  -10  -19   14 
   830:   23  -29   38   -7  -40  -23   -3  -20   43   37 
   840:    9    4   20    3   48   22    9   46    4  -14 
   850:    3   19  -13  -11   12   25   11   -3   11   41 
   860:   -5  -16    1   -9    7   33  -28   19   17   -9 
   870:   15  -47  -30   -8   -6  -47   23   32   10   26 
   880:  -17  -20    2   57   -6    5    1    0  -13  -21 
   890:  -45   -2   14    2   -9    3   19    4  -13   -6 
   900:    2   -4  -21   -2    0   -6   33   37  -21   46 
   910:    3  -26  -18   43   11   27   35    6   80   70 
   920:   66  -47   -1    0    0  -30  -48    9   28    8 
   930:  -27  -22   48    4   -8  -21  -18   -1   31   30 
   940:   10  -10   17  -10  -38  -18  -56   -7   19    4 
   950:   -6   23  -23    3   40   61   52   82  -35   -8 
   960:    1    0   -7    1   47  -14  -62  -53   27  -41 
   970:   49  -10   19  -24    0   25   37   -1   19  -63 
   980:   10    1    1  -27   64   73  -19   -3   44   45 
   990:   68  -13   10   12  -10  -19    4    0    0    3 
  1000:   -3  -31  -13  -16  -18  -25   -6   -2   15  -52 
  1010:   32   -8   21  -22  -10  -38  -24  -45  -19   14 
  1020:   55  -53   51   43   63  -58  -33  -98    0  -20 
  1030:   -3   -1   70   -6    0    0   -1    1  -17   13 
  1040:   17    0  -32   16   27  -56   -5   36   33   -2 
  1050:  -10  -21   74   60  -33  -26    7  -43  -56    7 
  1060:    8   27  -85  -51   17  -25    9  -98   30   29 
  1070:   -1    0    0    0    0    1  -11   62   -1  -38 
  1080:   -6    3  -24  -70  -29   -6   34   12  -28    4 
  1090:   22    5  -43   31    7   -2  -11   12    5  -16 
  1100:  -32   58   13  -32  -39   15   25   -2    0    0 
  1110:    0    0   -1    2   -7    0  -14  -31  -29   -7 
  1120:  110   27   17   11  -36   97  -31   32   18  -14 
  1130:    3   -5   11   15  -16   45   -3   32  -23   43 
  1140:  -88  -36    8    3   -1    0    0    0    0    0 
  1150:    0    1   11   26    8   -4   36  -32   27  -11 
  1160:   -9   12   26   14  -25  -14  -67   25   -6   43 
  1170:  -26  -22   25   45  -13    2   46   32   -4   -6 
  1180:    1    0    0    0    0    0    0    0   -4  -26 
  1190:  -25   29  -75   15  -24    7   11   26  -33   47 
  1200:  -24  -39   15  -18    6  -25   34  -24   -5  -18 
  1210:  -42   60   12   -3   -4  -22    6    0    0    0 
  1220:    0    0    0    3   -2    2  -45   25  -22  -50 
  1230:   51  -16  -43   22   26  -38   25  -37   26  -12 
  1240:    2   27  -21  -10   30  -40   29   -5   36   -3 
  1250:   17   26    7    0    0    0    0    0    0    4 
  1260:   -8   -8  -50   55  -24  -35  -15  -14   38   43 
  1270:    1    8   13   41    2    5   13    2   47    7 
  1280:  -28  -17  -14    5   59   -3  -26    4   -3   12 
  1290:    0    0    0    0    0   -1    2   14   -1   13 
  1300:   33  -19  -12   20  -23  -23   -4   19   22    0 
  1310:  -85   18    8  -58   16   20  -59   10  -57  -43 
  1320:  -12  -10  -10   -6    2    1   -1    0    0    0 
  1330:    0    0    4   61   89   92  -22  112   17  -46 
  1340:   16    8   -7   14   25   18  -50   16  -13   -2 
  1350:   13   25    2   17    6   -8   37   23   11   -5 
  1360:   -3    0    0    0    0    0    0    0    0    5 
  1370:   25   50  -12  -73   24   24    3   13  -11   -3 
  1380:    2   -4  -10   10   -6   -4   -3    3   10    9 
  1390:   -8    7    9    8    3   -1    0    0    0    0 
  1400:    0    0    1    0    0   -1 
