     0:    1   -1    1    0    1    1    5   -2    2   -1 
    10:    2    0    0    1   -2    3    2   -1   -2    0 
    20:    0   -2   -3    2   -4    0    3   -2   -2    2 
    30:    1    0   -1    0    0    0    0   -2    0    0 
    40:    1    2   -8    0    0    0   -1   10    0    2 
    50:    0   -1    0    0    0    0    0    0   -1    0 
    60:    0    0    0    0    0    0    0    0    0    1 
    70:    0    0    0    0    0    0    0    0    0    0 
    80:    0    0    0    0    0    0    0    0    0    0 
    90:    0    0    0    0   -7   -3    1    0    0    1 
   100:   -1    0    0    0    0    0    0    0    0    0 
   110:    0    0    0    0    0    0    0   -2   -1    0 
   120:    0    0    0    0    1    0    0    0    0    0 
   130:    0    0    0    0    0    0    0    0    0    0 
   140:    0    0    0   -1    0    2   -2    0    0   -1 
   150:    0   -3    0    0    0    0    0    0    0    0 
   160:    0    1    0    0    0    0    0    0    6    7 
   170:    5    0    0    0    0    4   -4    0    0   -2 
   180:    1    0   -2    0    1    0    0    0    0    0 
   190:    0    0    0    0    0    6    1  -17   -8   -1 
   200:   -2    8   -4    6   -1    0    0    0    0    0 
   210:    0    0    0    0    0    0    0    0    1   -1 
   220:   23   23   -8    0   -1   -3    2   -9   34    3 
   230:    6   15    6    5    2   -1   -4   -3   -1    0 
   240:    0   -1   -1    2    1   -1    2    6   -6  -21 
   250:    0   -1   20    9   -2    7    0    0    0    0 
   260:    0    0    0    0    0    0    0    0    0   -1 
   270:    2   -3    2  -15   -1   15  -13  -18    9   68 
   280:  -14   37   34  -17   58    5  -61   -5   29   22 
   290:   15   -1   -2    4    8   -9  -12    1   -2   12 
   300:  -12    4  -15   -5    3   -7    5   -1    0    0 
   310:    0    0    0    0    0    0    0    0    0    0 
   320:   -1   10   48   16   16   -1  -34   11   18   -9 
   330:   14  -36 -153  -47   24 -126  100  100 -115 -107 
   340:  -54  -15   26    1   -3    0    0    3  -11    4 
   350:   -7    0    2   -1    8    1   -3    1    2    3 
   360:    0    0    0    0    0    0    0    0    0    0 
   370:    0    0   -2    6   25  -20    7    4   -2   -8 
   380:  -25    4   14  -16  -25  -48   31  -78  157  107 
   390:  -12  -57  -28   -7  -16   -6   -9    0   -4    8 
   400:   12  -11    7    9   -2    0    9  -11   -1   -7 
   410:   -3    0    0    0    0    0    0    0    0    0 
   420:    0    0    0   -1    6    9   -7   -9    7  -11 
   430:   10   10   26  -13   -9   -8   19   56   21  -69 
   440:   27   96  -10   -5   21  -10   -2   -9    3  -12 
   450:   -8    7  -10   -5    7   -2    0   -3    1   -4 
   460:   -3  -10    0   -1    0    0    0    0    0    0 
   470:    0    0    0    0    0   -1   13   15   -4    2 
   480:   20    7  -31    7   -5    3   -3   13    4  -43 
   490:    0   26  -77  -13   -4   24   15   -1  -28    6 
   500:   -5   -4   13   -8   -5   -5   -2    7    1   -4 
   510:    2    3    5   -5    1    1    0    0    0    0 
   520:    0    0    0    0    0    0    0    1    5    4 
   530:   -1    4    2  -11    4   -4   12   -2   12   -4 
   540:   23   28  -12  -16    9   17   24   -8   -9    7 
   550:  -15    6    6    4   -7  -10  -27   -6  -13    5 
   560:  -24  -10    1    0   -1    0    0    1    0    0 
   570:    0    0    0    0    0    0    0    0    0    1 
   580:  -15    2    6  -10    1    8  -12  -16  -16  -37 
   590:    0   15  -10    2  -16   -2   -3   -3    7    0 
   600:    6   18   -8   -2   -8   12    7   -6    5   11 
   610:    1    0   -8   -5   -4    0    0    0    0   -2 
   620:    0    0    0    0    0    0    0    0    0    0 
   630:    1   -8  -64    0   -6    2    5    6  -12  -14 
   640:    0    7  -13  -11    1    7   -1    7  -10    1 
   650:   13   -6    6  -11    5    5    5    0  -24    4 
   660:   11  -13   -5    0    0    0    1    0    0    0 
   670:    0    0    0    0    0    0    0    0    0    0 
   680:    0    0    0    2   22    4  -17   -3   -8    6 
   690:    1   -4  -16  -14   -8   -7  -14  -12    0    7 
   700:    4   37   13   -8    2   -1  -19   -9   -4   -2 
   710:    5    2   -6   16   -3  -10    1    0    0    0 
   720:    0    0    0    1    0    0    0    0    0    0 
   730:    0    0    0    0    1   -7  -18    1    8   -6 
   740:    3    9    3   -8    6   41   -8    1    7   -9 
   750:   -3    0   -5   18   -1    9    6   -8   -3   -9 
   760:   -1    1    4   -8  -29    1    7   17    0    0 
   770:    0    0    0    0    0    0    0    0    0    0 
   780:    0    0    0    0    0    0    0    4   -9   -3 
   790:   -6   -3    6    5   -2   -2  -20  -10    6  -19 
   800:    5    0  -12  -25    4    5   13    5   -7  -18 
   810:    7   -2   -2   -4   -6   15  -14  -22   13    3 
   820:    1    0    0    0    0    0    0    1    0    0 
   830:    0    0    0    0    0    0    0    0    0    5 
   840:   28    4  -20   -1    8    8   -6   25   -7    5 
   850:   -1  -19   -5  -19   12  -21   10   12   -1    2 
   860:   -3  -14   -1    7   -4    4  -13   -4    4    0 
   870:   32  -17    1    0    0    0    0    0    0   -1 
   880:    0    0    0    0    0    0    0    0    0    0 
   890:    0    1   -2    8   34   -8  -16  -19   -1   17 
   900:    5   12   -3   14    0   10  -37  -26   18  -10 
   910:   -6   -8   -2    6  -19    2    9    1   25    3 
   920:   -4    7    4  -17    0    0    0    0    0    0 
   930:    0   -2    0    0    0    0    0    0    0    0 
   940:    0    0    0    0  -20    9    1   -4   -5  -28 
   950:   18   20   -5    9   -3   -2   10    0    5    7 
   960:    0   17  -15   -1    2   -4    1   -2    1   -5 
   970:  -34  -11   -7   -7  -22  -11    4    0    0    0 
   980:    0    0    0   -1    0    0    0    0    0    0 
   990:    0    0    0    0    0   -1   21   24  -23   12 
  1000:    0   15    1   15   -4    7    6    7   18    6 
  1010:   21    2   10  -29   67    1   26   19    9  -17 
  1020:  -22  -24    2   25   18   -3   -6   -2    1    0 
  1030:    0    0    0    0    0   -3    0    0    0    0 
  1040:    0    0    0    0    0    0    0    0    3  -39 
  1050:  -10   -8  -49   -5   10   10   -4   -2    9   19 
  1060:    0    5  -16   25   39    7    8    4    7  -11 
  1070:   -4    8  -11  -15    4   -3   26   -6  -12   25 
  1080:    3    0    0    0    0    0    0   -1    0    0 
  1090:    0    0    0    0    0    0    0    0    0    0 
  1100:    2  -12  -11   -8    0  -15    8    4   10   15 
  1110:   -1   -8  -38  -16   27  -22   16    5    9  -23 
  1120:   -8  -12    5   21   -5   16   -6    3   12    8 
  1130:    1  -11   -1    0    0    0    0    0    0   -2 
  1140:    1    0    0    0    0    0    0    0    0    0 
  1150:    0   -1   14  -12   12   -2   10   -5   -9   12 
  1160:   -7  -34  -12 -104   12   -3  -38    0   29  -32 
  1170:    6   25  -47  -10  -23   54   -8  -29  -31   -1 
  1180:   36   20   18   33   -3    0    0    0    0    0 
  1190:    0    3    0    0    0    0    0    0    0    0 
  1200:    0    0    0   -1   13  -56    0   -7   11   30 
  1210:    9    2   39    5  -30   38  -35   19   15   -1 
  1220:   -2   62   17  -69   57   24  -27   37   41   55 
  1230:  105   73    6    5   39    3   -2    0    0    0 
  1240:    0    0    0    0    0    0    0    0    0    0 
  1250:    0    0    0    0    0   -2   17   38   -2   24 
  1260:  -28   68   12   -8    9   10    8  -57  -38   68 
  1270:   -7   26   32    1   -5   -9  -84   34   45   -9 
  1280:  -41  -13    9  -15    8   11  -48    9   -2    0 
  1290:    0    0    0    0    1    0    0    0    0    0 
  1300:    0    0    0    0    0    0    0   -1   14   -4 
  1310:    7   13    0    9   19   -2   46   -7   51   -1 
  1320:    1  -24  -37   20  -75   27   24  -10   49  -50 
  1330:  -10   -3   31  106   70   83   32   20   25  -17 
  1340:    2    0    0    0    0    0    0    1    0    0 
  1350:    0    0    0    0    0    0    0    0    0    0 
  1360:   -7  -28  -15    9   28  -12   -8    4    2   11 
  1370:   67    1    6    1   33   13   23   23  -10  -37 
  1380:  -16  106  -28   53  -42  -96  -10  -57   78  -31 
  1390:  -94   -1    1    0    0    0    0    0    0    0 
  1400:    0    0    0    0    0    0    0    0    0    0 
  1410:    0    0    1  -19  -13   -8    8   11   -9   -5 
  1420:   52   23  -30  -12   -3  -17  -19    5   24   -8 
  1430:   47  -23    7  -17   35  -45   41    9  -22 -108 
  1440:   -3    4    7   -4    0    0    0    0    0    0 
  1450:    0    2    0    0    0    0    0    0    0    0 
  1460:    0    0    0    0    0  -21   -3   28  -11  -38 
  1470:  -26   10  -20   31   10  -11    8  -17  -35    5 
  1480:   -2   -2  -14  -13  -22    8   80   54   18  -41 
  1490:   91  -54   -2  -68    6    4    0    0    0    0 
  1500:    0    0    0    1    0    0    0    0    0    0 
  1510:    0    0    0    0    0    0   -3   24    9  -19 
  1520:   27   10  -16   24  -19    0   14   39  -27  -23 
  1530:   30    4    5    3    3    2    4   44   30   -5 
  1540:  -29  -21   -5   30  -68  114    9   -2    0    0 
  1550:    0    0    0    0    0    0    0    0    0    0 
  1560:    0    0    0    0    0    0    0    0   -3   28 
  1570:    0  -28  -36    0   18    0  -27    7   -5    1 
  1580:  -38  -34   31   -3  -11   19    9  -11  -16    2 
  1590:  -10    2   -4  -12    6    3    3    0   -1    0 
  1600:    0    2    0    0    0    0    0    0    0    0 
  1610:    0    0    0    0    0    0    0    0    0    0 
  1620:    2  -15  -15  -13    8    0  -29   76  -76  -17 
  1630:    3   10   12 -147   30    9    4   13   30   -4 
  1640:    7    7    8    6   -7    3   -4   -3  -10    1 
  1650:    1    0    0    0    0    0    0    0    0    0 
  1660:    0    0    0    0    0    0    0    0    0    0 
  1670:    0    0    1   -7   14  -29   33   35   58  -26 
  1680:  -25   24  -10    1  -14  -81  -13  -80  -96  -15 
  1690:  -36   18   12    0  -43    2  -12   19    9  -25 
  1700:   12   -5   -2    0    0    0    0    0    0    0 
  1710:    1   -1    0    0    0    0    0    0    0    0 
  1720:    0    0    0    0    2   -8   -5   13  -12  -10 
  1730:    4    0  -13   24   17   14   44  -57    4  -15 
  1740:  -45    4   60  -17  -35  -27   40   37  -20   35 
  1750:  -32   40  -34   39    5    0    0    0    0    0 
  1760:    0    0    0   -3    0    0    0    0    0    0 
  1770:    0    0    0    0    0    0   -2   26   21    2 
  1780:  -12    3  -21  -29    4  -19  -62   19   46    2 
  1790:   -5    7  -70  -12   -2    9   -5  -30   51    5 
  1800:  -48    8   -4    9   37  -18    3    0    0    0 
  1810:    0    0    0    0    0    2    0    0    0    0 
  1820:    0    0    0    1   -3    0    0    0    1   24 
  1830:  -26   16   26   -7    6  -13   20  -25   42   38 
  1840:  -29   -2  -73  -66   41   26  -11   33  -23   29 
  1850:  -49   16  -37   13   22   -2  -31   16   -2    0 
  1860:    0    0    0    0    0    0   -1    0    0    0 
  1870:    0    0    0    0    0    0    0    0    0    0 
  1880:    2  -33    2    9   15   30    4  -27  -70    9 
  1890:  -55    9  -12   37    6  -70  -33   60   52  -26 
  1900:   -6   26   36    2  -31   11   50   21  -27   -5 
  1910:    1    0    0    0    0    0    0    0    1    0 
  1920:    0    0    0    0    0    0    0    0    0    0 
  1930:    0    0   -1   -1  -14  -15   -2   -3    5   26 
  1940:  -24   40  -29  -14  -22  -30  -54   33    3  -62 
  1950:   -9  -67   45    5   25   29  -16    1   27   -9 
  1960:    2   -1    0    0    0    0    0    0    0    0 
  1970:    0   -1    0    0    0    0    0    0    0    0 
  1980:    0    0    0    1   -4  -42   15   63   -3  -10 
  1990:    8  -42   90  -31   14  -21  -20   19    2   -2 
  2000:   26   21   79   -7  -44   10  -13   10   31  -15 
  2010:  -13  -16  -36    0    0    0    0   -1    0    0 
  2020:    0    0    0   -2    0    0    0    0    0    0 
  2030:    0    0    0    0    0   -1    3   12  -14   -8 
  2040:   -9   -3  -37   70   -6    0  -26  -37   -1   17 
  2050:  -63   52   31  -31  -58   12   48   -7    3  -36 
  2060:    2   -5   26   34   13   -6    0    0    0    0 
  2070:    0    0    0    0   -1   -1    0    0    0    0 
  2080:    0    0    0    0    0    0    0    1   -7  -49 
  2090:   -1   12   42   11   41    2  -23  -33   21  -11 
  2100:    0   44   -5  -42   -8   82   67  -78  -17  -31 
  2110:   88   -7    3   23  -33   -8   -2  -22    3    0 
  2120:    0    0    0    0    0    0    1   -1    0    0 
  2130:    0    0    0    0    0    0    0    0    0   -5 
  2140:  -21   -2  -13   32   39    6  -47   17   27   36 
  2150:   -7   40   26  -19    0   38  -26   47  140   25 
  2160:  -75 -104  -66    7   73  -49  -11    3   16  -40 
  2170:    4    0    0    0    0    0    0    0    1   -1 
  2180:    0    0    0    0    0    1    0    0    0   -1 
  2190:    0   10   19  -15  -65  -57    6   10   15   31 
  2200:  -10   19    8  -21  -38   -6   -1   25   15  -37 
  2210:  -22  130  117   80   23 -111   24   19   16  -49 
  2220:   23   -9   -1    0    0    0    0    0    0    0 
  2230:    0    0   -1    0    0    0    0   -2    0    1 
  2240:    1    3    0  -16  -36   19   30    6  -52   23 
  2250:  -32  -14  -12   -2  -10   50    3   17    9    7 
  2260:   -1   37  -26   -5   49  133   57   11  -87   14 
  2270:   47    0    1  -38   10   -1    0    0    0    0 
  2280:    0    0    1   -1    0    1    0    0   -1   17 
  2290:    1   -6   -4  -15  -25   38   13  -17   15  -43 
  2300:   12   -8   43   16   15  -21  -19   10  -27   42 
  2310:  -27   32   10  -22   75  -54   50   29   85   27 
  2320:  -66   58   33  -12  -19   -2  -16    3    0    0 
  2330:    0    0    0    0    1    1   -1   -6    0    3 
  2340:   -2    0   -1    1    7   38   -1  -28    7   34 
  2350:  -36   -2   -1  -11  -15   47   29  -19   11    3 
  2360:  -19  -28   52   57  -52    0  -14   19   11  -40 
  2370:   13  -18   19  -89   53  -36    6  -23   15    3 
  2380:    0    0    1   -1   -2    0   -1    0   11    2 
  2390:  -14    6  -15    6  -16   -8   -4   -9   -8  -16 
  2400:    6   11  -12    8   -8  -10    2    6    8   15 
  2410:    8   -4   12    4   -6   -6    4  -13   -6   -7 
  2420:    4  -12    9    2   -4   24    1   -4   -7   18 
  2430:   -4    2    0    1   -8    3   11    2    2    1 
  2440:  -11   -3   14    7   10    4    0    0    2   -6 
  2450:    4  -12   21    6    3  -24   -6    7   32   19 
  2460:    5   22    4   16   -9    0    0    3   -1   -1 
  2470:   -2    1   -4    6    6   -3   13    3   -2  -12 
  2480:    4   23    2   -1    6    1   -9   -3   -4    3 
  2490:   -1   -2   -3   16    3   -8 
