     0:    0    0    0    0    0    0    0    0   17    0 
    10:   -8    3   12   17   10   -3    0    1    0    0 
    20:    0    0    0    0    0    0    0    0    0    0 
    30:    1  -14    1   -2    2    0    0    0    0    0 
    40:    0    0   -1    0  -23   33   25    6   15    8 
    50:    6   -1    5   -6   -7   -3    2    0    0    0 
    60:    0    0    0    0    0    0    0   -6   -1    1 
    70:    1    0    0    0    0    0    0    0    1   16 
    80:   16  -61    4  -15  -48   -4  -12    9  -18    7 
    90:   17   -4   20  -15   -6    0    0   -1    1    4 
   100:   -1    2   11  -29  -45   24   -3    0    0    0 
   110:    0    0    0    0    0  -12  -75   32   36   30 
   120:    8   19  -21  -75  -46  -59  -44   13   -4    8 
   130:  -13   -9   12   18    0  -19  -34  -32   -5    3 
   140:  -66   41   66    5   -1    0    0    0    0    0 
   150:   -2   19  -67 -104   28  157   90  -29  101   83 
   160:   -5   13   -6  -35    2    2   10   35    9   15 
   170:   61   66   36   19  -36  -68  -21 -186  -72   19 
   180:  -39    0    0    0    0    0    0   -2   43  104 
   190:  -91   48  -41   42   22  116  113   87   60   75 
   200:    4   -9   18   -1   23  -60   14  128  118   90 
   210:   61   -5  -45  -41 -118 -160 -129 -126   12    0 
   220:    0    0    0    0    8  -33  148  -84   42 -240 
   230: -132  157   32  -25   -8   -5   31   59   20    3 
   240:    9  -51  -97   42  140  124   98  146   96   33 
   250:  -14   31   87   63  -15  -24    3    0    0    1 
   260:  -11   20  143  -45  -72  252  -25 -202   91 -113 
   270:  -73   19  -16  -35   -1   -6    5   14 -113 -156 
   280:  -22  108  130  132  166  136   69  144  190  184 
   290:  213   66  -37    5    0    0   -3   41 -176   -8 
   300:  184 -131   90   32  -15   85  -58   28   94  -63 
   310:  -18    9   12   -1   -9 -132 -164  -78   31  129 
   320:  179  132 -119   89  248  145   85   43  130  124 
   330:    1   -2    0   -5    1  160 -209   73  -87  -31 
   340:   32  -58   43   57  158  -66    2  -21    3  -26 
   350:   -7   27  -90 -178 -167 -127  -79  -43 -197 -186 
   360:  129  163 -123 -155 -150   53  127   19   -6    0 
   370:    8   -7  -51   78   20  -18  -35   33   23  -32 
   380:  -61  151  -51   78 -120   22  -33   48  128   14 
   390: -106  -88 -107 -138 -169 -141   88  241   42 -205 
   400:  -61   26  156  154   -3   -1    0  -21   32   51 
   410:  -64   70  104  -45   59  -21    3   37  -48    2 
   420:  102  -92    7  -17  108  182  -49   51  195  168 
   430:  155  143  169  185  -22   54   80  181  176  110 
   440:   63   26   -5    0    7 -155   33  -22   26  -50 
   450:   12  -29   21   16   15  -21   26  -18   25   -7 
   460:   95  173 -130  -78  261   95  109  153  119 -162 
   470: -114  -93  173   32 -112 -122 -100  -33  -99    0 
   480:    2  -12   56  -46   39  -55   40  -40    4    5 
   490:  -11  -21   22   12   19   24  -25   64 -136 -126 
   500:  224  -30 -232  151  124  -14  -45   45   76  181 
   510:  -80 -216 -209 -129 -162  -91   -8    4  -27  -59 
   520:   65  -38    5  -47   17   31   12   -4  -15  -13 
   530:  -37   -3   23  -33  -47   40  194   -8 -274  -74 
   540:   60  -43  -96  -39  -89   14   -1   40 -155  -18 
   550: -124 -150 -180    1    4  -43  -70   17  -49   28 
   560:   19  -47   27    0    3   -8   41  -50   26   -9 
   570:  -12   15  102 -213  -48 -123   83 -107 -177  -77 
   580:  -51  -84 -153  -97   63  -31   92   25  -75 -103 
   590:   34   -2   -2    5   14  111 -160   60  -25   -1 
   600:    0  -12  -10   11   11  -18   36   -1   64 -147 
   610:  130   -1 -162   96   17  -99  -43   -1    9  -97 
   620:  -62  115   53  142   53  -69  -37   28   -1   25 
   630:   33 -131  125   47   -7   23  -11    2   -1   27 
   640:  -30   -5   -5  -14   26    1  -72  205 -226 -128 
   650:   -1   -3   -1   51  122   76   72 -119   94   91 
   660:  124  144  -17   70   39   -8   20  146 -105 -184 
   670:   52  -73   49  -16   15   22   10   23   -9   25 
   680:  -12   43  -60  -32  118 -180    5  -49  -66    4 
   690:  -10   47   76  -18 -100   79   92   70  133   39 
   700:   40   57   -9  -66  110  147  -82   50  -41   14 
   710:  -19    7  -38   22  -34  -57    9   -9    7   20 
   720:  -79   76  -11   61  -40  -43   37  -15   18   -2 
   730:  -30   40    4  -15    3   46  -12   40   12   -6 
   740:  -63   25  161   13   -9  168 -142   -9   14  -49 
   750:   21   22  -41   44    7  -58  101    0  -23  -46 
   760:  -26  -43   15  -18   23   49    4   44   59  -72 
   770:  -49    2   32   30  -32    4    0  -65  -59   68 
   780:   -1  -48  122 -126  -87  126   -3   22   26    2 
   790:  -16   10  -81  132   87  -27  -15   12  -17   -4 
   800:   26   22  -17    4   36   -9  -30  -17   -1   14 
   810:   60  -15  -29    7  -35 -107  -25  -15  -49  -24 
   820:    9   -3   41   35  -12    7   27   17   15  -15 
   830:   10   14  -22    2   25    7  -68    1   28  -14 
   840:   30    0    4  -20   17  -27  -51    3   -5    0 
   850:    0  -31 -105  -62  -26   11   -4    9   14  -23 
   860:   -5  -18   18   12   33   23  -23  -28   -7   16 
   870:   23    0    6  -32   20   54   15   39    4   55 
   880:  -11   17  -27  -34   -2   -2    0    0   -2  -34 
   890:   -2   -6    8    9    7  -62   -3  -18   15    3 
   900:  -19  -14  -16   -3   14   43   13   11    9   25 
   910:   19   35   10  -19   19   -1    1    6    8  -14 
   920:    6   70    6   -1    0    0   51   65   12  -11 
   930:  -29   17  -15   10  -10   19   32  -31   22  -70 
   940:   -4  -10   20  -25   12  -45   27  -17  -34  -52 
   950:   60   -6  -11  -26    3    1  -21   -7   64   -1 
   960:    0    0    1   24   58   -1  -13  -15  -16   55 
   970:   15   19  -47    5   44   -5  -69  -18   30   17 
   980:   20  -14   26  -21   16   -3   36    9   17   73 
   990:   15   36  -46   22   25    7   -3    0    0   -2 
  1000:    8   14   -9    1    7   16   16   -2    7   16 
  1010:   33  -12    5    5  -39  -71   19   47   -7   60 
  1020:   60   -4   -7    8   84  -72   60    3  -84  -32 
  1030:  -93    8  -51    4    0    0    0    0    6    0 
  1040:    7  -28   -9  -39   15   -9    3  -12  -45   29 
  1050:   64  -37   51   23   71   37  -45  -14   -5  -24 
  1060:   41   -6  -13   45  -83   -8    0   25    0  -26 
  1070:    2    0    0    0    0   -2    7  -33   -2   79 
  1080:   31  -14   83   51   11   23  -60   19   22   -1 
  1090:  -33  -34   32  -28  -13    0   -8    1   13  -49 
  1100:   11   37   32   73    9  -11  -14    1    0    0 
  1110:    0    0    0   -1   -1   31   84  -12   27   -6 
  1120:   -2  -19   18   32   12  -31   42  -28  -90    3 
  1130:   12    1   37   20  -29  -74  -14   34  -24    2 
  1140:   33  -41    7   -4    1    0    0    0    0    0 
  1150:    0   -2   12   -5    6    3  -30  -21    3    7 
  1160:    7    5   49  -35  -27  -36    6    2   11   10 
  1170:   11   -4  -33   -1  -13   28   -8   -4   17   -6 
  1180:    2    0    0    0    0    0   -1    0  -29  -11 
  1190:  -16   74  -51   15  -29    8   17   36   29   -3 
  1200:   44  -44    6   11   -6   14   60   29  -45    6 
  1210:   54  -36  -31  -36  -32    0   -3    1    0    0 
  1220:    0    0   -2   12   -1  -20   10   -4   -4   14 
  1230:  -35  -86  -33   14   22    7   -7   13   50   40 
  1240:   27   -5  -20   55   21  -23  -57  -42    2   16 
  1250:  -17  -11   13   -1    0    0    0    0    0    3 
  1260:   12   25  -30  -11   -5   53    3  -22   40   -3 
  1270:   35   19   54   42  -44   -8   -1  -47   -4  -38 
  1280:   13   61   42    7  -23    7   12    0    3   -3 
  1290:    0    0    0    0    0   -5   10  -28  -72   41 
  1300:    7   48  -11  -23  -22  -26  -53   19    3  -17 
  1310:   30  -17  -65   24  -30   26   30   50   -3   65 
  1320:   77   48  -12   -8    1    0    0    0    0    0 
  1330:    0    0   -6   33   34   -1  -10    6   57   60 
  1340:   38  -45  -15   -6  -18  -45   48  -17  -12  -18 
  1350:   13   23   34  -33   33   30   26   15    1    0 
  1360:    0    0    0    0    0    0    0    0   -1   -5 
  1370:   -8  -31   35   75   -3  -10    6   -2    2    2 
  1380:    6    4    4   -5    2    1    4    0    2   -1 
  1390:   -1   -3    0   -2   -4    0    0    0    1    0 
  1400:    1    0    2    0    0   -1 
