     0:    0    0    0    0    0    0    0    0    1    0 
    10:    1   -1    2    1    0    0    0    0    0    0 
    20:    0    0    0    0    0    0    0    0    0    0 
    30:    0    0   -3    0    0    0    0    0    0    0 
    40:    0    0    0    0   -1    0    2    1    0   -4 
    50:    0   -1    0    0    0    0    0    0    0    0 
    60:    0    0    0    0    0    0    0    0    0   -1 
    70:    0    0    0    0    0    0    0    0    0   -1 
    80:    1    2   -3    0    0   -1    0   -1   -1   -1 
    90:    0   -2    0    0    0    0    0    0    0    0 
   100:    0    0    0    0    2    0    0    0    0    0 
   110:    0    0    0    0    0    0    2    0   -1    1 
   120:    0    1    1   -2    2   -1    1   -2    1    0 
   130:    0   -1    0    0    1    0    0   -2   -1    1 
   140:    0   -2    2    0    0    0    0    0    0    0 
   150:    0    0    0    0    1    2   -2   -1    0    2 
   160:    2    0   -2    0    1   -1    2   -1    2   -1 
   170:   -1   -2    1    2    2    1    0   -3    0   -1 
   180:    0    0    0    0    0    0    0    0    0    0 
   190:   -2    1    0    2    2    1    0   -3   -3    4 
   200:    1    1    0    1    1   -3    1    1   -2    0 
   210:    0    0    0    0    2    0    1    1    0    0 
   220:    0    0    0    0    0    0    1    0   -1   -1 
   230:   -1   -4    1    1    2    4   -2    4   -1    0 
   240:    2    0    2   -2    0    0   -1    1    2    0 
   250:   -1    1   -1   -2    0    0    0    0    0    0 
   260:    0    0    1    0    0    0    0    1    1    1 
   270:   -1   -1   -5   -2    3    2    3    1    0    0 
   280:    0   -1   -1    1   -1    0    0    2    0    0 
   290:    0   -2    0    0    0    0    0    0   -1    1 
   300:   -1   -2    1   -1   -2    0   -1    0    1    2 
   310:    0   -1    0    1    0    1   -1   -1    0    0 
   320:    1    2    2    0   -3   -1    1    2    1    1 
   330:    0    0    0    0    0    1   -1   -1    1   -1 
   340:   -2   -1   -1   -1    3    2   -1    1   -2   -3 
   350:    2   -1    3    0    1    1    2    1    1    0 
   360:   -1    0    1    1    1   -1   -1    0    0    0 
   370:    0    0    0    1    0   -1    1    0    0   -2 
   380:    0    1   -1    0    2    0    3    1    1   -2 
   390:    0    0    1    1   -1    0    2    0    0   -1 
   400:    1    1    2    0    0    0    0    0   -2    1 
   410:    1    0    1    0    0   -1    2    0    0    0 
   420:    0    0   -1   -1    3    0    0   -2    0    1 
   430:    1    0    0    0   -1   -1    1    0    0   -2 
   440:   -2    2    0    0    0    2   -2   -1    0   -1 
   450:    0    0    1    0    1    1    0    0    2   -2 
   460:    1   -2   -2   -1    0    1    1    0    0    0 
   470:    0    0   -1    1    2   -1    0    0   -1    0 
   480:    0    1    1    1    0   -1    0    1    0    0 
   490:    1    1    0    0    1    0    1    0    1    3 
   500:   -2   -2    0   -2    0    1   -1    1    0    2 
   510:    1    0    0   -2    1   -1    0    0    0    0 
   520:   -1    0    1    1    0    0    0   -1    0    0 
   530:   -1    1   -1   -1    0    0    2   -1    0    2 
   540:   -1   -1    0   -1   -2    0    3   -2    1    0 
   550:    1    0    1    0    0    1    1   -1   -1   -2 
   560:    0    0   -2    1    1    0    1    1   -3    2 
   570:    1    1   -1    1    1    2    1    1    1    1 
   580:   -1    0    0    1    0    1    0   -1    0    1 
   590:    0    0   -1   -1    0    0    2    0    1    0 
   600:    0   -1    0    1    2    0   -1    0    0   -1 
   610:    0   -1    0   -1   -3    0   -1    1   -1    2 
   620:    0   -1    0    1    2    0   -1   -1    0    1 
   630:   -2    1   -1    0   -1   -1    0    0   -1    0 
   640:    0    0   -1    0    0    1    1   -2   -2    0 
   650:    3   -2    0    0   -2   -2   -2   -2    1    1 
   660:    1   -1    1    4    0    0    1   -1    2    1 
   670:    3   -1    1   -1    0    0    1    0   -1    0 
   680:   -1   -1   -2    0   -1    3    3    0   -1    0 
   690:   -1    1   -2    1    1   -1    2   -1   -1   -2 
   700:   -1   -1    0    0    1    3    0    0   -2    0 
   710:    0   -1    0   -1    0    2   -1    0    3    1 
   720:   -1    0    1   -3    2    0    1   -1    3    0 
   730:   -1   -2   -1   -1    2    1    4   -3    0    0 
   740:    2    0    0    1    1    0    1    0   -1   -2 
   750:    0    0   -3    3    1    0   -1   -1    1    1 
   760:    1    1    1    2    1    1    0    0   -2   -2 
   770:    4   -1   -1    0    0    1    0    0   -2   -1 
   780:    3   -1   -3    1    3    0    0    1   -2    1 
   790:    0   -1    5   -4   -4   -2   -2    3    0   -1 
   800:    3   -1    0   -1    0    0    3   -3    1    1 
   810:    0    3    0    0    0   -1    3    0    3    2 
   820:    0   -1   -1   -2   -1    1    2   -1   -3    0 
   830:    1   -2    0   -1   -1    1    0    1    0    2 
   840:    1    3    0   -2    2    0   -1    3    2    0 
   850:    0    1   -3   -2    0    0    1    2    1    1 
   860:   -1    3    4   -1    0   -1    3    0    2    3 
   870:   -1    2   -2    1   -2    3   -4   -2    0    1 
   880:    1    0    2    0    0   -1    0    0   -1    0 
   890:    3    0   -2    1    0   -1    0   -1   -1   -1 
   900:    2    3    0   -2    0   -3   -4    3   -2    0 
   910:    0    0   -3    1    0    0   -1    1    0   -2 
   920:    1    4    0    0    0    1   -3   -3    3    2 
   930:   -2   -2   -1   -1    1   -1   -2    1    1    5 
   940:   -1   -1    0    1   -1    2    0    1    2    1 
   950:    0    0   -1   -1   -2   -3    4   -1    0    0 
   960:    0    0    0    2    3    2    1    1    2    1 
   970:    0   -2    3    1   -3    2    0    1    2   -3 
   980:    1    1   -1   -1    1    0    0    1   -1   -2 
   990:    3    2    0   -1    0   -1    0    0    0    0 
  1000:   -2   -1   -3   -1   -1   -2   -1    2    0   -1 
  1010:    0    0   -1   -2    1   -1    0    2   -2    1 
  1020:    2   -1   -3    0   -3   -1    1   -1    0   -1 
  1030:    1   -2    0    0    0    0    0    1    2    2 
  1040:    0   -2   -2   -2   -3    3    3    2   -3   -1 
  1050:   -1    0    2   -3    2   -3    1   -3   -2    2 
  1060:    0    3   -2   -2    3    0   -1   -2   -2    0 
  1070:    0    0    0    0    0    0   -1    1    1   -2 
  1080:    2   -1    2   -1    1    1    3    0   -2   -3 
  1090:    0    2   -3    0    1    0   -1    0    0   -1 
  1100:    0   -2    0    0    0    2    0    0    0    0 
  1110:    0    0    0    0    0   -1   -4    2    0   -1 
  1120:   -2    1   -2    0   -1    2    1    1    0    2 
  1130:   -1    0    0    2    0    0    0    0    0   -2 
  1140:    1    1    0    0    0    0    0    0    0    0 
  1150:    0    0    0    3    0    1    1    1    2    3 
  1160:    0   -2    0   -3   -5   -1   -1    1    1   -1 
  1170:    1    2    1    0    0    0    3    0   -2    1 
  1180:    0    0    0    0    0    0    0    0    0    0 
  1190:    2    0    3   -2   -3   -1    0   -1   -1   -2 
  1200:    1    1   -2    1    0   -1   -1    3    0    0 
  1210:   -1    0    0    0    1   -1    0    0    0    0 
  1220:    0    0    0    0    0   -2    0    0   -3   -3 
  1230:   -2    2    1    1   -2    0    1   -1    1    4 
  1240:    2   -2    0   -1   -2    1    2    1   -1    0 
  1250:    1    2    0    0    0    0    0    0    0    0 
  1260:    1   -2   -1    1    1    0    1    0   -4   -2 
  1270:   -2   -3    0    0   -4    3    2   -2    1   -1 
  1280:    1    4   -2    0    0    0    0    0    0   -1 
  1290:    0    0    0    0    0    0    0   -5    0    1 
  1300:    1    1    2   -1    0    3   -2    2    0   -3 
  1310:   -1    1    3    2   -2    1   -2    1   -2    1 
  1320:    1   -1    2    0    0    0    0    0    0    0 
  1330:    0    0    0    1    1    0   -2    3    1    2 
  1340:    3   -1   -1    1   -1   -3    1    2    0    0 
  1350:    2   -2    3   -1   -1    0    0   -2    0    0 
  1360:    0    0    0    0    0    0    0    0    0    0 
  1370:    0   -1    0    2    0    0    1    1    0    0 
  1380:    0    0    0    0    0    1    0   -1    0    1 
  1390:   -1    0    1   -1    0    0    0    0    0    0 
  1400:    0    0    0    0    0    0 
