     0:    3   -2    2   -2   -1    1    1    0   -1    1 
    10:   -1   -3   -1    1    0   -1   -2    2    0    2 
    20:    1    0    2   -2    3   -3    0    2   -1   -2 
    30:   -3   -2   -2   -3    0   -1    1    0    0   -1 
    40:    0    0    3   -1   -1   -1    1   -1    0   -1 
    50:    2    1    0    0    0    0    0    0    0    0 
    60:    0    0    0    0    0    0    0    0    0    0 
    70:    0    0    0    0    0    0    0    0    0    0 
    80:    0    0    0    0    0    0    0    0    0    0 
    90:    0    0    0    0    0   -2    1    0   -1    0 
   100:    1   -1    1    0    0    0    0    0    0    0 
   110:    0    0    0    0    0    0    0    0    0    0 
   120:    0    0    0    0    0    0    0    0    0    0 
   130:    0    0    0    0    0    0    0    0    0    0 
   140:    0    0    0    0    0    0    0   -1   -2    0 
   150:    0   -3    2   -1    0    0    0    0    0    0 
   160:    0    0    0    0    0    0    0    0    0    1 
   170:   -2    1    0    0    0    0    0    0    0    0 
   180:    0    0    0    0    0    0    0    0    0    0 
   190:    0    0    0    0    0    0    1    0    2    2 
   200:   -1    0    0   -2    1   -1    0    0    0    0 
   210:    0    0    0    0    0    0    0    0    0    1 
   220:   -6   13  -11    2   -1    0    0    2   -2    1 
   230:   -3    1   -1    0    0    0    0    0    0    0 
   240:    0    0    0    0    0    0   -1    0    0    3 
   250:    1   -6   -2    0   -1   -3    2   -1    0    0 
   260:    0    0    0    0   -1    0    0    0    0    0 
   270:    0    2   -4   -1   -1    4    1   -1    4    2 
   280:   -8    0    7   -8   10   -9    1   -1    2   -3 
   290:    0    0    0    0    0    1    2   -1    4    0 
   300:   -1    1    3   -3    2    4    0   -4    3   -1 
   310:    0    0    0    0    0    0    0    0    0    0 
   320:    0    0    3   -6    4   -9   -4    1   -7    1 
   330:    2    6    2    5   -1    1   -2   -2    1    7 
   340:    4    3   -5   -1   -3   -3    0   -4   -3    1 
   350:   -3   -2    0    1    0    3   -2    1    1   -2 
   360:    2   -1    0    0    0    0    0    0    0    0 
   370:    0    0    1   -3    6    2    3   10    2    2 
   380:    2   -3    5   -7    2    2   -3   -2    6   -1 
   390:    0    2   -1   -3   -2   -2    4   -8    2   -1 
   400:    1   -3    1   -2    0   -1    4    0   -3    1 
   410:    0    0    1   -1    0    0   -3    0    0    0 
   420:    0    0    0    0    0    2    4    1   -2   -7 
   430:    2    4   -7   13    5    5    3   -1    2    1 
   440:   -1   -8    0   -1    3   -2    1    0   -4  -10 
   450:    2    0   -6    0    3   -5    2   -1    2   -1 
   460:   -1    1    1    0    1   -1    0    0    0    0 
   470:    0    0    0    0    0    0    1   -7   -6    5 
   480:    0   -7   -5   -7    6   -4    1   14  -10    4 
   490:   -1   -7    3   -5    1    4   -1    1    0    2 
   500:    1    1    4    0   -5    2   -1   -2    0    0 
   510:    4    2   -2    1   -1    1    1   -1    0    0 
   520:    0    0    0    0    0    0    0    1   -4    7 
   530:    2   -2    4   -3    6   -5    4   13    0   -1 
   540:    5    7   -9   -1    8   -1   -6    7   -5    4 
   550:   -1   -4    0  -10    1   -2   -2   -3   -2    2 
   560:    3    0    3   -1    0    0   -1    1   -1    0 
   570:    0    0    0    0    0    0    0    0    0    0 
   580:    3    9    8    2    4    6    2   -9    4   -5 
   590:   -5   -2   -6   -7   -3    8    1   -7    6    1 
   600:    1    2   -2   -5    0   -2    1   -2    6    1 
   610:    6   -1    1   -1    1    0    0    0   -1    1 
   620:   -2    0    0    0    0    0    0    0    0    0 
   630:    1   -4    6    0    0    0    2    0    4   -3 
   640:    0   15    1    4   -3   -2    1    8    0   -2 
   650:   -5    7    0  -13    9   -1    5    3   -2    0 
   660:    0   -2   -2    3   -1    0    0    0    0    0 
   670:   -1    2   -2    0    0    0    0    0    0    0 
   680:    0    0    0   -3   20   -9    2    3   -3   -5 
   690:    3   -6    6   -1   -1   -6    6   -8    2    4 
   700:   12   -4   19  -17    0    2   -8   -5    6    1 
   710:   -5   -7    9   -8   -1    2   -1    0    0    0 
   720:    0    0   -2    2   -3    0    0    0    0    0 
   730:    0    0    0    0    1   -4   14    6  -10   -2 
   740:    7   -8    9    1   -3  -10   -3    1   -2    9 
   750:    6   -2    6    9  -12    4  -12   -5    6   -4 
   760:    0   -7    1    2   -3    5    3  -10    5   -1 
   770:    1    0    0    0   -1    2   -3    0    0    0 
   780:    0    0    0    0    0    0    0    2    1   -5 
   790:    2  -10   -6   -5   -8   10   -3    7   -7   -1 
   800:   -5   -4   -5  -12   -1   10   -4    6    2   10 
   810:   -6    5   -1    6   -7   -1    5   -4    4    0 
   820:    0    0    0    0    0    0   -1    2   -1    0 
   830:    0    0    0    0    0    0    0    0    0    1 
   840:   -8    1   13   -8    0   -2    6    2    1    2 
   850:    1    4    5   -4   12  -15   18   -7    0   14 
   860:    0   20    1  -12    7    6  -14   -2    5   -1 
   870:   -2   -1   -1    0    0    0    0    0   -1    2 
   880:   -1    0    0    0    0    0    0    0    0    0 
   890:    0    4   -9   15   -5    1   -9    3  -10    2 
   900:   -6   -2    1   13   -6    6    6   -5   -9    3 
   910:   -6    5    2   10   -8   -1   -5    2    5    9 
   920:  -10    3   -1    0    2   -1    0    0    0    0 
   930:   -2    3   -2    0    0    0    0    0    0    0 
   940:    0    0    0   -1   -3    2    1  -20   13    4 
   950:    9    4  -11    8    4    1   11    0   -3   -4 
   960:    0   -4   -2    3   11   -1   -4    4    3  -10 
   970:    3   -3   -4    1   -5    2    1    0    0    0 
   980:    0    1   -2    5   -3    0    0    0    0    0 
   990:    0    0    0    0    0    0   -1    6   -3    6 
  1000:    2   -5    8    2   -4    5   -3    9   -4   -1 
  1010:    3  -13    5   -7   -1   -2   -1   -3   -1    0 
  1020:    6   -3    0    5  -11    5   -5    3    2   -1 
  1030:    0    0    0    1   -2    5   -4    0    0    0 
  1040:    0    0    0    0    0    0    0    1   -3    2 
  1050:  -16    3    4    8    7   -1    5    0   -1   -2 
  1060:   -3    1    7    3    0    2   -4    2   -2   -3 
  1070:    6   -6   -4   -3    2   -3    0    0    4    0 
  1080:   -1    0    0    0    0    1   -2    6   -4    0 
  1090:    0    0    0    0    0    0    0    0    0    0 
  1100:    1    2   20    1   12   -3    1   -2    5   -3 
  1110:    0    0    6   -6    8   -5    3   -6    6   -2 
  1120:    0   -5    4   -4    4   -6   -2    0   -1    1 
  1130:   -1   -1    2    0    0    0    0    1   -2    5 
  1140:   -3    0    0    0    0    0    0    0    0    0 
  1150:    0    0    2  -11    4  -12   11   -7   11  -17 
  1160:   12   -2   -2   -5    3    4    2    1    2   -1 
  1170:    1   -1    0   -4   -5   -5   -4   -5   -6   -4 
  1180:    3    0    3    2    0    0    0    0    0    1 
  1190:   -2    5   -3    0    0    0    0    0    0    0 
  1200:    0    0    0    0    0   -4   -1   -1    5    4 
  1210:    6    1   -7    0   -2    0   -2    7   -2   -4 
  1220:    1    1   -1    4   -1   -2    0   -9    0   -2 
  1230:   -1   -2    0   -2   -1   -5    0    0    0    0 
  1240:    0    1   -2    6   -4    0    0    0    0    0 
  1250:    0    0    0    0    0    0    0   -4   -4    7 
  1260:    0    5   -8  -11   -2    0    2   -1   11   13 
  1270:   -8    2    0    0   -4    3   -5   -8  -15   -2 
  1280:   -3   -5   -2    1    3   -1   -2    1    0    0 
  1290:    0    0    0    1   -3    8   -5    0    0    0 
  1300:    0    0    0    0    0    0    0    0    1    3 
  1310:   -6   -3    0    3    6    8    2    3    6    6 
  1320:    4    7    0   -1    3   -3   -1    5    0    0 
  1330:    2   -2   -3    0   -4   -2   -2    0    0   -1 
  1340:    0    0    0    0    0    1   -2    7   -5    0 
  1350:    0    0    0    0    0    0    0    0    0    0 
  1360:   -1   -2  -16    0    1    4    0   -8    7   10 
  1370:   -6    0    9    1    2    3   -4   -1   -5    6 
  1380:    0    2   -8    3    0    0   -7    2    0   -2 
  1390:    5   -6    1    0    0    0    0    1   -2    7 
  1400:   -5    0    0    0    0    0    0    0    0    0 
  1410:    0    0   -1    1    2   -4    6    1   -2   -1 
  1420:    4   -5   10   -4   -3    8    9   -5   -5    3 
  1430:   -7   -4    8   -4    0   -4   -6    5    1    1 
  1440:   -2    4   -1    0    0    0    0    0    0    1 
  1450:   -3    7   -5    0    0    0    0    0    0    0 
  1460:    0    0    0    0    1   -4    7  -12    9   -6 
  1470:   -1   -5    1   -2    0   -3   -5   -2   11  -10 
  1480:    6   -6    8   -8    0   -2    8   -6   -1   -7 
  1490:   -2    0    2    1    4    2    0    0    0    0 
  1500:    0    1   -2    6   -4    0    0    0    0    0 
  1510:    0    0    0    0    0    0    0   -1    2   -8 
  1520:  -13    7   -7   13   -2    9   -5    9   -8   -4 
  1530:   -2    2    0    0    1    0   -2   -1    4  -15 
  1540:  -10    8  -10    5    2    0    1    0    0    0 
  1550:    0    0    0    1   -2    6   -3    0    0    0 
  1560:    0    0    0    0    0    0    0    0    0    0 
  1570:   -2    2  -13    7   14  -15   -3   -7   10    3 
  1580:    5    0   -2   -3   -3    1   -7    3    1    0 
  1590:    0    0   -1    4   -8    2   -2    5   -3    1 
  1600:    0   -1   -1    0    0    1   -2    6   -4    0 
  1610:    0    0    0    0    0    0    0    0    0    0 
  1620:    1   -4   15   11   -2   15   -9   14   -8   -3 
  1630:    0    0   -4    3   -8   12    3   -1   -1    8 
  1640:    0   -9    4   -1   -1   -1    1    0    0   -1 
  1650:    0    0    0   -1    2    0    0    1   -2    6 
  1660:   -4    0    0    0    0    0    0    0    0    0 
  1670:    0    0   -1    9   -3  -10  -20    9    1  -17 
  1680:   23  -20   15    2    4   -3    8   -9    5   -1 
  1690:    6    1    6    4   -2   -4    0    3   -2   -2 
  1700:   -1    2   -2    0    0    0    0    0    0    0 
  1710:   -2    6   -3    0    0    0    0    0    0    0 
  1720:    0    0    0    0    0    0    7   20   10   -1 
  1730:    3   -3   -4    3    2   -7    7   -5    0    3 
  1740:  -12   10    1    9    1    4   -9    7  -11    0 
  1750:    0    4    2   -6    2   -1    0    0    0    0 
  1760:    0    1   -2    7   -4    0    0    0    0    0 
  1770:    0    0    0    0    0    0   -1    4   -9   12 
  1780:   -8   13   -2    8   -7   -1    0    1    9  -11 
  1790:    8    5   -6    8  -11    6    2    4   -6    4 
  1800:    0   -5    4    0   -1   -2    2    0    0    0 
  1810:    0    0    0    1   -2    6   -4    0    0    0 
  1820:    0    0    0    0    0    0    0    0    0    3 
  1830:    2   -7    2   -6    5   -3   -3    5    8   -2 
  1840:   -5    4    2    5    2    0    3    2    4   -6 
  1850:    6   -6   -1    3   -2   11   -3    5   -1    0 
  1860:    0    0    1    0    0    0   -2    6   -4    0 
  1870:    0    0    0    0    0    0    0    0    0    0 
  1880:   -3   11  -17    6   10   -6   -1   -1   12   -8 
  1890:    5    4  -12   -4    6  -11    3   -5    4   -4 
  1900:   -3    3    2    2   -6   -6    6   -8    1    4 
  1910:   -2    0    0    0    0    0    0    0   -2    6 
  1920:   -4    0    0    0    0    0    0    0    0    0 
  1930:    1    0    0    5   15    7  -24    1    2   12 
  1940:   -2    9    0   -9    8   -5   -1    6   -1    0 
  1950:   -7    3    9    4    2    0    6   -2    1    5 
  1960:   -9   -2   -1    0    0    0    0    0    0    0 
  1970:   -2    5   -3    0    0    0    0    0    0    0 
  1980:    0    0    0    0    0    2   -1    5   -7   -8 
  1990:   -5    1    7   -6  -13    3    5  -15    8   -4 
  2000:    3   -3    0   -2    1  -18    3    0  -10    6 
  2010:   -3    4    1   -1    0    0    0    0    0    0 
  2020:    0    0   -2    5   -2    0    0    0    0    0 
  2030:    0    0    0    0    0    0    3    5   21  -10 
  2040:    5  -12   17   -7    2    3   -1    6   -1    8 
  2050:   -9   -6   -5    0   -7   10    0    6  -11   10 
  2060:   -1   -2    0    2   -7    3   -1    0    0    0 
  2070:    1    0    0    0   -2    4   -3    0    0    0 
  2080:    0    0    0    0    0    0    0   -1    1   -9 
  2090:   -1   -5  -13    2    6    2    7    1    7    0 
  2100:    7  -11    0   -6    2   -4    2    2  -10   -1 
  2110:   -1   -3    0   -5   -4   -8    5    0    1    0 
  2120:    0    0    0    0    0    0   -2    4   -2    0 
  2130:    0    0    0    0    0    0    0    0    0    1 
  2140:    1    4   -5    9  -11   22   -7    7   -5    3 
  2150:    3    2    4   -9    0   -5   10   -2    7   -7 
  2160:   -1   -1    1   -7   -1   -4   -1    0    3   -1 
  2170:    0    0    0    0    0    0    0    0   -2    4 
  2180:   -2    0    0    0    0    0    0    0    0    0 
  2190:    0    1   -1   14   -4   -6    8   12   22   -8 
  2200:   -5   -4   15    4   -4   -2   -3    0   12   -1 
  2210:    2    6   -3    1   -5   -1   -6   -6    2  -10 
  2220:    1   -6    4    0    0    0    0    0    0    0 
  2230:   -1    2   -2    0    0    0    0    0    0    0 
  2240:    0    0    0    0   -8   -3   13  -11   -8   12 
  2250:    8   -1    2    2  -13   20   -1    6    8   -6 
  2260:    9    1   -6    5    0    9   -3    1   -3    5 
  2270:    7   -2   -5    7    0    0    0    0    2    0 
  2280:    0    0   -1    3   -1    0    0    0    1    0 
  2290:    0    0    0    0    0   -4   10   -6   14  -11 
  2300:    4   -5    0   -1  -10   21  -13    1   11    8 
  2310:   -4   -3   -1    2    5   -4    7  -11    3    2 
  2320:   -9    4   -2    4   -4    5    2    0    0    0 
  2330:    0    0    0    0   -1    2   -1    0    0    0 
  2340:   -2   -7   -5    2    9    3   -2   -3   11    1 
  2350:   -4   -2   -1   -1   -6   11   -3    8   -5    6 
  2360:   -4   -4    0  -10    5    2   -9    2    5   -4 
  2370:   -2    1   -3   -1    2   -1    1    5   -1    3 
  2380:    0    0    1    0    0    0   -1    2   -1    0 
  2390:   -1    6    8   -5   -5    3    1    4    1    5 
  2400:   -1   -4    6    1  -17    4   -3    0   -8    8 
  2410:    6    6    6    0   -1    0    0   -1    1    0 
  2420:    0   -1    2   -2   -3   -6    0    4    4   -2 
  2430:   -1    0    0    0    3    0    0    0   -1    4 
  2440:   -3    2   -6    3   -4    5   -2    2    2    2 
  2450:    0    3    5    4   -2   -1   -3    3    1   -5 
  2460:    1   -1    6   -5   -4    1    0    0   -1    1 
  2470:   -2    2    1   -1    4   -5    1   -6   -2   21 
  2480:   32  -18    7   -3    0    0    4   -3    0    0 
  2490:    0    1    6   -2   -1   -3 
