     0:    0    0    0    0    0    0    0    1   55  -45 
    10:   29   -9   13  -53  -17   -3    0   -8    5    0 
    20:    0    0    0    0    0    0    0    0    0   -1 
    30:    0   11   -7    9    1    0    0    0    0    0 
    40:    0    0    0    2  -64   42   -3 -118  178 -124 
    50:   51    6   -4  -18   63  -36    0   -1    0   -1 
    60:   -1    0    0    1    2    0   -4   -2    5   -1 
    70:   -1    0    0    0    0    0    0    0    1    0 
    80:   20  -52 -137  -67 -244   -7   30 -118  -34   30 
    90:   34   20  -14   10   17  -13    1    8    5    6 
   100:   -2  -17  -11   71  -10  -50    2    0    0    0 
   110:    0    0    0    0    0   -2    2  -10   50  111 
   120:  141   54  -76 -130  -97  -10  -55   19   -5   -9 
   130:   97 -134   97   86   23  -64  -63  -44   16   38 
   140:  140   18  -64  -18    2    0    0    0    0    0 
   150:    0   -5  -10   85   78   77   40    0   97  251 
   160:  219    8  -10 -108   10   15   60 -120    7  178 
   170: -146 -206 -184 -120  -17   33   28   95  127   74 
   180:   35    1    0    0    0    0    0    0   34   26 
   190:   -8   34   62  -48   20  107  120  117  174  201 
   200:  122  -38  -29   17 -144  244    0 -213 -185 -110 
   210:  -97  -72   22   37    2   75  130   81   -4    0 
   220:    0    0    0   -1    2   70   33   -7   44  -11 
   230:  -31   42    6 -130 -190 -183 -136  148   -8   12 
   240: -144   48  209  -30 -147 -129 -104  -83  -98  -46 
   250:   12  -65   -9    8  -25  -32    3    0    0    0 
   260:    0   -1   10  -18  -10   51   10  -25  -71 -108 
   270:  -59   61   73   24 -128   34    1 -128  207  158 
   280:   98  -50 -115 -104  -84 -117  -71  -90 -127  -25 
   290:    3  -89  -67   12   -1    0    0    3   -1  -20 
   300:   -3    7  -14   11  -78   14   56   53   92  -66 
   310:  -25  119  -90  -30  164  114  100  163   26  -70 
   320:  -70  -19  -26  -11  -79  -66  -87  -75  -95  -66 
   330:  -18    2    0    1   -6   16   -3  -12  -14  -24 
   340:  -41   27   20   85  107    2    7   -5 -129  -12 
   350:   70 -165  -78  102  122   92   58   21   26   63 
   360:  -17  -60   -6   65   20  -44 -106  -61    6    0 
   370:   -1   20   13   13   62   40    3   16    0    2 
   380:   47   -5    6   14  -28   22   75  -58 -127  -46 
   390:    6   42   32   25   26    4  -25  -73 -123  -73 
   400:   53  -26    1  -92  -67   -1    2    1  -22   -8 
   410:    6   -4   20   17  -12   11  -13  -20  -13   -8 
   420:    2    6   31   -2 -154  -32   10    2  -64  -68 
   430:  -61  -62  -54  -74  -51 -104  -54   -3  -51   47 
   440:   -6  -65  -16    5   -1  -47  -12   22  -14   -7 
   450:  -17  -18    4  -22    6   -3  -13   -9    8  -22 
   460:  -59  -33   41   25  -14  -21  -41  -89  -48    9 
   470:   47  -26  -95   20   63   83  101   66   37   -2 
   480:    0   -5  -50   21   -6  -28    7  -31    6  -12 
   490:  -16    3    3   12    3   14  -13  -14   19   25 
   500:  -11   19   43  -75  -95 -107   21   47  -41 -118 
   510:  -23   78   61  102  100   88   22   -7   -4  -45 
   520:   -5  -14    0    9   23   -9  -18  -27    3    1 
   530:    6    0  -14    3    0  -12   -7   16   78   79 
   540:  158   22  -35  176  111   68   22   12   41   15 
   550:   12   75   90   22   -2   -7  -26   20    3  -26 
   560:   32   23  -18   19  -27    5   18    0  -37   13 
   570:    4  -10  -17   -9   39   59    9   48  168  227 
   580:  172   83   71   37   -9    2  -49    3  162  103 
   590:   -9    4   -5    6  -14   -8   28   -9   15   -9 
   600:  -18   -2  -10    8   13   42   10  -17   -8    7 
   610:  -45   24   59  -39  -42  135  -23  -92  -53  -26 
   620:   44  -88  -91 -163  -28  117   62 -101    6   29 
   630:   14  -11  -25   26   10   -1   10  -17   11  -10 
   640:   -4    0  -11   -7   -2   -6   -1  -45   81  112 
   650:   49  174   11 -227   42 -148 -220  -68  -32 -113 
   660: -149 -144  -35 -104  -84   14   21   12   17  -44 
   670:  -38    0    1    5    6  -11   -6  -13  -16  -15 
   680:  -18   -4    5    4  -50  102   33   19  237  -89 
   690:  -75  146 -266 -105   41  -19  -51 -121  -96   10 
   700: -162  -85   17   -2   -2   13   26   -3   17   -8 
   710:   -6   19    0  -16   13   22   12   -5  -19  -19 
   720:   49   46  -89 -237   55  213 -214  137 -129 -102 
   730:  187  -33   56  117  142  167  -33 -226   -4    7 
   740:  -22  -29   59    2  -19   40   -7  -15  -10   11 
   750:   10   -5  -17    2   31   -5  -86   -9   30  -25 
   760:   75  268 -175    8   25 -170  150  -87  -83  159 
   770:  126 -103 -137 -210   32   44   -8  -26  -66   10 
   780:  -30  -46  -44  -95  -76  -67  -53    7  -17    1 
   790:    7   34   59    6 -147  -93   37  144  -94  -47 
   800:   77  -27    7   -1  -28   23  125 -150  -17   64 
   810:  -17  112  -29    5   -8  -89  -62   -1   86  -54 
   820:  127   45  -42  -31  -18   10  -36  -46  -53  -13 
   830:   19  114   45   23   24  -22   18  -17   37  -41 
   840:    1  -15   42  -22   15   64  -37   35  -42   -7 
   850:    2   12  -77  -76 -117   67   17   -8   -4   49 
   860:  -38    8  -11  -21   -2    7  -11   10  -17  -24 
   870:  -21  -47    3  -17   -9  -22   64  -47   -4  -35 
   880:   62   21  -28   18    1   -1    2    0   -4  143 
   890:    6   27  -76   86   23  -46  -25   43   67  -12 
   900:  -21  -35  -46  -13  -23   19   13  -42   -6   -8 
   910:    6   -6  -19  -22   15    3    4    0  -36   25 
   920:  -83    2   -5    1    0   -7    6   74  -99  -25 
   930:  -42   27   40  -39   31  -65   44   20  -22  -12 
   940:   28   12   27  -31   35  -18    7  -19    6  -21 
   950:  -26   25   -5  -30  -11  -13    1  -37    2  -13 
   960:    1    0   -1    8  165  -43  -66   16   -4   66 
   970:  -13   27   44  -32  -11  -10    7  -12   -8  -40 
   980:   53  -39    9   -8   50   53  -21   20   -9   27 
   990:  -21   30   53   20  -24  -16   -1    0    0    0 
  1000:   -8   -3  140   97 -130   27  -35  132    9   25 
  1010:   37   22   21  -60   -6  -26   34   38  -47  102 
  1020:  -22    5    9  -61   24  -60    5    6   35   51 
  1030:   30   40   19    7    0    0    0    1   -2  -55 
  1040:   39  -25    6  -39  -18   27    6   45   33  -23 
  1050:   25   11    5   65   77   13  -87   16   -9   -5 
  1060:   16  -19  -36   31  -28  -35   -7   24  -13    3 
  1070:    3    0    0    0    0    0    6  -23    6   52 
  1080:    9  -16  -10   39   14  -49   -6    2  -25   28 
  1090: -100   11   35  -48   -3   13   -4   -1   39  -35 
  1100:   68   -3  -19  -34  -52  -39   16   -5    0    0 
  1110:    0    0    0    0    2   -9    1   86  -20    6 
  1120:   10   26    6   32  -57   -7   31  -62  -60   98 
  1130:   33    6   13  -57  -29   28  -67   44   43  -48 
  1140:  -10   29    4    3    0    0    0    0    0    0 
  1150:   -2   14  -17   49  -47  -28   29  -34  -62   40 
  1160:  -30   66  -43   58   63  -43   15   16   35   47 
  1170:    2  -38   73  -31 -189    4   17   -6   32   -5 
  1180:    2    0    0    0    0    0    1   -3  -55   47 
  1190: -104   -4   20   -6  -16    0  -50   48   25   15 
  1200:  -27    4   76   80  -75   -3   10   88   35 -150 
  1210:  132   -8  -20  -21   31  -63    8   -1    0    0 
  1220:    0    1    1   -9   75 -118   19  -45   75   21 
  1230:  -15   68  -34   30 -110   23   -3   15   74  -35 
  1240:   71   55  -24  -65   24  200 -151 -100   85   69 
  1250:   -1    0  -22   -3    0    0    0    0   -6   -9 
  1260:   64  -22   63 -204    5   16  -62   48 -188   63 
  1270:   77  -53   85  -62  106 -100   86  -90   17   45 
  1280:   99 -167  -14  111  -34  -33   -2    1    0    2 
  1290:    0    0    0    0    0  -21  -23   30  -22   78 
  1300:  -80   36   77   12   30 -169  -13 -102  -38  -53 
  1310:  116 -105 -113  -34   -1  -62   -5   70  138   11 
  1320:   95   63  -13  -21    2    0    0    0    0    0 
  1330:    0    0  -16  -20  -45  -26   13   31  -10   20 
  1340:   31   15  -30  -13   67  -52  -47   52   52   50 
  1350:  -44   67  -37  -18  -77  -15    2  -18    2    1 
  1360:    2    0    0    0    0    0    0    0    0  -17 
  1370:  -21   -5   24  -14   -6  -21    4  -14   -2   14 
  1380:    2  -10   13    9  -15  -12   -7    8  -13   15 
  1390:    8   13    1   -3    4   -3    2    0   -2   -1 
  1400:   -4   -1    0    2   -2    1 
