     0:    0    0    2    1    0    0    1   -1    0    0 
    10:    0    0    1    1   -1    1    0    0    1    0 
    20:    0    0    0    1    0    0   -1    0    2    0 
    30:    0    0    1    0   -1    0    2    0    0    0 
    40:    1    0   -3    0    0    0    0    3    0    0 
    50:    1    3    0    0    0    0    0    0    0    0 
    60:    0    0    0    0    0    0    0    0    0    0 
    70:    0    0    0    0    0    0    0    0    0    0 
    80:    0    0    0    0    0    0    0    0    0    0 
    90:    0    0    0    0    1    0    0    0    0   -2 
   100:    0    0    0    0    0    0    0    0    0    0 
   110:    0    0    0    0    0    0    0    0    0    0 
   120:    0    0    0    0    0    0    0    0    0    0 
   130:    0    0    0    0    0    0    0    0    0    0 
   140:    0    0    0    0    0    0   -2    0    0    0 
   150:    0    0    0    0    0    0    0    0    0    0 
   160:    0    0    0    0    0    0    0    0   -1   -4 
   170:   -1    0    0    0    0    0    0    0    0    0 
   180:    0    0    0    0    0    0    0    0    0    0 
   190:    0    0    0    0    0    0    0    1   -2   -3 
   200:    0    0    0   -1    0    0    0    0    0    0 
   210:    0    0    0    0    0    0    0    0    0    0 
   220:    2    6    4   -1    0   -1   -2    1   -1    3 
   230:    2    2    1    1    0    0    0    0    0    0 
   240:    0    0    0    0    0    0    1    5   -5   -2 
   250:    1    2    2    0    2    1    0    0    0    0 
   260:    0    0    0    0    0    0    0    0    0    0 
   270:    1    0    0   -2    0    1    0    1   -3   -6 
   280:    0   -2   -5   -2    1   -4    1   -1    2    0 
   290:    2    0    0    0    0   -1   -2    0    2    3 
   300:   -1   -1    1   -1   -3    1    0    0    0    0 
   310:    0    0    0    0    0    0    0    0    0    0 
   320:    0    0    1    0   -2    0   -4    1    1   -1 
   330:    2    4    4   -2   -1    5    0    5    1    3 
   340:   -2   -6   -2    0   -1   -3   -1    1    3    0 
   350:    0    2   -1   -1    0    0    3    0    0    0 
   360:    0    0    0    0    0    0    0    0    0    0 
   370:    0    0    0   -2    0    2    1    1    3    2 
   380:   -2   -4    0   -6   -3   -1    3   -5   -2    2 
   390:    3    0    3    1    6    2   -1    0    0   -2 
   400:   -1   -1   -1    0    0    0   -3    0   -2    0 
   410:   -2    1    0    0    0    0    1    0    0    0 
   420:    0    0    0    0    1    6    0    0   -1   -2 
   430:    1    0   -1   -3   -5    2    0    1   -4   -2 
   440:    1    1   -2    8    2    0   -7   -2    1    0 
   450:    0   -3   -2   -1   -1    0    0    0   -2    0 
   460:    4   -4    0    0    0    0    0    0    0    0 
   470:    0    0    0    0    0    0   -3   -6   -3    1 
   480:    6    3    1   -1   -3   -1    4   -3    1    2 
   490:   -2   -6    0    1    2   -5    0    0    3    0 
   500:    0    2   -1   -2   -1    2    3    2    0   -1 
   510:    0   -1   -1    1    0    0    0    0    0    0 
   520:    0    0    0    0    0    0    0    0    1    2 
   530:    0   -1   -2   -2    0    2    0    1   -2    1 
   540:   -2    0    3    5   -5   -2   -2    0    3   -1 
   550:    0   -2   -1    0    0   -1    0   -1    1    0 
   560:    2    1   -2    0    0    0    0    0    0    0 
   570:    0    0    0    0    0    0    0    0    0    0 
   580:   -1   -3    0    0    1    0    2   -2    1    2 
   590:    1    2    3   -1   -4    4    3    2    5   -1 
   600:   -4   -3   -3    2   -2   -2    0    4    0   -1 
   610:    0    0    0    0    0    0    0    0    0    1 
   620:    0    0    0    0    0    0    0    0    0    0 
   630:    0   -1    8    0    0   -1   -1   -1   -1    1 
   640:   -1   -4   -3    3   -2   -3   -1   -2    2    1 
   650:    1    2    4    3    0   -3    0    0    1   -2 
   660:   -1    0    1    0    0    0    0    0    0    0 
   670:    0   -1    0    0    0    0    0    0    0    0 
   680:    0    0    0    2   -4   -1   -1    2   -1    3 
   690:   -1    1    0    2    1   -1    1    4    1   -1 
   700:   -2    1    0    0   -1    2    0   -1   -3   -1 
   710:   -1    1    1    0   -1    0    0    0    0    0 
   720:    0    0    0    0    0    0    0    0    0    0 
   730:    0    0    0    0    0   -1   -2    0    0   -1 
   740:    0   -4   -4    1    1   -5   -1   -1   -1   -4 
   750:    0    2    0    0    3    1    0   -1   -3    2 
   760:    0    0    0   -1   -4    2   -1    0    0    0 
   770:    0    0    0    0    0    1    0    0    0    0 
   780:    0    0    0    0    0    0    0   -1   -1    2 
   790:    0    3   -1    0   -2    1   -3   -1   -3   -1 
   800:    1    2    1    0    1    1    1    2    0    0 
   810:   -3   -3   -2    1   -1    2    1   -1    1   -1 
   820:    0    0    0    0    0    0    0    0    0   -1 
   830:   -1    0    0    0    0    0    0    0    0    1 
   840:    0   -1   -1   -3   -2   -2   -1    1    1   -5 
   850:   -1   -4    0    1    0   -4   -2    0    1   -1 
   860:    0    0   -2    0    0    1    0   -4   -2    1 
   870:    2   -2    0    0    0    0    0    0    0    0 
   880:    0    0    0    0    0    0    0    0    0    0 
   890:    0    0   -1    0    0    1    1    1    0    0 
   900:   -2    1   -3    2    3    3    1    0    0    0 
   910:   -1   -1   -1   -2    3    3    0    0   -2    0 
   920:    2   -5    0    3    0    0    0    0    0    0 
   930:    0   -1    0    0    0    0    0    0    0    0 
   940:    0    0    0    0   -2    0    1    1    1    0 
   950:    1    2   -1   -1    0   -3    1   -1   -2    0 
   960:    0    3    0   -1    0    1   -1   -1    1    0 
   970:    2    1   -2    1    3    0    0    0    0    0 
   980:    0    0    0    0    0    0    0    0    0    0 
   990:    0    0    0    0    0    0    0    0    4   -3 
  1000:   -1    1    4    0    0    1   -2    5    5   -3 
  1010:   -4   -1   -2   -3    6    1    0    2   -1    3 
  1020:   -2    4   -1   -4    1   -2   -2   -1   -1    0 
  1030:    0    0    0    0    0   -1    0    0    0    0 
  1040:    0    0    0    0    0    0    0    0   -3    3 
  1050:    0    0   -1   -4   -3   -2    4    1   -1   -5 
  1060:   -1    3    8    1   -1   -3    2   -3    0    0 
  1070:    0   -3   -4   -5   -1   -1    0    1    3   -1 
  1080:    0    0    0    0    0    0    0    0    0    0 
  1090:    0    0    0    0    0    0    0    0    0    0 
  1100:   -1   -3    2    1    1   -1    2   -3    5   -5 
  1110:    1    1    0    4    1    0    1    0   -3    2 
  1120:   -4    2    2    4    3    1    0    4    1    0 
  1130:   -1   -1   -1    0    0    0    0    0    0    0 
  1140:    0    0    0    0    0    0    0    0    0    0 
  1150:    0    0    3   -1   -7   -3   -3   -3   -2   -2 
  1160:    1    3   -7   -2    1    0   12   -2   -7    0 
  1170:    2    6    6    2   -6   -2   -6   -4    1   -2 
  1180:   -3   -2    1   -4   -1    0    0    0    0    0 
  1190:    0    0    0    0    0    0    0    0    0    0 
  1200:    0    0    0    0   -1    5    7    0   -1    7 
  1210:    0    2    2   -3    5   -9    1    8   -2   -4 
  1220:   -1   -9   -6    1   -3   -2    3    4    2    1 
  1230:    0    7    4    6   -2    0    0    0    0    0 
  1240:    0    0    0    0    0    0    0    0    0    0 
  1250:    0    0    0    0    0    0    0    4    1   -4 
  1260:    3   -7   -1    1    1   -2   -4    1   -3  -11 
  1270:    3    7    1    5    1   -5    1   -8   -1    4 
  1280:    1   11    3   -1   -9   -3    3   -3    0    0 
  1290:    0    0    0    0    0    0    0    0    0    0 
  1300:    0    0    0    0    0    0    0    0   -4    1 
  1310:    9    5    0   -1    2   -1   -1   -8   -1    2 
  1320:    0    5    5   -1   -1    1   -3   -1    5    3 
  1330:   -5   -2    0   -7   -2    3    7    0    0    2 
  1340:    0    0    0    0    0    0    0    0    0    0 
  1350:    0    0    0    0    0    0    0    0    0    0 
  1360:    1   -2    2    0    1    5   -3   -2    3   -2 
  1370:    1   -3   -4    0    0    5   -3    6    1   -1 
  1380:   -2   -4   -6    4   11    2    5    2   -4    4 
  1390:    4    1    0    0    0    0    0    0    0    0 
  1400:    0    0    0    0    0    0    0    0    0    0 
  1410:    0    0    0   -1   -5    0   -1   -4    1    5 
  1420:    3   -5    1   -1   -2    0    2    1   10    2 
  1430:    3    1    4    0    0    1   -8   -1   -8   -3 
  1440:    2   -7   -1    0    0    0    0    0    0    0 
  1450:    0    0    0    0    0    0    0    0    0    0 
  1460:    0    0    0    0    0   -1   -4   -1   -1    0 
  1470:    0   -4    2    2   -5    0   -2    0   -1    1 
  1480:   -2   -5    2    3    0    5    4   -7    9    5 
  1490:   -3   -4    4    8    1    0    0    0    0    0 
  1500:    0    0    0    0    0    0    0    0    0    0 
  1510:    0    0    0    0    0    0    0    1    6   -7 
  1520:   -4    1    3   -5    1    1    8   -2   -1   -2 
  1530:   -1    0    1    2   -1   -1    1   -6   -8    1 
  1540:    6   -5    0   -4   -1   -4    2    0    0    0 
  1550:    0    0    0    0    0    0    0    0    0    0 
  1560:    0    0    0    0    0    0    0    0    0    2 
  1570:   -3    5   -1    0   -5    0   -3   -5    1    1 
  1580:   -3    1   -5    3    2   -8   -1    2    1    2 
  1590:    2    0   -1   -2   -4   -1   -4    6    1    0 
  1600:    0    0    0    0    0    0    0    0    0    0 
  1610:    0    0    0    0    0    0    0    0    0    0 
  1620:    0    0    3   -4   -2    0   -1   -4    6    2 
  1630:   -5   -4    1   -3   -4    1    2    2   -2    0 
  1640:    2    2    1    0    0    1    0   -2    0   -3 
  1650:    0    0    0    0    0    0    0    0    0    0 
  1660:    0    0    0    0    0    0    0    0    0    0 
  1670:    0    0    0   -3   -4    0    8   -2   -4    5 
  1680:   -3    5   -3   -2   -1    5    2    0   -7    0 
  1690:    0   -7    2   -1   -2    0    1   -2    3    6 
  1700:    3    4    0    0    0    0    0    0    0    0 
  1710:    0    1    0    0    0    0    0    0    0    0 
  1720:    0    0    0    0    0   -1    2    2   -5    0 
  1730:   -1   -3    4   -2    0   -2    3    3   -5   -7 
  1740:    0    3   -7   -1   -4   -5    4   -3    0   -6 
  1750:    6    5    4    1    0    0    0    0    0    0 
  1760:    0    0    0   -1    0    0    0    0    0    0 
  1770:    0    0    0    0    0    0    0    3    2   -1 
  1780:    4    1   -3   -3    1    3    0    1   -2    2 
  1790:   -1    1    5   -1    1   -2   -2    2  -12   -4 
  1800:    4    0   -3    1    1    3    0    0    0    0 
  1810:    0    0    0    0    0    1    0    0    0    0 
  1820:    0    0    0   -1   -1    0    0    0    0   -3 
  1830:   -1    4   -1    2    1   -1    4   -3   -2    0 
  1840:    5    1   -6   -4    1    5    1    5   -7    2 
  1850:    3   -2   -1   -5    5    4   -2   -2    0    0 
  1860:    0    0    0    0    0    0    0    0    0    0 
  1870:    0    0    0    0    0    0    0    0    0    0 
  1880:    0    1    2    2    1   -1   -1    0   -4    6 
  1890:   -1   -2   -4    2    2    3   -5   -2    8    2 
  1900:    6    1   -2    9   -6   -1    2   -1   -3    5 
  1910:    0    0    0    0    0    0    0    0    0    0 
  1920:    0    0    0    0    0    0    0    0    0    0 
  1930:    0    0    0   -6    2    4   -3   -1    3   -1 
  1940:    4   -2    5   -3    3    1   -2   -4    9    7 
  1950:    2   -2    2    4   -3   -2   -3   -1    0    5 
  1960:   -4    0    0    0    0    0    0    0    0    0 
  1970:    0    1    0    0    0    0    0    0    0    0 
  1980:    0    0    0    0    1   -1   -6    2    1    0 
  1990:   -2    1   -3    8    7    2   -1   -2   -3    8 
  2000:   -5   -4   -4    1   -4   -3  -10   -3    1    2 
  2010:   -2   -6   -2    1    0    0    0    0    0    0 
  2020:    0    0    0    0    0    0    0    0    0    0 
  2030:    0    0    0    0    0    0   -2   -4    7    5 
  2040:    4   -2    5   -1    4   -2    2    4   -1    1 
  2050:    5   -2    3    7    2   -2    5    1   -2   15 
  2060:   -4   -2    8   -5    0   -1    0    0    0    0 
  2070:    0    0    0    0    0    1    0    0    0    0 
  2080:    0    0    0    0    0    0    0    1    6    7 
  2090:   -1   -7   -1    0    0    0   -2    6    3   -3 
  2100:    1    1   -4   -3   -4    4    0    2   -2    1 
  2110:    5   -2    3    2   -7    3    0   -2    0    0 
  2120:    0    0    0    0    0    0    0    0    0    0 
  2130:    0    0    0    0    0    0    0    0    0    0 
  2140:   -1   -1    2    0    3    1    1   -5   -6  -11 
  2150:    7    2   -3   -4    2    0   -5    0    0   -2 
  2160:   12    7   -1    6    2   -9    2   -5    0    1 
  2170:    0    0    0    0    0    0    0    0    0    1 
  2180:    0    0    0    0    0    0    0    0    0    0 
  2190:    0   -2   -7   -1    1   -4    4    5   -3    4 
  2200:    8    7   -3    4    0   -3   -1    2   -2    4 
  2210:   -1   -4   -6   -3    2    1    0    3    0    5 
  2220:    3    0    0    0    0    0    0    0    0    0 
  2230:    0   -1    0    0    0    0    0    0    0    0 
  2240:    0    0    0    8    3    2   -6   -4   -2   -5 
  2250:   -3    4   -1   -1    1    1   -1   -7   -4   -5 
  2260:    4   -4   -2    0   -1    5    6    0   -2   -2 
  2270:   -7   -3    1   -3    0    0    0    0    0    0 
  2280:    0    0    0    1    0    0    0    0    0    2 
  2290:    0   -1   -1   -2    0   -8   -4   -1    1    0 
  2300:   -3    4   -8    0   -3    0    3    3   -4   -5 
  2310:    4    2    2   -2    1    0    0   -5   -9    3 
  2320:    4   -8    3   -2   -3    1    3    0    0    0 
  2330:    0    0    0    0    0    1    0    0   -1    0 
  2340:    1    0    0   -2   -2    0    2    3   -3   -3 
  2350:    5   12   -4   -1   -2    1    3   -4   -5   -2 
  2360:    4    8    1   -4   -1    1    4    5    5    6 
  2370:    0    0   -5   -1    5   -5    1   -5   -2    0 
  2380:    0    0    0    0    0    0    0    1    0   -1 
  2390:    6    0    1   -2    1    0    0    1    0    0 
  2400:    2    3   -4    0    0   -2   -1    3    3    1 
  2410:   -1   -1    4   -2    2    2   -1   -3   -1   -1 
  2420:    0   -4   -1   -2    3   -2    1    1   -1    1 
  2430:    2    3   -2   -3   -1    1    3    1    1    1 
  2440:    0    0    0    0    0    0    0   -2   -1    2 
  2450:    0    2    2   -2    1   -1   -1    0    5    1 
  2460:    2   -2    2    1    1    1    0   -1    2   -8 
  2470:    3   -3    1   -1   -1   -1    0    1    1    0 
  2480:    0    2    2    0    1    2    1    0   -2    0 
  2490:    0   -1   -1    4    2    3 
