     0:   -6    0    0   -3   -3   -8   -1   -3    2    9 
    10:   -4    2   -4    6   10   -6    3   -4    2   -1 
    20:   13   -3    6   -1    2    3    3   -2   -3   -7 
    30:    5   -3   -6   -8   -5   -4   -2   -1    7   -8 
    40:    4    5    1    7   -7    1   -1    6    8    4 
    50:    2    2    0    0    0    0    0    0    0    0 
    60:    0    0    0   -1   -1   -1    0    0    0   -1 
    70:    0    0    0    0    0    0   -1    0    1   -1 
    80:    0   -1    0    1    0   -1    0    0    1    0 
    90:    0    0    0   -1   10  -28    0   -1   -2   -6 
   100:   17   -1   -1    0    0    0    0    0    0    0 
   110:    0    0    0    0    0    0    0   -1    1    0 
   120:    0    0    0    0    0    0    0    0    0    0 
   130:    0    0    0    0    0    0    0    0    0    0 
   140:    0    0    0    0    1   -2   18  -10    3   -1 
   150:   -1   -5   19   -2    0    0    0    0    0    0 
   160:    0    0    0    0    0    0    0    1   -5   24 
   170:    7   -2    0    0   -1   -1   -1    0   -1    2 
   180:   -1    1   -1    1    0    0    0    0    0    0 
   190:    0    0    0    0    0   -1    1   -1    9   -5 
   200:    2   -1   -1   -9   17   -2    0    0    0    0 
   210:    0    0    0    0    0    0    0    0   -2   -1 
   220:   -6   12   71    7    3   -1    5   10    9    5 
   230:   -1   -5    1   -3    3   -5   -2   -1   -2    0 
   240:    0    0    0   -1    1    0   -2    3   -1    7 
   250:   10  -27    0    0    0    9   17   -1    0    0 
   260:    0    0    0    0    1    0    0    0    0   -1 
   270:    6    8   -1   -4  -20  -10  -28   -3   -9   -3 
   280:    4   20  -49   19  -25   28  -32   49   -9    6 
   290:    3    2   -1    2    2    6   -5    0   10  -25 
   300:    7   -8   -7  -38   10    0  -17   19   18   -1 
   310:    0    0    0    0    0    0    0    0    0    0 
   320:   -1    5  -40    2  -41   44    4   13  -21   -9 
   330:  -60   11    3  -50   24  -39  -55   -7    0   41 
   340:  -60  -13  -46  -16    1   -1   23  -34   53    8 
   350:  -28    2   -2    5   24  -25   -7   -4   15   17 
   360:   17   -1    0    0    0    0    0    0    0    0 
   370:    0    0    0    2  -17  -41   42  -12  -44  -22 
   380:    8   40   16  -39   39  -46  -14   -2  -43    6 
   390:   23   37   -5  -43    0   -5   -7    7   -5   -3 
   400:    3   11    0    7    0   -2  -13   -2   29   -5 
   410:    0   -5   20   -2    0    0   -3    1    0    0 
   420:    0    0    0    0   -1   -4   24  -13   28  -18 
   430:   59   -5   36  -62  -14  -64   11  -44   34   71 
   440:   34   11   -7   52   -2   -9   -4   57   -5   44 
   450:  -18  -23    4   -4  -29   -3   -1   -3    7   -2 
   460:    9  -11   -7   -8   19   -2    0    0    0    0 
   470:    0    0    0    0    0    1    3   21  -85   22 
   480:   -9  -16  -27    5  -30    3  -28   18   63    8 
   490:  -21   35    4   18   -4   12  -27  -43  -23    4 
   500:   13   -4   28  -12    9  -16   12  -12    5    2 
   510:   20   -9   13    0   -2   -8   19   -2    0    0 
   520:    0    0    0    0    0    0    0    0   -7   17 
   530:    9  -27  -11  -18   18   -3   39    2   -5    6 
   540:   75   11   59  -11  -28   -6  -22   -4   -6   15 
   550:  -33   -8  -28  -28    4  -27  -18   -4  -40    9 
   560:   -1    2    6    1   -1   -1   -3  -11   18   -2 
   570:    0    0    0    0    0    0    0    0    1    0 
   580:   14   28    9    9   14  -24   27   -5    9   71 
   590:    9    6   -1    9    6  -22  -35   30  -18    3 
   600:   10  -81  -65   39    7  -10   -3   22   -3   30 
   610:  -20    7   12   -3    2   -1    1    0   -4  -10 
   620:   16   -2    0    0    0    0    0    0    0    0 
   630:   -1   -8  -55  -12    2  -23    4  -17   15   76 
   640:  -18  -62   45   69    7  -17  -63   34   44    6 
   650:   -7   28   48   86   55  -19   50   28  -83  -71 
   660:   -3  -16   31   21   -4    1    0    0    0    0 
   670:   -4   -8   15   -1    0    0    0    0    0    0 
   680:    0    0   -3   16  -10    4  -21  -49    9   22 
   690:  -24   59  -13  -31  -52  -12   -4  -28   35   50 
   700:  214  104  -28   27  -25  -72  -33   -6 -107   -1 
   710:   51   27  -40    8  -10  -13    3   -1    0    0 
   720:    0    0   -4   -9   14   -1    0    0    0    0 
   730:    0    0    0    0    4  -35   19  -66    6   36 
   740:  -18   39  -34  -22  -11  -29   31  -87   12   93 
   750:   -8  -66  193  110   84  129  -76   96   97   61 
   760:   48  -26 -141  -46   10   -1    0   75  -11    3 
   770:    0    0    0   -1   -4  -13   15   -2    0    0 
   780:    0    0    0    0    0    0    2  -10   11   27 
   790:  -27   14   33   -3   30   -2   21   32    2 -106 
   800:  -13  -88  134   63   82  236    0   11  223  -43 
   810: -104  -79   22   22  105  -24  -24   15   10  -55 
   820:    6   -1    0    0    0   -1   -4   -9   18   -1 
   830:    1    0    0    0    0    0    0    0   -3   12 
   840:  -44    1   51  -12   14   33  -63  -32   32 -114 
   850:  103  -70  -26  -56  -34   71 -194  103 -123 -185 
   860:   88 -141   -5   54  137  -68 -181   57   20   43 
   870:  -15    8    5   -1    0    0    0   -1   -3  -10 
   880:   17   -2    0    0    0    0    0    0    0    0 
   890:   -2   15  -15    4  -18  -18  -25   16   10   42 
   900:   28   19  -10   25    5   19   -8   21   91  -10 
   910:   47 -143  -33  -15   53  -17   69    8  128   17 
   920:    7   -6    2   68    1    2    0    0    0   -1 
   930:   -4  -12   16   -2    0    0    0    0    0    0 
   940:    0    0   -1   -2  -49    1  -19   37  -30   16 
   950:   24  -59  -14  -12   28    4    3    8   -7  -63 
   960:   12   55  -87 -260 -151  102 -113  -47 -105   17 
   970:  -77    3  -15  -12  -10  -32    6   -1    0    0 
   980:    0    0   -5  -13   14   -1    0    0    0    0 
   990:    0    0    0    0    2   -7   56  -36  -42  -16 
  1000:  -17   36    9   10   33    9  -27    6   -4   25 
  1010:  -33   79  -43   20  -13   24   88  -41  -61    4 
  1020:   73  -45  -11   -3  -16  -21    2   19   17   -1 
  1030:    0    0    0    0   -5  -12   13   -1    0    0 
  1040:    0    0    0    0    0    0    0    2  -13   32 
  1050:  -60   47  -10   11    1   17  -23  -14    5   -9 
  1060:   14    4   -7  -20   41   47    3   -6  -62   11 
  1070:   78  -37  -50   25  -37   13   10  -11   14   14 
  1080:   -3    1    0    0    0    0   -5  -15   13   -1 
  1090:    0    0    0    0    0    0    0    0    0    0 
  1100:   -6  -87   -2  -10  -14    7   24  -19   25  -14 
  1110:   -3  -15   22   19   23  -42  -40   14   30   17 
  1120:   15   -3   -4   61    2    0  -16   -2  -18   10 
  1130:  -21   30    4    0    0    0    0    0   -5   -9 
  1140:   14   -1    0    0    0    0    0    0    0    0 
  1150:    0    3  -22   21  -11   18   10  -33    5    4 
  1160:   45  -58   20  -20  -17   -5   -8  -32    9    9 
  1170:    3   -8    4  -31  -45  -20    8   35  -13    3 
  1180:  -34    4   24  -29    1   -1    0    0    0    0 
  1190:   -5  -13   13   -1    0    0    0    0    0    0 
  1200:    0    0    0    0    0  -10  -72  -34  -26   42 
  1210:   65  -28  -11   -1   23  -10    4   36   -8  -28 
  1220:  -11   -9   13   -8   -9    5  -75   30   -3   16 
  1230:   16   43  -13   -2   -3  -20    2   -1    0    0 
  1240:    0    0   -5  -14   10   -1    0    0    0    0 
  1250:    0    0    0    0    0   -1    4  -37  -35   17 
  1260:  -24  -20  -36   13  -28   10  -29   20   31  -83 
  1270:   30    9   19   -2    0    2   41   -1   -1   -1 
  1280:  -24   -4  -10    6   31   13   50   36   -2    1 
  1290:    0    0    0    0   -6  -15   10   -1    0    0 
  1300:    0    0    0    0    0    0    0    0   10   58 
  1310:   -6   18  -64   16   32   30   20  -16  -15   -5 
  1320:   39   82   29   -8  -47    0   -5   17   31   -4 
  1330:    4   -8   23   47  -15    2   11   20   -3   -9 
  1340:    1    0    0    0    0    0   -5  -14    9   -1 
  1350:    0    0    0    0    0    0    0    0    0   -1 
  1360:    0  -38   45  -16  -25    9  -68   25   12   -1 
  1370:   40  -12   33   -2   37  -57   29   15  -26   -1 
  1380:  -12    3   -7   -8   14  -11  -27  -22   30   -1 
  1390:   20   14   -1    0    0    0    0    0   -6  -10 
  1400:   10   -1    0    0    0    0    0    0    0    0 
  1410:    0    2   -5   52   22  -39  -20  -20    0   36 
  1420:   18    8  -39  -14   78   47  -26  -74   10    8 
  1430:   14   26  -25   -1    3  -21    5   34   43  -31 
  1440:   -3  -23   31    1    0    0    0    0    0    0 
  1450:   -6  -10   11   -1    0    0    0    0    0    0 
  1460:    0    0    0    0   -1  -22 -130  -22   63   -6 
  1470:   -6   68  -14   -6    4   15   35    6  -38   66 
  1480:   -7  -10  -73  -10   37   -3  -12   24   18  -10 
  1490:  -19   31  -10  -12   58  -10    2    0    0    0 
  1500:    0    0   -6   -7   12   -1    0    0    0    0 
  1510:    0    0    0    0    0    0   -1   15   38   12 
  1520:   77  -31   34    4   49  -25  -83   26   13   17 
  1530:    1   -8   -2   -1   -3   -6    9  -11   19  -42 
  1540:   43  -78  -54  -43    2  -23   20   -2    0    0 
  1550:    0    0    0    0   -6   -8   12   -1    0    0 
  1560:    0    0    0    0    0    0    0    0    3   -2 
  1570:   68  -10   42  -30  -40   12  -11  -11  -27   10 
  1580:   48  -12    4  -16   23    4    2  -10   -7   -1 
  1590:    3   -2    5    7  -24  -10   47  -12   20   -3 
  1600:    0    2    1    0    0    0   -6   -5   11   -1 
  1610:    0    0    0    0    0    0    0    0    0    0 
  1620:    1   -7   50   71   43   66   -9    1  -17  -56 
  1630:   -9  -76    0   41   41  -11   -9   -7   13  -35 
  1640:   -1   35  -24    2   -1   -7    5    1   -7    4 
  1650:   -1    0    0    0   -5    1    0    0   -6   -6 
  1660:    9   -1    0    0    0    0    0    0    0    0 
  1670:    0    0   -3   30  -72   50   56  -62   12   58 
  1680:    2  118  -72  -42   40   40   23  -70   78  -25 
  1690:   30   32  -24  -10   -7   10   44   31  -16  -13 
  1700:   44  -25    3   -1    0    0    0    0    0    0 
  1710:   -6   -6    8   -1    0    0    0    0    0    0 
  1720:    0    0    0    0    1   13  139  -45  -35   45 
  1730:  -16    5  -67  -68   13   11   23  -51   14  -77 
  1740:   62   30  -67  -15   24  -79  -11  -46   14   37 
  1750:   43   45   38   34   -7    2    0    0    0    0 
  1760:    0    0   -6   -9    7   -1    0    0    0    0 
  1770:    0    0    0    0    0   -1    2  -22  -48  -43 
  1780:  118  -46   15  -10   58  -22   18  -33  127   50 
  1790:  -20   -4   27   39  -40   39   -1  -12   12  -30 
  1800:   19  -13  -19   28   58  -33   -2   -1    0    0 
  1810:    0    0    0    0   -6   -7    9   -1    0    0 
  1820:    0    0    0    0   -2    0    0    1   -4   32 
  1830:  -10   47  -14  -12  -12  -24    5   37  -22  -26 
  1840:    5  -11   70    4  -33   13   19   10  -28   36 
  1850:   47  -28   57 -103   34   17   40  -12    2    0 
  1860:    0    0    0    0    0    0   -6  -10    8   -1 
  1870:    0    0    0    0    0    0    0    0    0    2 
  1880:  -10   78  -32   21    9   25   42  -15  -80   33 
  1890:  -68   14    4   33   46   64   20  -38  -30   16 
  1900:   23    8  -69   30  -32  -47   -7    6  -78  -39 
  1910:    4   -1    0    0    0    0    0    0   -6   -9 
  1920:    5    0    0    0    0    0    0    0    0    0 
  1930:    0    2   -7   57    9   -8   94   29   14  -93 
  1940:  101   63  -21   39  -16   38   92  -52   37    6 
  1950:   -2  -13  -40   32  -39  -40    0  -21   27  -12 
  1960:   -4   -4    1    0    0    0    0    0    0    0 
  1970:   -5   -8    3    0    0    0    0    0    0    0 
  1980:    0    0    0    0    6   12  -15  -97    7   48 
  1990:  -25  -18  -43  -79   -5  118  -43   24  -75   -1 
  2000:  104   -9   11   -9   32    8  -32   47    6  -36 
  2010:  -69  -28  -29   -5    0    0    0    0    0    0 
  2020:    0    0   -5   -6    3    0    0    0    0    0 
  2030:    0    0    0    0    0    3  -13   10  -53  -94 
  2040:  -13   98  -77   68    5  -38   11   61  -39  -28 
  2050:   55  -29   71   26   99   -6   32  -22   64  -36 
  2060:   35  -22   10   92  -25  -18    2    0    0    0 
  2070:    0    0    0    0   -5   -5    3    0    0    0 
  2080:    0    0    0    0    0    0    0   -1   -1  -92 
  2090:   25 -134   40  -13  -63   82  -99   45  -63   72 
  2100:   -9   44  124   40   20  -32   71  -10   28   17 
  2110:    8   82  -44  -23  -60   40   37    0    0    0 
  2120:    0    0    0    0    0    0   -5   -6    4    0 
  2130:    0    0    0    0    0    0    0    0   -2    9 
  2140:  -52   50  -34  -79   75  -16   13  -36  -93   13 
  2150:   11   -3  -72 -126  -52  -40  -76  -20  -26   -5 
  2160:  -14    7  -24   56   16  -33  -15   10  -55  -11 
  2170:    1    0    0    0    0    0    0    0   -4   -5 
  2180:    3    0    0    0    0    0    0    0    0    0 
  2190:    1    1   32  -16    6  -18  -62 -122  -31   -7 
  2200:  -65   55   85 -104   13   46  -26   68  -36   22 
  2210:   99  -39   63   24  -21  -71   -2  -32    8  -34 
  2220:   15   26   -7    1    0    0    0    0    0    0 
  2230:   -4    0    2    0    0    0    0    0    0    0 
  2240:    2   -1    4  -20   60  -13   53  -48   15  -63 
  2250:  -17  -59  -16   20   42   97  -33   31  -46   14 
  2260:   63  -36  118   85   59   32  -10  -24  -58   17 
  2270:    8   -7   -2   -1    7   -1    0    0   -1    0 
  2280:   -1    0   -2   -4    1    0    0    2    2   -2 
  2290:    1    0    3   -2    1   32  -49   -3   34   33 
  2300:   63   41   20  -35  -10  -44   13  -36  -34  -71 
  2310:  -10   -5  -72  -32  -19   97   30   56  -21    0 
  2320:   -2   23   12   58   43  -47  -16   -1   -1    0 
  2330:    0    0    0    0   -3    0    1    0   -3    0 
  2340:   -4  -20    2   24   68  -12   58   -9  -41  -20 
  2350:    7   30    3   31   -9  -15  -91   49   -7   29 
  2360:  -72  -60  -40  -66  -17  116    3  -23   18    9 
  2370:   42   40    9  -31    2   12    9    1   11   -7 
  2380:    0    0    0    0    0    0   -3    0  -19   -7 
  2390:   19   63   17   -6   11    1   40  -22  -21    8 
  2400:  -29   20  -35  -16   28    8    9    0   14  -15 
  2410:   58  -40   18   17   -8    0   -8  -11   -4    0 
  2420:    2   -4  -13    2   -2    5   -1   15    2   -3 
  2430:    4    0    4   24   -7    2    2    4   -1    2 
  2440:  -11    2  -13   34    0  -14   -3    5    1    1 
  2450:  -10    4   28  -11    2  -12    2    3  -15   20 
  2460:   -4    3   47  -25   -3   22   -4   -7    1  -14 
  2470:   -4   -6   -7  -11  -48   18  -16  -13   -9   30 
  2480:   -6   20   30    1   -2   41  -12    1    0    3 
  2490:   -1   26   18  -18    7  -32 
