     0:    0    0    0    0    0    0    0    0   -1    2 
    10:   -5    8    1   11   -2    0    2    0    0    0 
    20:    0    0    0    0    0    0    0    0    0    0 
    30:    0    1    2    2    1    0    0    0    0    0 
    40:    0    0    0    0    1    3   53    9   27  -13 
    50:   -6   24    6   -1    0    1   -1    0    0    0 
    60:    0    0    0    0    0    0    0    0    0    0 
    70:    0   -1    0    0    0    0    0    0    0    0 
    80:   -1    2  -32   -6   -9   -8   12   -8  -42  -13 
    90:   27   -4   -1    2    0    0    0    0    0    1 
   100:    0   -1    0   -6    3    3    0    0    0    0 
   110:    0    0    0    0    0    0    8   -5   -1   -4 
   120:   -4    2  -28   43  -14    0  -10   -1    0   12 
   130:  -19   15   -3    0    3   -1   -2   -1    0    1 
   140:   -1  -13   16   -1    1    0    0    0    0    0 
   150:    0    1   -7    1   -2   -6   -2    3    6    0 
   160:    5  -10    5   -9   -3  -25   16   -8   17    1 
   170:   18    0    8   10    0  -17  -14   -2    1   24 
   180:   -7    1    0    0    0    0    0    1   -1   16 
   190:  -11    9   32   -5    3  -10   -5   14   -2    2 
   200:   -7   19    8   -8    3   -9   -6  -10    0    0 
   210:   -1   11   -4   15    6   10    6   16    5    0 
   220:    0    0    0    0    0   -7  -21   -7   -9   -1 
   230:  -12   -9  -10    1   -5   -6    2   18    6   17 
   240:    3   10    8    1    3    3    4   -2   15  -14 
   250:    2   18    2    0    1  -19    3    0    0    0 
   260:    0    1    2    1   -1   24  -35    4   26   -3 
   270:   11   -8   -4   -1   -7    3    1  -17   -1    5 
   280:  -34  -11    5   -8  -15  -13   -9    9   23    8 
   290:  -66   -7   -8    3    0    0    0    2  -10  -19 
   300:  -33   -2   -3  -25  -29   -1   -2   -2    6   12 
   310:    0    8    5  -14    4    7    2   -4    2   -7 
   320:    1   24   30   -4    7   -3   25   17  -17   -6 
   330:    9   -1    0    0   -3   -4    2    9    5  -18 
   340:  -50  -20   54   13   19  -10  -11   15  -14   23 
   350:   10   -9   14   22  -10  -14    1   -9    8   -2 
   360:    0  -26   22   -6    8  -25   -6   -3    0    0 
   370:   -1    8   16    8  -19   -3   22   47   43  -33 
   380:  -36    8  -11   -3  -15    2   27   15   18   26 
   390:   13   14   -1  -12   -4    9  -16   -8    1   23 
   400:    5   24   -1   34   -3    1    0   -3   -1  -52 
   410:  -24   39    5  -35  -22  -42   24   36   22  -29 
   420:   -1    9   12   -9    6   33  -33   -6  -14  -16 
   430:   -4   -3  -10  -20   12    0   24    2  -17   53 
   440:   -9   -6   -1    0    1   16   44  -31   19   25 
   450:   99   36    4    7  -30  -17   22    3  -15  -40 
   460:    4   -7    1  -17   35  -13   15    1    2   32 
   470:   21  -30    3    7  -22   59    4   20    6    0 
   480:    0    4  -25  -15   39    6  -13  -54  -42  -25 
   490:   71   21   50  -50    8   47  -82   12   17  -27 
   500:  -23    4  -28   14   -2  -14   -1    1  -35  -20 
   510:   10  -24  -14  -15    2  -25    2   -2   -9   23 
   520:  -36  -85  -44   58   47   42  -30  -53  -26  117 
   530:   45  -42   87   73   25  -52   42   -2   -9   -3 
   540:  -13  -15    5  -17  -49    5   37    2  -13   10 
   550:    7   11   -6   14   -4   -3    8    6   27   33 
   560: -103    6  -11  -75  142  124  -53  -27   -8   73 
   570:  -60   -7    9  -33   15   39  -36   -4  -11    4 
   580:    1   39    9   -9   19   11  -36  -12   18   -8 
   590:    9   -3   -2  -22    3   23  -19   63   -1 -123 
   600:   67  -44  116  -49   95   -2   30  -12   -9   10 
   610:   40   -6  -12  -12    7   27    2    8  -15   -6 
   620:   -6   11    1   24   12   -9  -29   -7   -3    2 
   630:   22   -8  -21   26  -50   38  -37  105    1 -123 
   640:   44  -59   50  -18    3   -5  -20    4   11   13 
   650:  -12   23   26   16   12    5   -8   -6    0   -6 
   660:  -15   -1  -18   -5    2   -7   -5    3    3    1 
   670:  -16  -13  -24   42  -73   55   91  -47   30    4 
   680:   11   -1    3   -3  -10   17   12    2   16   12 
   690:  -33    0    6   12  -11    6  -12  -14  -22  -11 
   700:  -16  -17    1  -16    2    2   10   -2  -11   -8 
   710:   34  -63   -2  -38   15  -23  -10   -9    7   -3 
   720:    2    9   -9    4   10   -2  -26    0   -8   16 
   730:    6    0  -17   -6   -3   10   -9   12   16   -5 
   740:   -7  -10  -14  -11   15    4   -9   -3   83  -20 
   750:   21   33   -7   14  -24   17    9  -15    2   -5 
   760:   10   -4  -11    2   19   -9  -23    1  -16  -10 
   770:   14   -5   12   -7   30   15   -1  -12   -5   31 
   780:   -6   14  -18   16   11   24    4   10   -4   -7 
   790:  -29  -10  -20   -1   -8    7  -16   12  -15   -6 
   800:   -6   23    4    2  -10  -18   -3   11   -5   -3 
   810:   -4  -13   -5    1    5   12   12  -19   -9   13 
   820:  -12    5   31   24   -1  -13    1   21    7   -1 
   830:   14    1  -29   -7  -15   12    1   -1  -10    9 
   840:   -7    9   -2    0    1    7    9    5  -12    0 
   850:   -1    9   -7   19   -8    1  -28  -14  -22   13 
   860:  -10   -8   -2  -19    0    7   25   11   13   -2 
   870:   -2   43   -6   -9   12    1    8  -14  -13   14 
   880:   11   19   15   10  -22  -16    1   -1    0  -25 
   890:   10    0   32    3    6   -7   12   43    1   -6 
   900:   -6   13   21    0    1    4   30   14   36   -3 
   910:   46   -1   -9   19  -14  -14  -13   -7   21   27 
   920:   -3   12   13   -1    1   -2   18  -11   -3    5 
   930:  -14  -13   -4   36  -12    3  -26    9   35  -43 
   940:   -2   -9   -2   23  -17  -55   21  -33   49   26 
   950:   31  -33   17   -8  -13  -12  -29   11    0   -8 
   960:    1    0    1    3   22  -11    0  -16    9   -4 
   970:  -33   -1  -14   -5   11   22   60   50   22  -38 
   980:    5    4    0  -58   73  -42   -3  -36   -6   -6 
   990:    9   23  -20  -51   -3   10    6    0    0    0 
  1000:   -1   -6   18   10   -4   27  -18   28    1   38 
  1010:  -14   27  -21   72   18   -1   36    9  -17   24 
  1020:  -39    2   13   19    8   -9   -8   39   -3  -24 
  1030:   43    9  -10   -2    0    0    0    1  -12   -3 
  1040:  -10  -10    6  -28  -14    2   -2   -8   -6    7 
  1050:   24   -6    2   10   15   -9   58    4  -53    3 
  1060:   26   48   11  -12   43   -8   52   -7  -19   12 
  1070:   -2    0    0    0    0    0    5  -16   13   26 
  1080:  -36  -35  -12   25   -6   25   30   38  -45   20 
  1090:  -56  -16    7   14    3   -9    7   10   10  -10 
  1100:    5  -13    4   28   -5  -21    0   -1    0    0 
  1110:    0    0    0    0    3   -6   49   32   26   21 
  1120:  -10  -25   32  -51   31  -34  -20   12   -6   35 
  1130:   11    4    3   -2   -3   22   18   16   15    8 
  1140:   18  -17  -19    4   -1    0    0    0    0    0 
  1150:    0   -1    2   -8    4  -26  -32   42  -18  -17 
  1160:   -7   -4   -5   62    1   15   -6   27    9  -13 
  1170:  -14  -21    1  -38  -37   31   22   35   18   15 
  1180:   -3    1    0    0    0    0    0    0    4   -2 
  1190:   -4   23   -2    9   37   -2   14   -3  -19   -7 
  1200:    8    8   50  -31   16  -10   -5    1   -8  -10 
  1210:  -45   -7  -10   20  -18   -2    7    0    0    0 
  1220:    0    0    0    1   -6    6  -10  -45   15    5 
  1230:  -11   17   -2   39  -14   -6  -20  -21    1   16 
  1240:   30  -31   12  -11   -1  -14  -29    2  -72   12 
  1250:   -3   13    6   -2    0    0    0    0    0    1 
  1260:    0   13    6   24    8  -46   18   17    5   -8 
  1270:   -5  -24  -10   14    6   25    8  -21   -5    4 
  1280:   13  -36  -24  -13    9    1   12    4   -1   -3 
  1290:   -1    0    0    0    0   -5    2   -8    0  -51 
  1300:   30   -1   26  -46  -37   45  -13   10   -4   35 
  1310:   29   -9   13   14   11   20   25  -44   28   12 
  1320:    3   12   -1    3    0    0    0    0    0    0 
  1330:    0    0  -25   15   10    0  -16   20    3   11 
  1340:   -4   18  -16    1   18  -25   -8   -8   25    2 
  1350:   -6  -23   21    5   35  -18    1  -31   14   -1 
  1360:    1    0    0    0    0    0    0    0    0  -16 
  1370:    5   -2  -15   -8   16   12    2    2    4    3 
  1380:    0   -2   -2    0   -3    2    0    2    0    1 
  1390:   -1   -3   -4    5    0    0    0    0    0    0 
  1400:    0    1    0    0    0    0 
