     0:    1    1    1   -1   -1    1    0   -1    1    0 
    10:    2   -1    0    0    0    1    1    0    1    0 
    20:    0    1    1   -1   -2   -1    1    0    0    1 
    30:   -2    0    0   -1   -1    1    1    1    0    0 
    40:    0    0    1   -1    0   -1    1    0    0    1 
    50:    0    1    0    0    0    0    0    0    0    0 
    60:    0    0    0    0    0    0    0    0    0    0 
    70:    0    0    0    0    0    0    0    0    0    0 
    80:    0    0    0    0    0    0    0    0    0    0 
    90:    0    0    0   -1   -2    0    0    0    0    2 
   100:    0    0    0    0    0    0    0    0    0    0 
   110:    0    0    0    0    0    0    1    1   -1    0 
   120:    0    0    0    0    0    0    0    0    0    0 
   130:    0    0    0    0    0    0    0    0    0    0 
   140:    0    0    0    0    0    0    1    0    0    0 
   150:    0    0    0    0    0    0    0    0    0    0 
   160:    0    0    0    0    0    0   -1    2   -5   -6 
   170:    3    0    0    0    0    0    0    1    0    0 
   180:    0    0    0    0    0    0    0    0    0    0 
   190:    0    0    0    0    0    0    1    2   -1   -3 
   200:    0    1   -1   -1    0    0    0    0    0    0 
   210:    0    0    0    0    0    0    0    0    1   -8 
   220:   14    0   -1    1    1    2    3    0    4   -7 
   230:   -3    0    0   -1    1   -1    1    0    0    1 
   240:    0    0    0   -1    1   -1   -1    4   -4   -6 
   250:    3    1    4   -4   -2    0    0    0    0    0 
   260:    0    0    0    0    0    0    0    0    1   -2 
   270:   -4  -12    4  -11   13   -5    0   -1   -6    9 
   280:   14   -4   -8    7   -1    1   -4    1   -7   -4 
   290:   -2   -1    3   -1   -5    4   -3    0    1    5 
   300:   -3    6    5    1   -7    4   -4   -1    0    0 
   310:    0    0    0    0    0    0    0    0    0    0 
   320:   -2   16   -5  -30   -6   16  -20    3   -4   34 
   330:   -9    0    0  -12    4    2   -6    0  -12    9 
   340:   14   -7   12    1    1   -4    1   -3    4    3 
   350:   -2   -1    0   -2    0    4   -1    0   -1    0 
   360:    0    0    0    0    0    0    0    0    0    0 
   370:    0    0    2    2  -17   18   10   -2  -16   -3 
   380:    0   20  -17    9  -11    0  -11    5  -10   -1 
   390:   10   13  -11   23  -19   10  -20   -2  -11  -12 
   400:    8   17   -1    0   -1    4   -2    1   -2   -2 
   410:    2   -1    0    0    0    0   -2    0    0    0 
   420:    0    0    0    1   -9    4    6    0   -1   -3 
   430:   -8   -6   -1    1    1   -1   -3    3   15    0 
   440:   -8  -10   47  -40   -2    0    9   -1  -31    0 
   450:    9   20   -7   -3    3   -2    0   -1   -1    1 
   460:    3    0    0    1    0    0    0    0    0    0 
   470:    0    0    0    0    0   -2    1   10   18   -4 
   480:   12    3  -15   16   -5  -41   -4   -3   -5  -10 
   490:    2    9   11   13  -32   12  -10   24  -24   -6 
   500:    3   -8    6    7    2   -9    5    1    1   -3 
   510:   -6    0   -2    0    0    0    0    0    0    0 
   520:    0    0    0    0    0    0   -1   10  -16  -25 
   530:   35   10   35    5   19   12  -15   -1   -2  -15 
   540:  -12   -2   -7   -6    2   -3   25  -19    6   -7 
   550:    5   10    6   17  -11   13    7  -14    3   -5 
   560:    1    2    4    0    0    0    0    0    0    0 
   570:    0    0    0    0    0    0    0    0    1  -10 
   580:  -11   41    5    5  -20  -21  -18   -3   20  -27 
   590:  -12   -2    1  -12   -1    0    4    1    3    5 
   600:   15   -2  -19    2    3   11   19  -14    9   -1 
   610:   -3    0    0    0    0    0    0    0    0   -1 
   620:    0    0    0    0    0    0    0    0    0    0 
   630:   -1   15   22  -29  -33  -25  -13    4    5    5 
   640:  -28  -21    7   12    0   -9   -4  -10   10   -2 
   650:   -2    9  -18   -2   19   10   -6  -14    8    9 
   660:  -22   19    0   -1    0    0    0    0    0    0 
   670:    0    0    0    0    0    0    0    0    0    0 
   680:    0    0    1  -10  -28    6   28   19    1   -1 
   690:    4  -10   16   16   -4   -8   -5  -10    7    0 
   700:    2  -11   -9    3    6    0    4   -5   -7    0 
   710:   11  -13    0   -3   -1    2    0    0    0    0 
   720:    0    0    0    0    0    0    0    0    0    0 
   730:    0    0    0    0   -1    3   23    2   -6   -7 
   740:   -3  -15   -1   15  -11   -8   -8    5   16   -5 
   750:   -2    7   -3    9   -3    8   -5   -4   -2   11 
   760:   -1   -1    1   15    0   -3    2   -9    2    0 
   770:    0    0    0    0    0    0    0    0    0    0 
   780:    0    0    0    0    0    0    3   -7   -9   -7 
   790:   -7  -10    5   11   -5   -9   26  -12   -6    4 
   800:    3   -7    2    0    1    0   -2   -5    2   -6 
   810:    0    0   -6   -1    0   -9  -21  -15   -5    7 
   820:   -1    0    0    0    0    0    0    0    0    2 
   830:    0    0    0    0    0    0    0    0   -1    4 
   840:    0   34    6   11  -14    1   10   12   -9   13 
   850:   -6    3  -12   -7   -4    1    6    8   -7   10 
   860:    3   -4    8   -1   -3    3   12   11   -4   12 
   870:    2    4    0    0    0    0    0    0    0    0 
   880:    0    0    0    0    0    0    0    0    0    0 
   890:    1  -14    7  -18   16  -23   22  -19    1   -1 
   900:    1   -9   13  -13    9   -3  -13  -12    8    6 
   910:   -5   -1    4   11  -12   -3    6   -3   -1   12 
   920:   12  -30   -4    1    0    0    0    0    0    0 
   930:    0    0    0    0    0    0    0    0    0    0 
   940:    0    0    0    3  -13    1  -10   20  -13    5 
   950:   -5    6    1   17  -17   17   -8   10  -12   12 
   960:    8    6    3    9   -3  -14   10    7   -4    5 
   970:   15    2    5   11  -10    7    0    0    0    0 
   980:    0    0   -1    0    0    0    0    0    0    0 
   990:    0    0    0    0    0    0   -5   -3    9   -9 
  1000:   11  -10   -2   -1    8   -7  -18   -7   10    1 
  1010:    1   -5   -9    6  -12   -5   14    3  -11    4 
  1020:    3   -9  -17   10   -4    7  -11    4    0    0 
  1030:    0    0    0    0    0    0    0    0    0    0 
  1040:    0    0    0    0    0    0    0    0  -12    0 
  1050:    1    8   -9   29   14  -14    8  -23   11   16 
  1060:   12   -6    4    8   -6   -2    9  -17    7    4 
  1070:   -7  -14   15    4   13    6    1   18  -13   -1 
  1080:    1    0    0    0    0    0    0    0    0    0 
  1090:    0    0    0    0    0    0    0    0    0   -2 
  1100:   -2  -15    1   -2    0  -10   11    2   -9    7 
  1110:   -8   -4  -13   -1   -5   -7    4    9   -1  -25 
  1120:   11  -11   20   -6   -3   -8   -9  -17    3    5 
  1130:   -1   -8    1    0    0    0    0    0    0    1 
  1140:    0    0    0    0    0    0    0    0    0    0 
  1150:    0    3  -13   13    4  -11    7  -11    3    9 
  1160:    2    2   15   -9    4   -2   -7   -1   -5   -5 
  1170:   -1   11    1  -20   -4    2   11    5    0   -4 
  1180:   20   -9   -1    2    0    0    0    0    0    0 
  1190:    0    0    0    0    0    0    0    0    0    0 
  1200:    0    0    0    0   -3    3   12    7    5  -13 
  1210:    0   23  -15  -10   -5   -8    5   -4   -2    1 
  1220:    4   12   -1   -9    8   17    4  -31    0    2 
  1230:   -6   -5    2    0    2   -5    1    0    0    0 
  1240:    0    0    0   -1    0    0    0    0    0    0 
  1250:    0    0    0    0    0   -2    4   11   -6    5 
  1260:  -11   11   -5  -12    3    3  -11   16  -17   16 
  1270:    6   -3   -1   -3   -2   -5   21    7    1   11 
  1280:   25  -14    4    4    9   10    9   -1    0    0 
  1290:    0    0    0    0    0    1    0    0    0    0 
  1300:    0    0    0    0    0    0    0   -1    2  -12 
  1310:   -5   15   -1   -6    3    8   -7    3    0   -9 
  1320:   13  -14    6   -8    3    6   -7   -2    0    3 
  1330:   -9    1  -31    1   -6   -9   -1  -14   -7    2 
  1340:    0    0    0    0    0    0   -1    0    0    0 
  1350:    0    0    0    0    0    0    0    0    0    1 
  1360:   -3   -5   -9   13   -2   -9   -4    1   -5   -6 
  1370:   -9   -9   -4    5    2   -2   -6    1    4   11 
  1380:   -2   -8    0   -4    9    3   -3   -3    3    8 
  1390:    5   -3    0    0    0    0    0    0    1    1 
  1400:    0    0    0    0    0    0    0    0    0    0 
  1410:    0    0    1    6   16  -25   19   -7   32  -13 
  1420:   15   13   -6   10   -7    2    4   -3   -2    5 
  1430:   -7    1   10   16    1   -4    0   -3   -3    3 
  1440:   16   -6    0   -1    0    0    0    0    0    0 
  1450:    0    0    0    0    0    0    0    0    0    0 
  1460:    0    0    0    0    1  -16   26   20   -3  -24 
  1470:   -3   14  -13    2    1    0   -8   -3   -3    7 
  1480:   -5    7    5   -1  -18    6    9    1   -2    5 
  1490:   -2    6    8   -8   -3    1    0    0    0    0 
  1500:    0    0   -1    0    0    0    0    0    0    0 
  1510:    0    0    0    0    0    0    3    0  -11    8 
  1520:   18    5  -14   10    4  -15   -6   -9    9   -5 
  1530:   -1   -1    2   -1   -2    2   -4   -2   -1  -12 
  1540:    5   16  -12   -6   -6   -6    5   -1    0    0 
  1550:    0    0    0    0    0    1    0    0    0    0 
  1560:    0    0    0    0    0    0    0    0    0   -6 
  1570:    9    0    6  -17  -11   16   -6   10  -11    8 
  1580:    2    2   -3  -10    4    5   -1   -2    0    5 
  1590:   -2    2   -3   11    2    1   -2    3   -1    0 
  1600:    1   -1    0    0    0    0    0   -1    0    0 
  1610:    0    0    0    0    0    0    0    0    0    0 
  1620:    0   18   -1  -11  -23   14   -7    6  -18    1 
  1630:   -3    1    7   -3   -5    6  -14    3    1    8 
  1640:   -5   -7    6    0   -2    0   -2    0    0   -1 
  1650:    0    0    0   -2    0    0    0    0    0   -1 
  1660:    0    0    0    0    0    0    0    0    0    0 
  1670:    0    0    1   12  -26    3   -8  -11  -17   10 
  1680:   13   -3   -9  -24   16   -6  -10   11   11   -4 
  1690:   10   -8   -6   15  -18    3    9   -1   14  -12 
  1700:    4    1   -1    0    0    0    0    0    0    0 
  1710:    0   -1    0    0    0    0    0    0    0    0 
  1720:    0    0    0    0    0    1   11   -3    3   10 
  1730:    0   -6    1   -7    2    4    6    7  -18    9 
  1740:   -4    4  -10  -17   10   -5    1    4    7   -1 
  1750:  -17    8  -22    4    0    0    0    0    0    0 
  1760:    0    0    0    0    0    0    0    0    0    1 
  1770:    0    0    0    0    0    0    2    0    6    9 
  1780:   -7  -18   -8   12    4   -3  -12    4  -17    9 
  1790:   -2   -3   -6  -13   26    4  -17   20   -2    1 
  1800:   16   -1   15  -15    6   -5    0    0    0    0 
  1810:    0    0    0    0    0   -1    0    0    0    0 
  1820:    0    0    0    1    1    0    0    0   -3    0 
  1830:   -1  -11   -5   -5    0   -9   -7    2   -3  -11 
  1840:    3    3   18   11    7    1   -3    7   -2   -7 
  1850:    5   -5   -7    7  -10    3    7   -1    0    0 
  1860:    0    0    0    0    0    0    0    0    0    0 
  1870:    0    0    0    0    0    0    0    0    0    0 
  1880:   -1    6  -15   15   22  -13  -14  -16   28   -1 
  1890:    4    5  -23   15   -8   11  -10   21  -26    8 
  1900:    5  -11    6    7  -12   -2    3   11   -3   -4 
  1910:    0    0    0    0    0    0    0    0    0    0 
  1920:    0    0    0    0    0    0    0    0    0    0 
  1930:    0    0    2   -7   13  -17   -2   13   -7   18 
  1940:   -5    4    8  -13   17    6   31   -4   23  -20 
  1950:   12    2   -1   20  -17    3  -12    0    0    8 
  1960:   -8    1    0    0    0    0    0    0    0    0 
  1970:    0    0    0    0    0    0    0    0    0    0 
  1980:    0    0    0    0   -5   20  -44    7   -3   -5 
  1990:   -9   10    0   -4  -11    5  -25   30  -18   -1 
  2000:   -4  -10    0  -15    1  -25   10   -5   14    2 
  2010:   -4   -6    2    0    0    0    0    0    0    0 
  2020:    0    0    0    0    0    0    0    0    0    0 
  2030:    0    0    0    0    0   -1  -13  -19   26    3 
  2040:    1    2    8    8  -16  -11   18   -1   -8    1 
  2050:  -14   17   -4   12   -4   12    0   10   -6   12 
  2060:   -1   13  -14   10    0    1    0    0    0    0 
  2070:    0    0    0    0    1    0    0    0    0    0 
  2080:    0    0    0    0    0    0    0    0   12   15 
  2090:   -1   11  -14   -7    0    3    2  -18    1  -21 
  2100:    2   20    7  -12   14   -7   -6   19   -4   -8 
  2110:   10  -14    9  -15   24    1   -1    3    0    0 
  2120:    0    0    0    0    0    0    0    0    0    0 
  2130:    0    0    0    0    0    0    0    0    0   -4 
  2140:   -5    4    6   -5   12  -11   -2   -5    5  -13 
  2150:   -5    6   -1   14    0   11   -7  -15   -7   13 
  2160:    0    1   17    2   18  -15  -10   -6   -7    2 
  2170:    0    0    0    0    0    0    0    0    0    0 
  2180:    0    0    0    0    0    0    0    0    0    0 
  2190:    0   -2   -7   -6    5    2   20   -4    1   -2 
  2200:    0    6    5   -2   -6  -13   -1    1    0  -20 
  2210:  -10   12    0  -12  -21   20    4   -9   -6   22 
  2220:   -6   -2    1    0    0    0    0    0    0    0 
  2230:   -1    0    0    0    0    0    0    0    0    1 
  2240:   -1    1   -3   -9   11    6    4    4  -24   11 
  2250:   -4   -7   20   -8  -22   13   12   -9    2    8 
  2260:  -10   10   -7   -6    8   12  -17   -3    4   -6 
  2270:   -5    3    1    2    0    0    0    0    0    0 
  2280:    0    0    0    0    0    0    0    0    0    0 
  2290:    0   -5    6   -1    0    6   -3   23  -12  -11 
  2300:  -15   -6   -4    7  -20   -4   12   -4   -6   13 
  2310:  -10   19   14   11    1   -7    8    0  -13    1 
  2320:  -11   -6    3    0   -8  -17    3    0    0    0 
  2330:    0    0    0    0    0    0    0   -1   -1    1 
  2340:   -3    2   -2   10    2    2   14   15   12    7 
  2350:   -6    7   -2   -4   12  -22    3   16   -8    5 
  2360:  -13   -9  -12  -14   -6   15   -5    3   -2    5 
  2370:   -6   -7    2    1    7  -12   -2    1   -4    1 
  2380:    0   -1    0    0    0    0    0    1    0   -1 
  2390:    0    4   -4   -5    8  -12    5    3    0   -1 
  2400:   -7   -2    6   -9    6    0   -3    4    1   -5 
  2410:    5   -2   -3    1    3    1    4    1   -4    2 
  2420:    5    0   -2    1    7   -4   -5    0   -1   -4 
  2430:   -1   -1    2    9   -2   -1    2   -1   -1   -3 
  2440:    0    8   -2   -3    0   -4   -5    6    1  -11 
  2450:    3    2   -7    3   -4    3   -5    2   -2    4 
  2460:    5   -4    0   -1   -2    0    0   -2    0    1 
  2470:   -3    0   -4    4   -1   -5    1    2   -1   -3 
  2480:    6    0   -2   -3   -2   -1    4   -6    0    0 
  2490:    2   -2   -4   -1    2    2 
