     0:   -3    2   -2   -7    3    4   -2    1    6    2 
    10:    7   -6    3    2    0   -1   -1    0   -3   -1 
    20:   -1   -4    2    4   -1   -1    4    0   -1    2 
    30:   -1   -3   -4   -1   -3   -2    0   -7   -1    1 
    40:   -2    5   -1    0    3   -1   -3    8   -1   -2 
    50:   -2   -6    0    0    0    0    0    0    0    0 
    60:    0    0    0   -1    0    0    0    0    0    0 
    70:    0    0    0    0    0    1    0    0    0    0 
    80:    0    0    0    0    0    0    0    0    0   -1 
    90:    0    0    0   -3   11    1   -1   -1   -4   35 
   100:   -2    0    0    0    0    0    0    0    0    0 
   110:    0    0    0    0    0    0    0    1    0    0 
   120:    0    0    0    0    0    0    0    0    0    0 
   130:    0    0    0    0    0    0    0    0    0    0 
   140:    0    0    0    0    1   -7   -2    7    0   -1 
   150:   -2   39   -3    0    0    0    0    0    0    0 
   160:    0    0    0    0    0    0    0    2   -9   -1 
   170:   -3    1   -1    0    0    0    0    0    1    0 
   180:    1    0    0    0    0    0    0    0    0    0 
   190:    0    0    0    0    0   -1    3   -4   -5    3 
   200:    0   -1   -2   35   -3    0    0    0    0    0 
   210:    0    0    0    0    0    0    0    1    1    1 
   220:  -16   10    5    0    3   -2    2    9   -5   -1 
   230:   -1    0   -2    0    1   -2    0    0    1    0 
   240:   -1    1    0    0    0    0   -2   10   -6    0 
   250:    8   11   -2    1  -10   32   -2    0    0    0 
   260:    0    0    0    0    0    0    0    0    0   -2 
   270:   -1    1    3   -4   -7   31  -38   13   13   22 
   280:   14  -16   24   -8   21   -7   -4   14    5    0 
   290:   -2    0    3   -4   -3    2    1   -3    4    3 
   300:    0   -3   13   -1   -7    5  -16   30   -2    0 
   310:    0    0    0    0    0    0    0    0    0    0 
   320:   -2   14   -1    0    8   -6  -34   45  -38   36 
   330:   19    7    9   11   12   -7   20   -5  -21    6 
   340:   -3  -16   24   -3  -16   40    4    5    4   11 
   350:   -5   -2    0   10   -4    7    1   -7   -6   31 
   360:   -2    0    0    0    0    0    0    0    0    0 
   370:    0    0    0    1    2   25   -1   -1  -22   26 
   380:   -1    2   31   16  -16   29  -20  -12   18   26 
   390:    4   18  -10   23   11  -17    6   -8  -11    6 
   400:   17    5   -7    0    0   -4    3    9   -9   -2 
   410:   -5   40   -3    0    0    0    2    0    0    0 
   420:    0    0    0    0   -2   -5   21   15  -20   24 
   430:  -12    8   -1   27    4  -13   22  -18   28   15 
   440:   -1   17   -7   11  -10  -12   -3   13    6  -13 
   450:    9    6   -1   -1    7   -3    0   -8    5   -1 
   460:    0   -2   -3   38   -3    0    0    0    0    0 
   470:    0    0    0    0    0    1    3  -17  -27   13 
   480:   -1   25   -2  -47    7   -3    1    0  -22   12 
   490:  -19    1   14  -19    6   10   -9   16   -4  -13 
   500:    0  -34   -1    5  -11  -13    4    9   -2    2 
   510:   -4    8    3    0   -6   38   -3    0    0    0 
   520:    0    0    0    0    0    0    0    0  -22   42 
   530:    3   10  -11   -5   12   -3   17   13   -4  -12 
   540:    5  -10   -1  -13   17  -21   -7   22  -14   -7 
   550:  -12  -11    5  -12    4  -12    1    3   -7    1 
   560:    2    3   -1   -1    0   -1   -6   38   -3    0 
   570:    0    0    0    0    0    0    0    0    1   -3 
   580:  -24   -9   -3    3    8    5   -1  -14  -26   15 
   590:    6    0   21   -4   -3   35  -27    7    1  -26 
   600:  -11   10   -1   -8   -9    7   10  -17  -10  -16 
   610:   12   -5    1    3   -1    0    0   -1   -7   34 
   620:   -2    0    0    0    0    0    0    0    0    0 
   630:   -3  -14   34   -4  -17    4    4    7   33   26 
   640:   -6  -13  -11   12  -19    6    2  -31   -5    6 
   650:   28  -25   20   -1  -17    6   18   -2  -11   14 
   660:    1   -1   26   -3    0    0    0    0    0   -1 
   670:   -8   33   -2    0    0    0    0    0    0    0 
   680:    0    0   -6   20   25   13   -3   14   13   -6 
   690:    0  -34   -4   51  -39  -21   30  -45    5    5 
   700:   -7  -12   30   -8   -9    1   16  -13    0  -12 
   710:   20  -42   48  -37    3    6   -1    0    0    0 
   720:    0   -1   -9   30   -2    0    0    0    0    0 
   730:    0    0    0    0    8  -51   32   11   -3    3 
   740:  -19  -22   24   33    3  -50   49   -6  -20  -11 
   750:   21   53  -22  -31   57  -16   -5   42    4  -30 
   760:   10   18  -36   36  -27   14   24  -28    3    1 
   770:    0    0    0   -1   -7   32   -2    0    0    0 
   780:    0    0    0    0    0   -1    5   -1   -2    2 
   790:   -3  -31   25    5  -19  -11    9    8    1   25 
   800:  -15   13   11  -41   32   18  -62   18  -25   -2 
   810:   -7  -10   -5    6   40  -19   31  -15  -26   14 
   820:   -3    0    0    0    0   -1   -7   37   -3    2 
   830:    0    0    0    0    0    0    0    0   -4   25 
   840:   16  -20   40  -23  -10  -16   29   28    2  -52 
   850:   42  -65   27  -45   63  -59    9   31  -40   38 
   860:    8   -3   77 -101   53    2  -24    6   21  -29 
   870:   37   10   -2    0    0    0    0   -1   -6   36 
   880:   -3    0    0    0    0    0    0    0    0    0 
   890:   -3   32   -6   22  -21    4   32    1   13   34 
   900:   15   11  -33   30  -33   47  -35   13   -5   29 
   910:  -17   12  -28   32  -47   25   -7   -2   22  -11 
   920:  -11   22  -28   -7    3    0    0    0    0   -1 
   930:   -8   35   -2    0    0    0    0    0    0    0 
   940:    0    0   -2   -2   -2    0  -24   31   -3  -25 
   950:  -11    1  -28    4   18  -18   10  -37   13    9 
   960:   -3   21  -28   34   26   33  -27    2   -6  -12 
   970:   33   -9   -7    9  -17   12   -2    0    0    0 
   980:    0   -1  -10   31   -2    0    0    0    0    0 
   990:    0    0    0    0    3  -19  -10    0  -14  -14 
  1000:   52   16    6  -12    7   10    0   -5    2   10 
  1010:   12  -18  -10   -8   -3  -11   24    7  -16    8 
  1020:   29  -16   -5   20  -13   13   -9   30   -2    0 
  1030:    0    0    0   -1  -11   28   -2    0    0    0 
  1040:    0    0    0    0    0    0    0    4  -32    1 
  1050:   14  -24    5    1  -19   19   -1  -19  -26   -6 
  1060:    3  -18   15  -16  -17    9   -8   11   -3    2 
  1070:   24  -12  -22   -8   -2    2   18  -19    3   -8 
  1080:    1    0    0    0    0   -1  -11   29   -2    0 
  1090:    0    0    0    0    0    0    0    0   -1    1 
  1100:   20   -8   -8  -23    0   12  -16   30   -3   -8 
  1110:  -11    0   -3   10    9   -8   11   -8    2   -3 
  1120:   -8    3    0   17   22    2    2    2    6    8 
  1130:   -7    0    0    0    0    0    0   -1  -12   30 
  1140:   -2    0    0    0    0    0    0    0    0    0 
  1150:   -1    8  -17   17   25  -17  -44   38   19  -30 
  1160:   21    3  -33  -11   10   15    3   -3    5    0 
  1170:    0  -10    2    8  -28   41    2   -9  -10   -3 
  1180:    2  -11    5    6   -1    0    0    0    0   -1 
  1190:  -11   28   -2    0    0    0    0    0    0    0 
  1200:    0    0    0    0   -1  -14    4  -48   38    5 
  1210:  -13    9    2    4   -8  -18   27   -4   -7    0 
  1220:   -4   20    3    6   -9   12  -17   -2   20   11 
  1230:    2   -1    4  -21   -5    5   -1    0    0    0 
  1240:    0   -1  -12   23   -1    0    0    0    0    0 
  1250:    0    0    0    0    0   -2   11    2  -22   22 
  1260:  -15    4   32   13   15   14    7  -20   -9    9 
  1270:    1    5   -4    5   -2  -11  -29   41    1   -4 
  1280:   -9    0   -8  -11    4  -13   11   -7    1    0 
  1290:    0    0    0   -1  -13   22   -1    0    0    0 
  1300:    0    0    0    0    0    0    0    0   12   11 
  1310:   -6   14  -53   20  -20   -3  -10   19   -4   12 
  1320:  -40   22   -5    5    3   -8  -30   28  -15  -11 
  1330:    5   -1   -2    4    8   -6  -14   -4    0    3 
  1340:    0    0    0    0    0   -1  -12   21   -1    0 
  1350:    0    0    0    0    0    0    0    0    0   -2 
  1360:    2    5   -2  -29   24  -41   20   -8   15   -8 
  1370:    0  -21  -10  -21   45  -21  -20   -1   -8   -9 
  1380:    1   12   -1   11   -9   -5    9  -13   10  -12 
  1390:    4   -4    1    0    0    0    0   -1  -14   21 
  1400:   -1    0    0    0    0    0    0    0    0    0 
  1410:    0    3  -15   -7  -21  -11  -11   21   38  -24 
  1420:   -7  -15    8   14    8  -20   -9  -10   16   57 
  1430:   10  -14   18   -2    8   16  -12   17   27  -19 
  1440:    1    4   -1    0    0    0    0    0    0   -1 
  1450:  -14   24   -1    0    0    0    0    0    0    0 
  1460:    0    0    0    0    0   -9   23   22   15  -27 
  1470:  -25  -16   12   -5    0    7  -18   11   47  -24 
  1480:    6  -18   44  -29  -10   -6    6  -27   16  -10 
  1490:   -5   17   17   15  -27    3    0    0    0    0 
  1500:    0   -1  -14   26   -1    0    0    0    0    0 
  1510:    0    0    0    0    0    0   -1   21   -9   12 
  1520:   11    2    7  -11   -6    8  -34   23   -1    3 
  1530:   -8    0    1    4    4  -12    2  -14    1   17 
  1540:   -4   15   11  -24    7   24   -5    0    0    0 
  1550:    0    0    0   -1  -14   25   -1    0    0    0 
  1560:    0    0    0    0    0    0    0    0    4   -9 
  1570:  -37  -50   28  -24   -5   -2   36   -2    8  -15 
  1580:  -36  -13   -6   10  -10   -8   -5   -2    2    6 
  1590:    3   -7    5   -1   -5  -13   13   16   -6    1 
  1600:   -1    1    0    0    0    0  -15   24   -1    0 
  1610:    0    0    0    0    0    0    0    0    0    0 
  1620:    2  -20   18   15   -6   17  -19  -45   51  -33 
  1630:   47    2  -12   30    0  -20   -9   -9   -3  -22 
  1640:  -20  -41    8    3    0    3   -2    0   -2   -2 
  1650:    0    0   -1   -2    2    0    0    0  -14   20 
  1660:   -1    0    0    0    0    0    0    0    0    0 
  1670:    0   -1   -2   92  -31   37    4  -36   20  -14 
  1680:   21  -16   12   49   -5   44   58  -46   28  -17 
  1690:   -6  -18    1   -1   17  -12   -9  -20   44    2 
  1700:  -11    8   -1    0    0    0    0    0    0    0 
  1710:  -15   17   -1    0    0    0    0    0    0    0 
  1720:    0    0    0    0    1    7   42   37  -12  -21 
  1730:   29   33  -24  -11    0  -10   40   -6   -7  -17 
  1740:  -12   11  -19  -28    9  -31   -3   31   10   -6 
  1750:   48   -7   -9  -20    2    0    0    0    0    0 
  1760:    0    0  -14   15   -1    0    0    0    0    0 
  1770:    0    0    0    0    0   -1    8   14   38   -2 
  1780:   32   -5    9   34   33   -3   26   14   -1  -11 
  1790:    0    5   25    7   -2   16   -8   16  -12   21 
  1800:  -67   30   19  -13   18   -7   -3    0    0    0 
  1810:    0    0    0    0  -15   20   -1    0    0    0 
  1820:    0    0    0    0    1    0    0    2  -11    3 
  1830:   -3  -13   11  -10   45  -19  -42   -1    5   34 
  1840:  -17   36  -26   24  -43   34  -15    2   13   39 
  1850:   25  -29   10   15   24    1   -5    5   -1    0 
  1860:    0    0    0    0    0   -1  -13   17   -1    0 
  1870:    0    0    0    0    0    0    0    0    0    4 
  1880:  -27   24  -18    4   27   29   16    8    3  -50 
  1890:  -37  -28   53   22   10  -29   -4   18    1    8 
  1900:   14  -49   17    5  -19  -15   -7   -6   -9   12 
  1910:   -2    0    0    0    0    0    0    0  -13   12 
  1920:   -1    0    0    0    0    0    0    0    0    0 
  1930:    0    4  -19   -9  -35    0    5   13  -35  -10 
  1940:   -3   13  -57   11   19   11  -19   -2   -8  -18 
  1950:  -28  -28    3   38  -12   18  -62   28  -24  -37 
  1960:    2    3    0    0    0    0    0    0    0    0 
  1970:  -11    7    0    0    0    0    0    0    0    0 
  1980:    0    0    0    0    6  -16  -29    8   60   22 
  1990:  -14   20  -27   66  -39  -12   12  -14    2  -35 
  2000:  -15  -21   11  -21   17   20  -17  -10  -30   26 
  2010:   -6    7   -6   -1    0    0    0    0    0    0 
  2020:    0    0  -11    6    0    0    0    0    0    0 
  2030:    0    0    0    0   -1    7   -3  -36   43    0 
  2040:   27  -18   64  -48   10  -21   16  -26  -29    4 
  2050:   13  -32    3  -20   20   -9  -35   69  -10   44 
  2060:  -43   -9   -3   13   -4    6   -1    0    0    0 
  2070:    0    0    0    0  -11    5    0    0    0    0 
  2080:    0    0    0    0    0    0    0   -1   24    8 
  2090:  -20   16  -18   31  -16   54  -63   67   -8  -31 
  2100:   41  -10   25  -28    2  -43  -31   16  -16   25 
  2110:   16   -3  -22  -18   17   -5  -20   -1    0    0 
  2120:    0    0    0    0    0    0  -11    8    0    0 
  2130:    0    0    0    0    0    0    0    0   -3   22 
  2140:   -8  -23    0   36  -40   84   22   35  -34    1 
  2150:  -19   38   22   24   17  -24   24  -26  -17   17 
  2160:  -24   -5   -2  -11   41  -17   39  -37  -10    3 
  2170:    0    0    0    0    0    0    0    0  -11    6 
  2180:    0    0    0    0    0    0    0    0    0    0 
  2190:    2    0   -6   12    4    1  -15   44  -20   37 
  2200:  -72   18   53  -17   15    0    8    2  -28   40 
  2210:  -22   17   18    8    7    6   28  -10  -34    9 
  2220:    8  -18    2    0    0    0    0    0    0    0 
  2230:  -10    3    0    0    0    0    0    0    0    1 
  2240:    0   -2    5    3  -27    9   85  -35  -22  -22 
  2250:   31   32  -42   21    1   11   16   41  -26  -42 
  2260:   13   -6  -32    4  -23   45  -56   27  -42   22 
  2270:   19  -33   21    9   -3    0    0    2    1    0 
  2280:    0    0   -7    2   -1    0    0    1    1    0 
  2290:    1    1   -4    3   -8   -7  -16   18  -35   -6 
  2300:   40  -37   23   35  -22    1    2   -5   41   33 
  2310:  -16    0  -20  -17  -10  -21   17   21  -28   12 
  2320:  -15   26  -18    1    4   17    1   -1    0    0 
  2330:    0    0    0    0   -9   -1    1    1   -1   -1 
  2340:   -3   11   -7   36  -11  -28   13  -25   22  -17 
  2350:  -16  -26   71    1   33  -12   -7   17   21   33 
  2360:  -37  -32    0  -16   42    4  -13  -39   20  -26 
  2370:   -2   38  -10   -9   26  -12   -4   32  -17    0 
  2380:    0    0    0    0    0    0   -6    6  -18    4 
  2390:   -4   37   -5    9   18    7  -24   32  -14   14 
  2400:   -5   -3    4    5  -21  -12   -4  -12   -3   39 
  2410:  -34  -10   36    2   -4    1   -5    6   -2   -5 
  2420:    2    2    7   -2   -6   -1    3   -6    0    4 
  2430:   -4    6   -1   -2    2   -1    2   -2   -8   10 
  2440:  -18   24  -10   -6   -1    6  -17    0    3   -5 
  2450:   -1   17   14    0   -2   -6    6   -5   24    3 
  2460:    7  -16  -32    8   54   -6    2    3   -3   11 
  2470:   -3   -5    9  -11   20   10  -25    7  -14  -16 
  2480:   -3   40    0   10  -11   -6   -6   -2    0   -1 
  2490:   -6   29    0  -20  -11  -24 
