     0:    0    0    0    0    0    0    0   -1    7   -5 
    10:    5    4    4   -7    7   -4    2    0    0    0 
    20:    0    0    0    0    0    0    0    0    0    0 
    30:    0    0    7    0   -4    1    0    0    0    0 
    40:    0    0    0    0    0    0    8  -12  -10   -6 
    50:   -2  -20    2   -9    0    0    0    0    0    0 
    60:    0    0    0    0    0    0   -1    1   -1   -1 
    70:    0    1    0    0    0    0    0    0    0    0 
    80:    1   -4   -4   -5    3    4    8    2  -14    7 
    90:  -18    9   -4    2   -3    0    0    1    0    0 
   100:    0    0   -1    8  -11    9    0    0    0    0 
   110:    0    0    0    0    0    0   -2    6    0    5 
   120:    4   -7    8  -10    5   -2    8   -8   -3   -2 
   130:  -11    2   -1   -1   -8    0   -1    0   -6   -5 
   140:   -4  -10   13   -3    1    0    0    0    0    0 
   150:    0    0    4   -6  -11   13    4   14   -6    6 
   160:    8    0   -6   -7    3    6    0   -6   -6   12 
   170:   -3    3   -7  -17   -7    8   -9   -1   -6   -5 
   180:   -3    1    0    0    0    0    0    0    0   -5 
   190:    1    1    1  -11   16   -9    6  -10    0    4 
   200:   -9    4    2   -1   -4   11  -14   12   -8  -28 
   210:  -25   -5    5    6    8   15    1  -10    4    0 
   220:    0    0    0    0   -1   12    5   -1   17    6 
   230:    4   10    0    1    4   11  -12   -2   -1   -5 
   240:    3   -5    4  -10   16  -15  -27  -17   -5  -23 
   250:   -9   18  -11   11    4   -6    0    0    0    0 
   260:    0    0   -6   -3    0   -1    7  -10    1  -13 
   270:   -4  -22    8    3    5   -4   -9   19    5    4 
   280:  -23   15   13  -22  -20  -13  -11  -15   -4    9 
   290:  -10   -6   -7   -1    0    0    0    0    4   -2 
   300:   -4    9   -4   -9   -5    3  -19    4   -1    0 
   310:  -10   15    7    1   -1    2    0   -6   -9   39 
   320:   11   20   -1    2  -14    3    0    0   -3    1 
   330:   -4    0    0    0    1   -3    2   -9   19   -6 
   340:   16  -21    1    9  -20    8    7   -9    9   -5 
   350:  -11   10  -10   30   -2  -19  -10   -8   -4  -10 
   360:    3   -7    1    5   -4  -10   12   -3    0    0 
   370:    0   -2   -1    9  -11   -2    1   -7   -4    2 
   380:  -16   -6    4    3    3    5   -3    3   -8  -36 
   390:   13   16   19    7    5   -4   -2   -8   -8   -4 
   400:    2   -6   -1    0    8   -2    0    0    1   -5 
   410:    0   -1   -1    1   -7  -11   -7    0    0    2 
   420:    3    4   -3   -7   -1   -2   -2  -19   -5  -14 
   430:  -15   -8   -6    4    6    6   -4    1    3    5 
   440:   -9    3   -1    0    1    0    7    6    1   -6 
   450:   -2    2   -1    2    5    1   -1   -3    1    1 
   460:  -16   -9   -4    1    9   -1   18   16   17    4 
   470:    7    7    3   -8   -2    6   11    2    8   -1 
   480:    0   -1   10    4   -3   -3    0    3   -7   -6 
   490:    0    9    4    2    1    4   -4  -12  -17   -1 
   500:   -7  -11   -1    0   19   15    3   -7  -11   10 
   510:  -13    4   -5    2    0    1  -10    1    0    0 
   520:    6   -5    5    2  -13   -1    2   -1    0   -1 
   530:  -13    1   -7    4   -2    0  -10  -12   -5    9 
   540:    6    3    4   -4   15    2   22   -8    1   -1 
   550:  -10   -1    2    2    0    0   16    0    5    0 
   560:    0   -2   -5    0    0   -1    1   -3   -8   -4 
   570:   17   -8   -1    3    7    7   -2    4  -11    7 
   580:    0   -8   -5   -2   -5   20   -9   21  -14    9 
   590:   -5    3    1  -11    9    7    6   11    7   -5 
   600:    4    7    6    2    2    2    7   -1    6    4 
   610:   -2    6    4    0  -13   -6  -20  -18   -7    8 
   620:   -2    6   12   -5    6  -17    1   -8   -1    0 
   630:   -6   -1    5    6   -2    4    3    6    4   -4 
   640:   -1    1    2    0    6  -10   -9    7   -6   18 
   650:   -2   19   -5    7  -15   26    1    7    8    4 
   660:  -16   -6  -10    9   -1   -1    6  -12   -1   -2 
   670:  -12    2   -3   -5   -2    3    1   12    1    2 
   680:    0    1    2   -9   -8   -1    9   -6    6   -3 
   690:   -9    8    9   -3   -2   -2   24   11    8   -3 
   700:    1   -2   -1    2   -7    4   19   -4    1   -4 
   710:   -3    0    3   -5   -9    3    1  -14  -10   -6 
   720:    2   -9    3    5  -26    8   -2    4   -4    3 
   730:   -8   -1   -9   -5    7   13    2    2    1    0 
   740:   -2    0  -23    3   -8   -4   -7    3   -8   10 
   750:   -6    3  -30   27   23   17   21   -8    0  -10 
   760:    1    8  -12   -1    2    3   -6    1    5  -14 
   770:    4   -4    0    3    5   11   -1   -5   13   -2 
   780:   -4   -1    7   -7    2   -3   -3  -13  -16   37 
   790:   17   -4  -12  -20  -12    6   -3   13   -5    3 
   800:    5    1  -10   -5  -11    3    2   -4   -2   -5 
   810:    5   -1   -4    0   -2   12    5   10   -4   16 
   820:    3    1    7   -5   19   -5  -44   22   50  -29 
   830:   29  -26   -4    9   -3    7    0   -8    5   -4 
   840:    0   -1   -5    8   -6   -4   -9    0   -1    1 
   850:    0   -4   20   28   12    5  -10   21   12   -4 
   860:  -14   15   12  -31   -1   19   -8    6    1    2 
   870:    0   15    0   -3    1    0    2   -5    9    8 
   880:  -12    8   -1    0    6   -4    0    0   -1    0 
   890:   -7   12  -22    2   -5    3    5   -5   20  -16 
   900:   -8    3    0   -4    8    3  -19    7    3    1 
   910:  -20   -4   -2   -4    4    7   11   10  -16    4 
   920:    5    6   -2    0    0   -3   13  -11    7    2 
   930:   -4   -4    9   -7    9    4    1   -2    4   -4 
   940:   12    2    9   -6   -6    2    1    4   19   12 
   950:   -7   -5  -17    0    6    2    1   -4    1   -5 
   960:    1    0    1   -8  -10    0    2   -4   -5    4 
   970:   -1    0   12   -7    1    3   -1  -22   -1    0 
   980:   -5  -11    5    2   -1    0    8  -26    2   -4 
   990:   -2    7    3    1   -6   12    2    0    0    0 
  1000:    0    2  -13    2   13   -3    2   -8   -4   -3 
  1010:    2    0   11  -10   -1   12    0   10   11  -11 
  1020:   11  -18  -10    0   -1   -3   10    3   16  -12 
  1030:   16    4   -1    1    0    0    0    0    0   10 
  1040:    2   -9    6   -6   -7  -16   -1    2    0   -3 
  1050:   -1  -16    4   -1  -26    3  -10   18    6    4 
  1060:    6   -1    3   -4  -10    3   10    6   -2   -1 
  1070:   -4    0    0    0    0    0   -2    3    0   14 
  1080:   11    1   -2   -3    4   -8   -5  -11   11  -17 
  1090:   -7    2   13   -3   -3   -1   -1    0   -5    6 
  1100:   23    7    3    7   -1    0   -1    1    0    0 
  1110:    0    0    0    0   -1    4  -23   -3    2   -4 
  1120:    6   -6    1   18   12   -1   -2    9   -4   -2 
  1130:    0    1   -1   -4   -1   -8   15  -21    8  -12 
  1140:   -7   11    1    0    0    0    0    0    0    0 
  1150:    0    0   -2    5  -11    3   -9   -4   -1    3 
  1160:   -3   14  -15    7  -14   12    1    1    0   -6 
  1170:    7  -10    8   -3  -10   -6    4  -11    4    1 
  1180:   -2    0    0    0    0    0    0    0    0   14 
  1190:    0    1   -6   -1   -3   11   -5    2    9   -1 
  1200:    5   -3  -11   10  -10    3   -1   -6   -5    0 
  1210:    5    2    0   -9    1   10    4    0    0    0 
  1220:    0    0    0    0    1    4    1   11   -5    3 
  1230:    0   -5    3    3    1   -5    2   -2    0    6 
  1240:    1    4    7   -6    5    1   -4   13   -3    3 
  1250:   -2   13    7   -1    0    0    0    0    0    0 
  1260:    2    0   -3    0  -10   -3   -7  -14  -13  -14 
  1270:    1   -3    2    0   -5  -11    6  -10    2   -6 
  1280:   -4   -4    1   -1    5   11   -7    3   -2   -1 
  1290:    0    0    0    0    0   -4   -5    9  -19    4 
  1300:    1   -6  -20   -4   -6    6    2   13    1   -3 
  1310:  -17    4  -20    8   -7  -14  -18   -9   -3   18 
  1320:   -9   -6    0    6   -2    1    0    0    0    0 
  1330:    0    0   -2    0    3    6   -6    7   14    7 
  1340:    6   -9   -5    3   -6    0   -6   -3    8    3 
  1350:   -2   -4    9  -10   -8    0  -23    7   -3    1 
  1360:   -1    0    0    0    0    0    0    0    0   -2 
  1370:    1   -4   -2    2    0   -4    1   -2    2    1 
  1380:   -1    1    0    1   -1   -2   -3    1   -1    0 
  1390:    2    2    1    6   -1    0    0    0    0    0 
  1400:    0    0    0    0    0    0 
