     0:    0    1   -2   -1   -2    0    3    1   -1   -2 
    10:   -3    0    4    3    1    0   -1   -2   -1   -3 
    20:   -1   -1   -1    5   -2   -1   -1    0   -2    0 
    30:    1    1   -1    4   -1   -1   -3   -2    3   -2 
    40:    1    1    9   11    0    0   -6   -4    3   -1 
    50:   -1   -1    0    0    0    0    0    0    0    0 
    60:    0    0    0    0    0   -2   -1    0    0    0 
    70:    0    0    0    0    0    0    0    0    0    0 
    80:    0    0    0    0    0    0    0    0    0    0 
    90:    0    0    0    1    2    0    0    0    1   -1 
   100:    0    0    0    0    0    0    0    0    0    0 
   110:    0    0    0    0    0   -4   -7   15    6   -1 
   120:    0    0    1    0   -1    0   -2    0    0    0 
   130:    0    0    0    0    0    0    0    0    0    0 
   140:    0    0    0   -1    0    1    2    0    3    0 
   150:    1    5   -1    0    0    0    0    0    0    0 
   160:    0    0    0    0    0    0   -5   29   69   39 
   170:   -8   -5   -4   -2  -15    8   10   -2   17   -2 
   180:    5    2    1   -7   -2    1    0    0    0    0 
   190:    0    0    1    0    9    8   -5  -11   12   -6 
   200:  -23    2   -3   -7    0    0    0    0    0    0 
   210:    0    0   -1    0    0    0    0   -1    3  124 
   220:  -47 -233   -8   38   81  -40  -12  -23   11   12 
   230:    9    5  -66  -17   -3   64   22    2   -6    5 
   240:    5   -1    4   -4  -14    7  -29    4  -58  -42 
   250:  -10  -21    7   12    3   -8    1    0    0    0 
   260:    0    0    0    0    0    0    0    0    0   -7 
   270:   20  123  -92 -161 -101  237  -96   47  192   19 
   280:  -64  -14  115   64  -68    2  -12  -56  -48  -89 
   290:   29  -69   -9  -15  -72   31   16   -3   -6    2 
   300:    0   -2    0  -17   23    4   -2    3    0    0 
   310:    0    0    0    0    0    0    0    0    0    0 
   320:    8    2   -3  106  -72 -140  -45  -37 -246   21 
   330:   82  143   88   -9   -1   44  -17   81   77   -6 
   340:  106   13  200  138 -200  -88 -146  114  117  -70 
   350:   -6  -13    3    0    6   12   -3   -8   15    2 
   360:    0    0    0    0   -1    0    0    0    0    0 
   370:    0    0   -2   68   40   57  -21  -56  -28 -200 
   380:  -43  140  269  226  149  -54  -11  -31  -17   32 
   390:  -69  -13  -43   48 -204  213 -124 -138   47   71 
   400:   17 -117   40    0   -1   -1   21   -5  -29  -16 
   410:   -1   -4    0    0    0    0    1    0    0    0 
   420:    0    0    0    4  -41   59   53   12   77  140 
   430: -140 -196   30   43  180  102 -272 -114   35    8 
   440:  -79  -57  160 -144   13  -48  128  -81 -105  -23 
   450:  194    9 -241   -4   32   10    1    2   19    5 
   460:   -8  -14   -3    2    0    0    0    0    0    0 
   470:    0    0    0    0    1   -7   15  -57   79   25 
   480:   13   48  -50  -31 -123 -128   69  176 -119  268 
   490:  142  -18  140 -100 -107  186 -256   39  -34    9 
   500:  -14  -15  208 -134 -105  180   -6  -32   -7    0 
   510:    2    3    2    1    0    1    0    0    0    0 
   520:    0    0    0    0    0    0    2  -17   50 -109 
   530:   26   -9    7   23  -14   75   52 -114  -20   13 
   540:   20   77  198  -17  117  115  -98   42  -82   99 
   550:  -59  -52  -20   80   85 -175   67  226  -58  -14 
   560:   -3   17   -8    1    0    0    0    0    0    0 
   570:    0    0    0    0    0    0    0    0   -2    2 
   580:  135  -14  -69   45  -57    6  -63   34   64   44 
   590:  -66  -89   86  -10   35   57  -79   16   23  -52 
   600:    4   42  -15   17   21  100    0  -35  174  -22 
   610: -153   12    1    5    1    0    0    0    2    4 
   620:    0    0    0    0    0    0    0    0    0    0 
   630:    3   -3   -6  131  -61   23  -13  -36  -16  -16 
   640:  -15    6   64  -24   -7   16  -68  -17   13  -17 
   650:   21   35   -4    6   42   16  -12   42  -12   28 
   660:  140 -130  -18   15   -1   -1    0    0    0    0 
   670:    2    5    0    0    0    0    0    0    0    0 
   680:    0    0    0   18  -46   40   32  -55   73    4 
   690:  -74   43   64  -42  -51   78  -75  -21   50   11 
   700:   12   10  -57   54   11  -21   14   16  -11    2 
   710:   23   -7  -71   21   38    0    0    0    0    0 
   720:    0    0   -1   -9    1    0    0    0    0    0 
   730:    0    0    0    0    4  -45   -4  -38   93  -31 
   740:    4   85  -51  -44   -1   85   12 -111   44   53 
   750:   -4   10   15    9  -49   14    7   22   15    3 
   760:  -17   16    9   51   45  -34  -16  -45    4    0 
   770:    0    0    0    0    0   -2    0   -2    1    0 
   780:    0    0    0    0    0    0   -2    4   37   40 
   790:   15  -25    8  -36   45    7   74   -3  109  -27 
   800:  -11   -1   31   34   22  -17  -62  -19    1   -6 
   810:   -4    3    3    3  -21   -7   50  -64   53  -60 
   820:    1    0    0    0    0    0    0    1    0   -2 
   830:    1    0    0    0    0    0    0    0   -3   23 
   840:   81  -20  -54  -39   65  -24  -33    1  -34  -21 
   850:  117    0  -14  -30   44    8  -21  -22    9    2 
   860:  -18    5   55   35   21   27  -42   -2  -48   95 
   870:  -16  -44    5    0    0    0    0    0   -1   -2 
   880:    0    0    0    0    0    0    0    0    0    0 
   890:   -3   35   34   43   -7  -92  -36   57  -53  -50 
   900:  -99  -98  -40   35  -44   98   45   59  -32  -77 
   910:   -9    9   23   -2   10   13   -2   22  -77  -40 
   920:  118   14  -89   27   -3    0    0    0    0    0 
   930:   -1    2    0    0    0    0    0    0    0    0 
   940:    0    0    1  -15   91   22   29  -20  -45   -7 
   950:  102   28   61  -13 -115  111 -136  -21   46   96 
   960:  203   35 -106   23  -17  -17  -44    4   35   -3 
   970: -169    8  224   66 -212  -50    4    0    0    0 
   980:    0    0   -2    1    0    0    0    0    0    0 
   990:    0    0    0    0   -1   -2  115   66    3   45 
  1000:   52    5   22   53   82  141 -178    6 -232 -234 
  1010:  -42  205  180  -78  -33   -4 -110   11  -37  -12 
  1020:   18   22 -141   82  312    6 -254  -56   10    0 
  1030:    0    0    0    0    1    0    0    0    0    0 
  1040:    0    0    0    0    0    0    0   10  -77    9 
  1050:   80   43   27 -186  -37   98  237   68 -295 -250 
  1060: -247 -117  123  232  -12  -92  135  296 -169  156 
  1070: -151  -50 -132  -47   40 -194  304  118 -332  -51 
  1080:   14    0    0    0    0    0    0   -2    0    0 
  1090:    0    0    0    0    0    0    0    0    1    0 
  1100:  -57  -12  -33   19  -54 -157  112  170  120 -207 
  1110: -208    4    3   94  155  120   64  -31  -25  111 
  1120:  -77  180  -57  -48  -34 -247  142 -150  110  341 
  1130:  103 -192   -1    2    0    0    0    0   -1    0 
  1140:    0    0    0    0    0    0    0    0    0    0 
  1150:    0    0  -15   55   19    0    0   -8   76   75 
  1160: -136 -317 -142   25  123   -7  -17  -33   25   -6 
  1170:   21  -67 -229  -66  -13  201  341  176  170   59 
  1180:  -10   89  264   91  -11    0    0    0    0    0 
  1190:    0   -1    0    0    0    0    0    0    0    0 
  1200:    0    0    0    2  -33  -16   28   46  -63  -66 
  1210:  -15   14  -15  -13  100   19  -66  -19   -2    6 
  1220:   17  -16  -41    4  194  -85 -304 -257  -62  -11 
  1230:  -17 -142 -228  -54   57   21   -3    0    0    0 
  1240:    0    0    1    1    0    0    0    0    0    0 
  1250:    0    0    0    0    0   -4   59   25  -25   -1 
  1260:   50   12   39    6   37   22    8   33   50   76 
  1270:  -24    4   26   17  -66  -20   66  -30 -155   68 
  1280:   41  -81   59  151  171  224  270   11   -5    0 
  1290:    0    0    0    0    1    6    0    0    0    0 
  1300:    0    0    0    0    0    0    0    0   14   35 
  1310:    9  -48   62  -58   37   37  -22   48   55  -63 
  1320:   -3   35  -19  -17  -33    8   81   18 -118 -103 
  1330:   75  132  -61  132  -14 -158  -10  -77  -67    6 
  1340:    0    0    0    0    0    0    0    0    0    0 
  1350:    0    0    0    0    0    0    0    0    0    2 
  1360:  -19  -36  -48   -4   -9   11  -31   91  -84  -57 
  1370:   51  -33   37   21   -5   31   10  -38  -60  -24 
  1380:   11  114   77 -122  -49 -190  -99   -6   30   81 
  1390:   11  -14    2    0    0    0    0    0    0    1 
  1400:    0    0    0    0    0    0    0    0    0    0 
  1410:    0    1  -10   64  -50  -35   16  -33   11  -10 
  1420:  -42    6   -9  -17   61   82  -41   -2   14   -5 
  1430:   14  -17   -9  -52 -102   75   44  -75  146  121 
  1440:  -71  -27  -11    3    0    0    0    0    0    0 
  1450:   -1   -4    0    0    0    0    0    0    0    0 
  1460:    0    0    0    0    0   -6   12   -6   45   55 
  1470:  109    8  -40   33   23  -34  -35   -4   15   -3 
  1480:    1  -24  -15  -13   53   -9   11   46  -66   27 
  1490:   65   35    4    4   -6   -2    0    0    0    0 
  1500:    0    0   -1    3    0    0    0    0    0    0 
  1510:    0    0    0    0    0    1   -3  -31   35   79 
  1520:    9  -40  -27    5  -56  -13  -43   -8    5  -36 
  1530:   54   31   -5  -27   12   -3    5    3    0   14 
  1540:   26   -4   -3  -17   55   76   14   -2    0    0 
  1550:    0    0    0    0    2    0    0    0    0    0 
  1560:    0    0    0    0    0    0    0    0    0   12 
  1570:   -1   82    9  -40  -16   50   52    2    6   35 
  1580:   15    4   -2   -6   63   -2    7   50  -47   60 
  1590:   15   -4   -1   -7   -5   -9   -7    0   -1    0 
  1600:    0   -2    0    0    0    0    1    2    0    0 
  1610:    0    0    0    0    0    0    0    0    0    0 
  1620:    1   23  -15   -9   70  -48   23  -17   14  111 
  1630:   43   46   99   50   38  -16   19   37   48   65 
  1640:    2   39  -15   -8  -28   54    8   24   14  -12 
  1650:    1    0    0    1    1    0    0    0    0    1 
  1660:    0    0    0    0    0    0    0    0    0    0 
  1670:    0    0   -3   -6    4   77   29   20   63   15 
  1680:  -36  -39    5   94   48   16   52  -30   61   58 
  1690:   60   33   46   30  -94  -13  -29  -36  -22   -2 
  1700:   45  -32   -1    0    0    0    0    0    0    0 
  1710:    1    0    0    0    0    0    0    0    0    0 
  1720:    0    0    0    0   -9   35   10    7  -33   11 
  1730:   37   71   70   59  -69  109   45   31  -44  104 
  1740:  -23   45   55   26    4  -44  -52  -27    1  -46 
  1750:  -29   21  -29  -15    0    0    0    0    0    0 
  1760:    0    0    0    6    0    0    0    0    0    0 
  1770:    0    1    0    0    0   -3   14   82   24   27 
  1780:   -2   24  -39  -51  -73   15   40   69  -28  -51 
  1790:  -60 -103   65   12  -39   14  -70  -49  -25  -57 
  1800:  -16   28  -25 -115  -49    0   -1    0    0    0 
  1810:    0    0    0    0   -1    0    0    0    0    0 
  1820:    0    0    0   -2   -2    0    0    0   10  -60 
  1830:  -24  -57   24   26  -23   20  -20  -12  -43  -85 
  1840:   45  141  224  -78  141   47  -78   11    4  -57 
  1850:  -52    4   24   31   -4    7    4   31   -3    0 
  1860:    0    0    0    0    0    0    0   -1    0    0 
  1870:    0    0    0    0    0    0    0    1    0    2 
  1880:  -20  -52    4   41  -63  -86  -26  -45  -20   52 
  1890:   10  -21    0  -55  -61  -29   10  113  -70  -81 
  1900:   63  -34 -123  -88  -32   70  -28  -36    4    0 
  1910:    0    0    0    0    0    0    0    0    0    0 
  1920:    0    0    0    0    0    0    0    0    0    0 
  1930:    0    6  -41   35    6   50   65  -16 -101  -68 
  1940:  -74   34   13   34   46   -9   20  -81  -88    2 
  1950:  140  -32  -24   28   33  117   12   74  -98  -49 
  1960:  -24   -7    1    0    0    0    0    0    0    0 
  1970:    2    3    0    0    0    0    0    0    0    0 
  1980:    0    0    0    5   26   17   25  -82   -3  -16 
  1990:  -25   55  -95    0   48   69   22   -1  -23  191 
  2000:   45  -49  -25  -24   32  -19  -86   -2  -63  -83 
  2010:  -25  -38   76   18   -3    0    0    0    0    0 
  2020:    0    0    0   -1    0    0    0    0    0    0 
  2030:    0    0    0    0    0    5  -31  -55  -19  -68 
  2040: -122  -78   47   16  110   74   11   68    6   55 
  2050:  -14   94 -162  -98   79   -8  -60   43  -19  -43 
  2060:   89   81  -23   17   40   -5    0    0    0    0 
  2070:    0    0    0    0    1   -1    0    0    0    0 
  2080:    0    0    0    0    0    0    1   -5  -15    4 
  2090:  -11  -31   47   -2  -40    4  -86   39   68  -46 
  2100:   75   35  -11  -57  -59    5    7   91   32  -15 
  2110:  -71   41    8    8   49    8   48   -1    0    0 
  2120:    0    0    0    0    0    0    1   -2    0    0 
  2130:    0    0    0    0    0    0    0    0    0  -41 
  2140:  -24   26  -12    1   94   13   11   36  -11  -34 
  2150:   30  -46  -47   60  -87   30  100   19  -12  -14 
  2160:   48   27   38  -10   11   28   -9    5   18  -16 
  2170:    1    0    0    0    0    1    0    0    0   -3 
  2180:    0    0    0    0    0   -1    0   -1    1    0 
  2190:   14  -64   17 -149 -127   15   28    8   42   62 
  2200:   44   20   14   38   90   59  -33   65  -32  -38 
  2210:  -58    1   -7   24  -44    6   32  -40   28   31 
  2220:   14   16    1    0    0   -1    0    0    0    0 
  2230:    0   -3   -1    0    0    0   -1    5   -2    9 
  2240:  -10   -6  -27   91   11  -80  -31   -4   44   63 
  2250:  -40  -66   19  -12   -3   22  -10  -14   68  -63 
  2260:   90   93   -7   70   -9   -4  -13  -15   51   61 
  2270:  -18  -73   23    8   27   -2    0    0    0    0 
  2280:    0    0   -3    2    4    0   -1    0  -29   10 
  2290:   21   22  -19   13  -26  -49   28   -9   -5   16 
  2300:   49  -14  -13  -35  -43  -17   31  -37  -23  -92 
  2310:   81  -47  -78   46    0   72   39   56   17  -30 
  2320:   37  -39  -28    3   32  -66  -50    1    1    0 
  2330:    1    0    0    0   -4   -2   43   35   -8   -9 
  2340:  -23    1   25   25  -28    5   28   -4   52  -33 
  2350:  -38  -30  -17   -2   -6   14   30  -12   -5  -18 
  2360:   23    0   30   11  -31    5   15  -13  -33  -30 
  2370:   -7  -31    3  -39   -6  -19    9  -33   -2    6 
  2380:   -6   -5   -1    0    1    0    0  -20  -54  -35 
  2390:   18   18   30    3  -27   18   -7  -12  -14   25 
  2400:   31   -6  -38  -31    2  -18    2   13   50   24 
  2410:  -18  -11  -32    1   -5   -2    5   13   -4   24 
  2420:    5  -13  -13    2    0   14    1   13   -7  -24 
  2430:    9   11  -11    1    1    4    7   -1   -4  -35 
  2440:  -26  -37   -5   12   -9   30   72   10  -60   39 
  2450:   20    0   14    5  -12  -59   -1  -39  -29   49 
  2460:   64   30   16    2    6   -3    0    2   -2   -6 
  2470:   -8   -6  -15    9   -5   -2   -2    8    4   -1 
  2480:    4  -18    9    0   -5  -23   -7    2    0   -2 
  2490:    4    0   -1   33   53   23 
