     0:    0    0    0    0    0    0    0    0   -2    2 
    10:    9    4   -3   -6   -4    0    0    0    0    0 
    20:    0    0    0    0    0    0    0    0    0    0 
    30:    0   -1   -1    1   -1    0    0    0    0    0 
    40:    0    0    0    0   -1   -8    3   -2    4    5 
    50:    4    2    0    0    0    0    0    0    0    0 
    60:    0    0    0    0    0    0    0    0    0    0 
    70:    0    0    0    0    0    0    0    0    0   -1 
    80:    2   -2    1    3   -2    4    4   -7  -12   -8 
    90:   -3    0    1    2    0    0    0    0    0    0 
   100:    0    0    0    1    1    1    0    0    0    0 
   110:    0    0    0    0    0    1    4   -1    5    3 
   120:    0    4   10    7    6    1    4    1   -1   -2 
   130:    3    1    0    1    1    0    1    1    1    3 
   140:   -6    0   -3    1    0    0    0    0    0    0 
   150:    0    0   -5   -1    1   -1    1   -7   -2   -6 
   160:   -1    7   -1    0    3    2    2    6    4    1 
   170:   -2   -4    3    0   -4    0    3   -3    2   -2 
   180:   -2    0    0    0    0    0    0    0    1   10 
   190:   10    6    5   12    3   -7   -1    3    0    0 
   200:   -1   -1   -2   -2    5    4   -1    0    2    3 
   210:   -1    5   -2   -3   -2   -1    2    2    0    0 
   220:    0    0    0    0   -1   -3    0    5    2   -7 
   230:  -13    4    4   -2   -1    3    3   -2   -4    2 
   240:    3    0    0    7    2   -3    2    5    1   -4 
   250:    7    1    0   -8  -10    2    0    0    0    0 
   260:    0    4    3   -3   -6   -5   -2   -8    1    1 
   270:    7    0  -11   -3    4    1    7   -1    0   -2 
   280:   -6   -5    2    2    2    2   -2   -4    0   -3 
   290:   -4    2    6    0    0    0    0   -1   -1    3 
   300:    9   10   12    0    5   -8   -9    1    2   10 
   310:    8   -6   -5   -2   -1    0    1   -1   -2   -3 
   320:   -1    2    0    6    9    4   -4    0    1   -2 
   330:    0    0    0    0    2   13   13    8   16    7 
   340:    8   -1   -2   -3   -1    1   -9   -6    5    0 
   350:   -2   -4    2   -4    0   -4    3    2   -2    5 
   360:    8    4   -1    7    0    3    1    2    0    0 
   370:    0    1   -5    0   -5   -7   -9   -7   -1   -3 
   380:   -4   16    7    1    4   -4    0    1    5   -9 
   390:   -3    3    3    3    3   -6    2    3    0   -2 
   400:   -6   -1   -3   -7   -5    0    0    0   -4   -6 
   410:   11    8    3    0    1    4   -1   -5  -13   -2 
   420:    3   -6   -6   -1   -6   -2   -6   -3    2    2 
   430:   -2    3    6    8   -4    8    1    2    2    4 
   440:   -3    0    2    0    0    6   -8  -14   13    4 
   450:   -1   -2    4    2    2   14   -5    1    3    1 
   460:   -2   -4   -3    7   -2    2    0    4   -4  -14 
   470:    0    2    2   -1  -13   -2   -4   -6   -2    0 
   480:    0    1    1    8    9  -14    9    0   -3    2 
   490:    5    3   -7   -1    0   -7   -2  -14    1    1 
   500:   -4    0   -7   -4    3    0   16    0   -7    6 
   510:    0    5    0   -4   -2   -3    0    0    0   -3 
   520:  -10    2    2   -5   -2  -10   -5   -3    3   -5 
   530:   -1   12    4   -3    1    3   -5    7    3    8 
   540:    7   -6   -1    1   -7   -3    2   -5   -7   -3 
   550:   -3   -6   -1    0    0    3    3   -1   -6    7 
   560:    0    2    0   -2   -8   -5    1    2   -1    1 
   570:    0   -2   -1    5   -4   -1   -7   -4    5    0 
   580:    1    6    3    2   -3    8    6   -4   -1    8 
   590:    0    0    1   -6    0    3   -2   -8    4    4 
   600:   -3   -4    4    2    3   -6   -5   -7    0    0 
   610:   -5    5    6   -1   -3   -6   -7   -1    0   -2 
   620:   -4    0   -6  -11    5    6    2   -6    0    5 
   630:  -16   -7    0    7    6   -3   -2   -2    5   -1 
   640:   -7    0    6    0   -4    0   12    4   -3    2 
   650:   -4    0    6    8    0   -2   -7   -1    8    2 
   660:   -4   -4   -4   -3    0    1   -1  -10    0    1 
   670:   -6   -1    0    3   -4   -1   -3    7    6   -4 
   680:   -6    1    5    5   13    6    7    5   -5   -4 
   690:   -8   -4    2   -5   -2    5    2   -2    0    5 
   700:   -5   -9    0    0   10   -2  -10   -9    8    0 
   710:   -4    9   12   -6   -2   -8    6    5    0    5 
   720:    9   -2   -7   -3   -6   -4    4   -4   12    0 
   730:    7    6    2    5    2   -1    1   -1    2    0 
   740:    4    0   -8  -16  -11  -15   -7   14   -3   -3 
   750:    4    6  -11  -13    0   -3    0   -6    2   11 
   760:    5    4    4   -1   -7   -4    4   -1   -4  -11 
   770:   -4   -4   -7   -7   -6   -2    0    2    5    0 
   780:  -11   -3   -3    8    1    1    2   -6   -7    5 
   790:  -12   -8    7    8    4    2   -1   -1   -2    1 
   800:    5    1    2    0    0   -2    2    8    5    0 
   810:    7   -3    0    0    0   -4    9    5   -2    3 
   820:    1    1    0  -10   -5  -10   -5   -6    6   -3 
   830:   -9   10    5   -6   -1    1   -5    0   -1   -4 
   840:    6    0   -2   -1   -5   -3   -6    0    5    0 
   850:    0   -1    3   -2    4   -3   -9    0    1   -2 
   860:   -8   -3    2    6    3   -5   -8   -9   -2   -2 
   870:    1   -2   -2    3    4   10    5    1    6    7 
   880:    1   -2    2    3    2    1    0    0    0    0 
   890:    0   -3   -1   -4   -1   11   -3   -8   -4    1 
   900:    5   -2    5    9    3    3    8   -1   -4    2 
   910:   -3   -2    1   -7   -5   -4   -6    2    5    2 
   920:    1   -3   -7    1    0    0    1    0    3    1 
   930:   -2   -4    2    0    2   -4    2    5   -5    3 
   940:   -8   -6   -5    0    5   -4    6    6    3   -3 
   950:   -1  -10    5    5    4    8    7    2   -9   -3 
   960:    0    0    0    7    8    1    0   -2   -3  -10 
   970:   -8    2   -5   -4   -1   -1  -11   -6   -4    2 
   980:   -3   -4   -8    7    4    1    1    1    0   -6 
   990:    4    1    3    2    9   14    1    0    0    0 
  1000:   -2   -3    3   -3   -1   -2   -3    1    0    4 
  1010:    4    3    1    5   -5    3   -2    4    4    7 
  1020:   -3   -2    3   -3    1    0    3    3   -8  -14 
  1030:   -2   -1    5    0    0    0    0    1    3    9 
  1040:    6    2    5    4    3    2    5   -4   -4    3 
  1050:   -2    0    2   -5  -10   -9   -1    7    4    8 
  1060:    3    4   -5   -2    5   -1  -11    1    7   -1 
  1070:    0    0    0    0    0    0   -1    4   -2   13 
  1080:   12   18    5   -5    1   -1   -3   -3   -5   -2 
  1090:    3    6   -7   -3   -2    1    1    0    1    1 
  1100:    6   -4    0   10   -1   -8   -2    0    0    0 
  1110:    0    0    0    0    0   -2   -3    3  -12  -19 
  1120:    7   13   -3   10   14    6   -4   -2    1    5 
  1130:    1    2   -4   -3   -5   -3  -12   -6    5   -7 
  1140:   -5    1    8   -1    0    0    0    0    0    0 
  1150:    0    0    0    0   -8   -6   10    1   -7    0 
  1160:   -9   -8   -6    5    2   -3   -1  -14   -1    0 
  1170:    2   -3   -4   -4   10   -2  -12   -3   -4    0 
  1180:    0    0    0    0    0    0    0    0    0    0 
  1190:   -2    0   -7  -10   -1    1   -4   -3    3    2 
  1200:  -11   -6    1    0    3    2   -2   -3    7    7 
  1210:    2   -9    5    6    0   10    2    0    0    0 
  1220:    0    0    0    0    0   -6  -10   -4    4    0 
  1230:    6    3   -2   -3    6    1    3    0   -2    3 
  1240:    0   -9   -4   -1    3    2   -8   -5    6   -6 
  1250:   -4   11    5    0    0    0    0    0    0    0 
  1260:    2    0   -7    9    1   -3    3   -1    3   -6 
  1270:   -1   -4   -7    4   -5    1    1    3    3   -3 
  1280:    1  -12  -16    6    2    3    0    0   -2    2 
  1290:    0    0    0    0    0   -1    2    3    4    7 
  1300:   -6    3    5   -5    0    4    9    1   -3   -6 
  1310:   -4   -4   -7    2  -11   -5   -5    1   -1    3 
  1320:   -5  -10    5    1    0    0    0    0    0    0 
  1330:    0    0   -1    0    9    2   -4   -3   -4   -5 
  1340:    0    5    5   -3   -1    3   -6   -5   -5    4 
  1350:    0   -4   -1   10    3    1   10    9    3   -1 
  1360:    0    0    0    0    0    0    0    0    0   -1 
  1370:    2    1   -2    2    1    0    0   -1   -1    1 
  1380:    1    1   -1    1    1    1    0    0   -1    2 
  1390:   -1    0   -1   -1   -2   -1    0    0    0    0 
  1400:    0    0    0    0    0    0 
