     0:    0    0    0    0    0    0    0    0    4   -1 
    10:   18  -14   -3   -3    4    6   -4    0    0    0 
    20:    0    0    0    0    0    0    0    0    0    0 
    30:    0   -3    6   -1    0    1    0    0    0    1 
    40:    0    0    0    0   -9   46  -42  -20   10   -5 
    50:  -16   -7  -13   17    2    2    0   -1    0    0 
    60:    0    0    0    0    0    0    1   -2    1   -1 
    70:    0    1    0    0    0    0    0    0    0    6 
    80:   12    5   47   -8    0  -25   -7  -14   16  -21 
    90:   49  -13    9   -8   11   -2    3   -2    2    0 
   100:   -1    3    2  -20   48  -37   11   -1    0    0 
   110:    0    0    0    0    0    0  -20  -11   17  -10 
   120:   19   17   -6   -4   44  -14   12   16   -2   -4 
   130:  -19   19    0  -10   14  -23    0  -11   10   10 
   140:  -14   30   -4   12    0   -1    0    0    0    0 
   150:   -1    9  -46   43  -16   12  -74   25   52   -1 
   160:   33    6  -27    2  -17    3   -9    1  -14   17 
   170:  -14    3    3  -19   27  -23   39  -33   62  -22 
   180:   44   -7    1    0    0    0    0   -2    7  -21 
   190:    2   62  -17  -57   12    5   -8  -18   19   -3 
   200:  -21   -7    2  -14    1   17   20   -4    8    4 
   210:   -2  -33   16    8   14   24   29  -13  -51    7 
   220:    0    0    0    0    3  -18   53   71  -61   -1 
   230:   46  -52  -11   24    7   13   20  -19    5  -46 
   240:    6   -5   15   16  -24   23  -12  -17    0  -21 
   250:   40   38    1   19   12   31   -8    2    0    1 
   260:   -5   10  -50  165   11  -79    8   83  -17   32 
   270:   43   -8  -15    4   17    7   19   36  -14  -11 
   280:  -13   -3  -24   -5  -10    1   15   48  -31  -36 
   290:   -5  -80  122  -11    3    0   -3   18 -105  144 
   300:  -50  -10   28   25   54   -6  -89   98  -77   17 
   310:   15    3    3   22   20  -33   26  -30    4  -16 
   320:  -32  -19    7   -9   -5   -5   53  -78   65  -57 
   330:   22   -3   -1   -4   -3   -5   54  136 -162  112 
   340:   -7  -19  104 -155   60  -59   75  -57   15  -12 
   350:  -18   34  -32   56  -16    8   -3   49  -27   57 
   360:  -32  -12    5  -13   41    2  -27  -44    2   -3 
   370:    8    4  149 -139  -35 -210  210 -145  -42 -121 
   380: -223   87 -116  -13   44  -43    4  -21   11  -29 
   390:   -4   -9  -31    7   -8  -40   -8  -39  -17   20 
   400:    6  -54    3  -16   28   -6   -1  -19   32 -158 
   410:  -49   19   78  -67 -117  -33   11  136  135 -231 
   420:  144   64 -183   45    6    5  -97   33  -32   -3 
   430:   -1    5  -31    6   -4  -45   22  -35  -41   -1 
   440:   -4  -26    9   -2   11  -49   38  -51  228  -12 
   450:   27  221  102   16  -46 -154  112   89 -141   18 
   460:   33  -86   33   -6 -105  -31   56    0    3  -12 
   470:  -92   59  -97  -14   25  -30   16  -19  -22  -29 
   480:    2  -12   24 -149  106   19 -203  -81 -100  -32 
   490:   37    5   36  -58  -34    6   28  107   -5   54 
   500:   25  -74   34    5   13  -29  112 -174  -29   -6 
   510:  -49   20    7  -36   -4   28   -2    1  -19   23 
   520: -107  -85 -164  132  128   82    1    3  -23   -7 
   530:   57   32   49  -39  -91  163  -10  -25   64   34 
   540:  -57   59  -25   21  -60   36  -19  -72   94  -57 
   550:   68    8   40  -32    7  -26  163   82   20  210 
   560:  -78   71  -47   -8  -22    9  -10  -45   35  -92 
   570:   10 -224 -181   48  -26   -8    2   -2   18  -10 
   580:  -67   -5   11   68 -114   93  -42  -11  -40   26 
   590:  -49   13    0  102  128  163    1   37   15   15 
   600:   24  -17  -40   19  -84  -32  -94  -70  -10 -133 
   610:  -22    0  108  -38   15   -5    1   -1   12   -5 
   620:    8    1   -3   -7  -62   20  -30  -12    9   21 
   630:  -56   84   63 -102  -60   52  -46  -35   10  108 
   640:  -24   93  -70  -96  -89 -125  205 -144   91   23 
   650:  -44    7  -13    0    8   11   -6  -30   12   -1 
   660:   13   27  -23  -18  -30    7   10  -42   34   35 
   670:   29 -116  -86   70   11   32  -66  -13  100   21 
   680: -138 -108 -172  155 -130   69   31  -53   -7   -6 
   690:   11   50    0  -19   27    7   10   -2   23  -54 
   700:    4  -43   13  -61    2    7  -51  131 -176  203 
   710:  -39  -23 -127   40  142   23   44  -20  -60  -31 
   720:   71  -48   12    1   10  -31   -2  -28   -3    2 
   730:  -12   40   17  -21   30  -12    2   13  -26    1 
   740:  -52   20   -4  -76  125  -78   61 -177   14 -214 
   750:   -1   32  -19  -20   10   18   96  -14   42  -15 
   760:   -9  -31   34  -12  -10   19   24  -22  -10   10 
   770:   28  -38   12   -3   25  -10    2  -49   31   14 
   780:  -14   79  -18   -7   53   70  -89   12   81   27 
   790:  -78   30   21   58   -9   28  -22  -73   12    5 
   800:   17   -4   52   30    7   25   -6    7  -15   -1 
   810:   20    4   42   -7  -20   53  -12   17   10   25 
   820:   42  -25   -9  -29   25    1    1   22    8  -30 
   830:   44  -47   22  -11   23   13   38   -9   -9   13 
   840:   -6   -1   50  -47   22   17   50  -77   -8   -3 
   850:    0  -18   34    5   58   -5   -2  -13   16   -6 
   860:   18    4   -5  -12   28   -7   21  -13   16  -19 
   870:  -33    0  -14  -29    3   15   -4   23    6   -1 
   880:   -3  -20  -14  -28    9    4    0    0    0    7 
   890:   -4  -16   -7   -7    8  -28  -19  -15   25  -24 
   900:   19  -42   19   23  -84   37  -18    2  -28   -7 
   910:  -11  -29   -8   -1  -18   -7    5  -22    4  -40 
   920:   23   44   13    1   -1   -2    7    2   24  -32 
   930:   12  -41  -13  -43   -1   -4  -32   12  -40   -5 
   940:   19   -2   26  -23   11   21   20  -20   57    1 
   950:  -11  -72   -1  -39   26  -41   37  -43   20   24 
   960:   -1    0   -1   -5  -32   -3   23  -27   -9   16 
   970:  -18  -14    7    1   23   49   40   -5   -7   -3 
   980:   29  -29  -25   20   31  -17   10   -2  -74   10 
   990:  -14    1  -15    0  -12  -13    6   -1    0   -2 
  1000:    3  -24   24   19  -19    4    1  -13    2    7 
  1010:    9  -32  -20   39  -58   70  -24  -51   40   19 
  1020:   57   21   30  -20  -55   56  -12  -37   73  -87 
  1030:    2  -51   57  -16    3    0    0    0    6   13 
  1040:  -14   -9  -33   25   11   37  -35   35   46  -50 
  1050:   89   72   15  -72    7   -9   21  -37   58   11 
  1060:   70    4   79  -26   34  -25  -18  -24  -79   23 
  1070:   -8    1    0    0    0   -1    1  -14    9    0 
  1080:  -28   55   -9    0  -25   70   50   38   48  -26 
  1090:    0   22   13    6    5   -1   -6   12  -32  -51 
  1100:   13   -9   60    6   43  -47   12   -4    1    0 
  1110:    0    0    0    0   -1    6  -34  -12   18  -10 
  1120:  -50   63    5  -37   62  -43   60   -3   26  -43 
  1130:  -47   -5    5  -30  -21    0   -6   17  -22  -11 
  1140:   -8   63  -14   13   -1    0    0    0    0    0 
  1150:    0   -1    3  -19   49  -49   41   20    8  -16 
  1160:  -60  -35    9   -6  -15   23  -39   17    7  -38 
  1170:   32   12   47   -5   18    6  -24    4   17   28 
  1180:   -5    1    0    0    0    0    0    3   -5   32 
  1190:   10   -2  -11   38  -80    4  -48   24   12   12 
  1200:  -14   60  -38   25  -10    6    9   16  -79   -8 
  1210:  -46  -22   28   -9   33   22   18    0    0    0 
  1220:    0    0   -1    4  -21  -15   -9  -16   -9  -22 
  1230:  -35   -4   69  -30   19   -5  -44   34  -57   -6 
  1240:   -5    5   12  -22  -44   32   -8   -6   15  -21 
  1250:    4   -8  -31    2   -1    0    0    0    2    4 
  1260:   -1   -8   13   19    9  -31  -58   10  -40    3 
  1270:  -16   -8   17  -64   38   10    2   24   -1  -46 
  1280:   23   31   30   -9   15   18  -12    6    0   -1 
  1290:   -1    0    0    0    0   11   17  -26   10  -18 
  1300:  -38   33  -62   22  -61   54    3   14   29   50 
  1310:   36   14    9    8   19  -12  -47  -19    1  -43 
  1320:   42  -59    5    7   -3    0    0    0    0    0 
  1330:    0    0   -7    4  -32  -11   34   64   15   19 
  1340:   35   -4  -11  -18    0   22    0  -28    5   11 
  1350:    7  -49   42   -8  -42   19  -65   17    6    0 
  1360:    0    0    0    0    0    0    0    0    0  -19 
  1370:  -38    0   18   -7  -14   20  -16   -1   -4    0 
  1380:    4   -1   -8   -2    1    4   -4   -2    1   -2 
  1390:    1    7   -1   10   -6   -1    1    0    0    0 
  1400:    0    2   -1    1    0    0 
