     0:    0   -1   11  -49  -25    1  -90   -8   50  -27 
    10:   -1    0    5    0   -6  -28   66  -43    0    7 
    20:  -33 -117   17  -26    8   32    6   49  127  -17 
    30:  -38   -4  105 -115  -67   10    2  -30   -4  -17 
    40:   -1    5    3  -22  -48   -1   45   37  -12 -107 
    50:   18  -48   22    0    3  131   55  -52   82  -60 
    60:  -28    8    9  -37    5    2   34   37    1    6 
    70:  -28   -1  -12   62  -37   42   -5  -15   10   22 
    80:    2  -23   44   23   54  -37   70  -86  -13   19 
    90:   -2   35  -27  -24  -15  -14    2    1  -35    2 
   100:  -18    8   11   45   73  -26   74   10    5  -18 
   110:   -2    2  -26  -21  -17   17   28    2    1   -7 
   120:  -22   14   45   27   -9   27    4   23   19  -33 
   130:   15   22   31    8  -35   37   13   22   15    4 
   140:   25    6   12  -54   19  -18   -1   70   36   10 
   150:   10   26  -22   14   15  -43  -18  -11  -41  -13 
   160:   42   22    2   -9  -17   19   -4   -2    0   15 
   170:   14  -15  -19   19   13   55    1  -10   12    4 
   180:  -32  -22   28  -12   -7    6  -51  -35   -6    0 
   190:   -5  -45  -22   -4   59   68  -64    4  -27   38 
   200:   26   19   -7   10   -5    2   26    4  -47  -61 
   210:   -3  -23   50   41    8    9  -10  138  -58  -75 
   220:   -2  -30  -40  -27    2  -69  -20  -25   21  -19 
   230:   16   19  -12    1    2  -94    4  -17    0    9 
   240:  -39   25   26   45    0  -14   -7   61  120  -23 
   250:  -41   -4   11   -4  -10   14  -70   32  -28   34 
   260:    4  -75  -24   15  -47  -53   28   65  -56   -5 
   270:   -2   15  -27   84   59   -6  -73   29   21  -46 
   280:   -9  -76  -37  -46  -94   32    4    1    9  -70 
   290:  -87   15  -27   15    4   84   21    4  -23   31 
   300:  -15  -65   23   -9  -24    3    8  -84   69   36 
   310:   -1  -31   -7    9  -34  -34   13   13   80   93 
   320:    7   -1    0    0    0   12   18   70  -30  -25 
   330:    4  -18  -49  -54   48   35  -33  -65    2    0 
   340:    0    0 
