     0:    1    0   -1    0    1   -1    1    1    0   -1 
    10:    0    0    0    0    0    0    1    0   -1    0 
    20:    0    0    1    0   -1   -2    0    0    0    1 
    30:    0   -1    0    0    0   -1    0    0    0    0 
    40:    1    0    0    2    1   -1   -1    0   -1    0 
    50:    0    0    0    0    0    0    0    0    0    0 
    60:    0    0    0    0    0    0    0    0    0    0 
    70:    0    0    0    0    0    0    0    0    0    0 
    80:    0    0    0    0    0    0    0    0    0    0 
    90:    0    0    0    1   -2   -2    0    0    0    0 
   100:    0    0    0    0    0    0    0    0    0    0 
   110:    0    0    0    0    0    0   -1    2    1    0 
   120:    0    0    0    0    0    0    0    0    0    0 
   130:    0    0    0    0    0    0    0    0    0    0 
   140:    0    0    0   -1    0    0    1    1    0    0 
   150:    0   -1    0    0    0    0    0    0    0    0 
   160:    0    0    0    0    0    0    0    1    5    6 
   170:    0    0    0    0    0    3    0    0    1    0 
   180:    0    0    0    0    0    0    0    0    0    0 
   190:    0    0    0    0    1    2   -5    5   -2   -2 
   200:   -2   -4    0    2    0    0    0    0    0    0 
   210:    0    0    0    0    0    0    0    0   -1   10 
   220:   16   -4   -7   -3    3   -8  -12    7   10    3 
   230:    7    1   -3    0    3    3    0    1    0    0 
   240:    0    0    0    0   -1    0    6    3   -7    5 
   250:   -4   -1    1    0    2    0    0    0    0    0 
   260:    0    0    0    0    0    0    0    0    0   -1 
   270:   -3   11    5   -9   -6    7    0   -4   -6    0 
   280:   -2    2    7    4   -4    1    6    9   -4   -3 
   290:    3   -6   -2   -2   -1    3   -2    0    3   -3 
   300:   -4   -2    2    2    1    1   -3   -2    0    0 
   310:    0    0    0    0    0    0    0    0    0    0 
   320:    0   -8   -2    4    5    1   -9    8   -6  -13 
   330:    5    7    6   -2   -1    1   11   11    1   -1 
   340:    8   -9   14    1   -7    9    3   11    1   -2 
   350:    0   -2    1    0    2   -1    1   -1    1   -1 
   360:    0    0    0    0    0    0    0    0    0    0 
   370:    0    0   -1   -5    9    0    1    1    1    2 
   380:  -10  -10    6   11   12    0    9  -11   -2    7 
   390:    1    7   -1    0   -6   20   -7    6    8    3 
   400:   -6    0    1   -2    0    1   -1   -4    0   -3 
   410:    0    0    0    0    0    0    1    0    0    0 
   420:    0    0    0    0    0  -12    2   -2    0    8 
   430:    6   -6   -6   -6   -1    7    0   -8   -8  -12 
   440:   -7    3    4   -8    5   -2   -3    0    0   12 
   450:   12  -15   -8    5    3    0    0    2    1    3 
   460:   -5   -1    1    0    0    0    0    0    0    0 
   470:    0    0    0    0    0    0    1   -7   -3    5 
   480:   -6    9   -1    2   -6   -7   -5    9   -4    4 
   490:   -3    4    1  -16   -2   -7  -11    1    0   -7 
   500:   -3    8    6   -8    7    1   -5   -2    1    1 
   510:   -2    0    1   -1    0    1    0    0    0    0 
   520:    0    0    0    0    0    0    0   -1    3    1 
   530:   -1    3   -7    5    1    0    0   -3   -7    8 
   540:   -8    8    6    0   19   -3  -10    6  -12    5 
   550:   -2   -2   -2    3  -10   -1   16    1   -8   -1 
   560:    4    0   -2    0    0    0    0    0    0    0 
   570:    0    0    0    0    0    0    0    0    0   -2 
   580:    6   -3    2   -5   -5    3    0   -5   -2    5 
   590:   -2  -14    5   -3    5   -5    2    4   -5    7 
   600:    1   -3    0   -2   -1    7   -6    3    5   -5 
   610:   -6    1    1    2    0    0    0    0    0    0 
   620:    0    0    0    0    0    0    0    0    0    0 
   630:    0    0    2    4    2   -3   -3    2    6    1 
   640:    6    1    2   -5    0    2    2   -3    2    4 
   650:    7    7    8   -3    4   -2    0    6   -3    6 
   660:    1  -10   -2    0    0    0    0    0    0    0 
   670:    0    1    0    0    0    0    0    0    0    0 
   680:    0    0    0    3   -5    3    3   -4    8   -1 
   690:   -1   -1    5    0   -1    2   -6   -6    3    4 
   700:   -3    1    6    4   -2    2    3    0    0   -2 
   710:    2   -3   -2    8    1    0    0    0    0    0 
   720:    0    0    0    0    0    0    0    0    0    0 
   730:    0    0    0    0   -1    5    3    2   -2    1 
   740:   10   -4   -2   -1    2    1    1   -3    0    4 
   750:   -1   -3    3   -1   -2    3    2    0    7   -4 
   760:    1   -2    2   -1    0   -4    1    2    0    0 
   770:    0    0    0    0    0   -1    0    1    0    0 
   780:    0    0    0    0    0    0    0    0    4    2 
   790:   -5    1    1   -2   -2    7    4    1   -1   -2 
   800:   -4    0   -1   -2    0   -6    0    0    0    3 
   810:   -2    0   -1    2   -1    4   -6    3   -6   -3 
   820:    1    0    0    0    0    0    0    0    0    1 
   830:    0    0    0    0    0    0    0    0    0   -2 
   840:   -5    2   -6    1    0    0    3   -8   -2    0 
   850:   -1    0    4   -5   -4   11    2  -10    2   -1 
   860:    0   -6   -4    3    0    1   -2    1   -6    3 
   870:   -5   -4    1    0    0    0    0    0    0    0 
   880:    0    0    0    0    0    0    0    0    0    0 
   890:    0   -1   -3    2   -3    0    1    6    0   -4 
   900:   -5   -8   -6    4   -1   -6    1    8    2   -6 
   910:    2    1   -2    0    3    0    1    4   -2    6 
   920:    3   -5    2   -7    1    0    0    0    0    0 
   930:    0    1    0    0    0    0    0    0    0    0 
   940:    0    0    0    1   -6   -5    0    3   -5   -2 
   950:   -3    3    0    4   -2    2    1  -11   -2   -5 
   960:    5   11   -1    7   -2   -2    3    1    6    7 
   970:    7    9    5   -9   -7   -4    1    0    0    0 
   980:    0    0    0    0    0    0    0    0    0    0 
   990:    0    0    0    0    0   -3    3   -2    2    2 
  1000:   11    5   -7    3   -5   15    0    1   -3  -14 
  1010:  -16    0   10   -1  -13   -2   -3   -2   -1   -2 
  1020:    6   10   -8   17    7  -13  -14    5    0    0 
  1030:    0    0    0    0    0    0    0    0    0    0 
  1040:    0    0    0    0    0    0    0   -1    2    7 
  1050:    3   -3    9   -1  -16   -7    8    9  -10   -6 
  1060:  -11  -18  -10    7   11   -6   -3   -1    0    6 
  1070:  -13   -9  -11    8  -14    1   19  -14  -19    3 
  1080:    0    0    0    0    0    0    0    0    0    0 
  1090:    0    0    0    0    0    0    0    0    0    1 
  1100:   -6    1    5    0   -1  -12  -11  -11   21   -1 
  1110:  -12  -15  -11   -4   -3   13    8   -8    2    5 
  1120:   -3   15  -14   -1  -24   -6   -1  -10   24    1 
  1130:  -10   -7    1    0    0    0    0    0    0    1 
  1140:    0    0    0    0    0    0    0    0    0    0 
  1150:    0    0    5   -2    2    6    3    0   10   -2 
  1160:    0  -19   -7   -1    4    0    1   -1    8   -4 
  1170:   -1   -4  -18    3    1   15   -6   -6    4    0 
  1180:    9   18   15   -2   -1    0    0    0    0    0 
  1190:    0    0    0    0    0    0    0    0    0    0 
  1200:    0    0    0   -1    6    2   -5    5  -15   12 
  1210:    4    6   -3   -5   -3  -13    8   -7    3    0 
  1220:   -6   -2   -8    3    0  -11  -15    4    5   12 
  1230:    1    0   -6    5    9    3    0    0    0    0 
  1240:    0    0    0    0    0    0    0    0    0    0 
  1250:    0    0    0    0    0   -1    4   -2  -18    5 
  1260:  -11    1  -12    5   10    1    5  -10   -6   -3 
  1270:    8   12   -2   -2  -15   -2    8   -4  -18   -4 
  1280:   -5   -9   -1    5    3   13   19    0    0    0 
  1290:    0    0    0    0    0    0    0    0    0    0 
  1300:    0    0    0    0    0    0    0    0    2   -6 
  1310:  -20   -6    9   -4   -6    6    0    6    5   -6 
  1320:   -3    0    1    5   -4    2   -8    8    6  -10 
  1330:   -7   11   17   15    6    2    7   14   21    0 
  1340:    0    0    0    0    0    0    0    0    0    0 
  1350:    0    0    0    0    0    0    0    0    0    0 
  1360:    2    6  -11   -2   -5   -2    2    8   -2   -7 
  1370:    9    0    1    2   -5    0   -1   -1   -9   -8 
  1380:    0    1   -4    5  -11    3   -3  -20    9    5 
  1390:    1    0    0    0    0    0    0    0    0    0 
  1400:    0    0    0    0    0    0    0    0    0    0 
  1410:    0    0    1    4   -4   -5   -5    2    3   -2 
  1420:    1   -2    8    1    2   -4    1    1    0    0 
  1430:    2   -5   -3    2   -9    3   -8   -4    8  -12 
  1440:    0    1   -2    0    0    0    0    0    0    0 
  1450:    0    1    0    0    0    0    0    0    0    0 
  1460:    0    0    0    0    2    9    9   -1    4    0 
  1470:   -3   -1    0    4   -2   -3    1    7    2    1 
  1480:    0   -1    0    6   -6  -10   -2    4   -2    0 
  1490:   -2    1   -2   -6   -6    0    0    0    0    0 
  1500:    0    0    0   -1    0    0    0    0    0    0 
  1510:    0    0    0    0    0    0    1    0   -4   18 
  1520:    4   -1   -9   -8   -5    4   -2   -3    3    9 
  1530:    0   -1   -2   -4    1   -1    3   -3    2    4 
  1540:   -3   -4   -7   11    4    2    1    0    0    0 
  1550:    0    0    0    0    1    1    0    0    0    0 
  1560:    0    0    0    0    0    0    0    0    0   -2 
  1570:  -10    6    5   -1    6  -18   -1    9    4    5 
  1580:   13   -3  -10    7   -4    1    5   -4   -6    6 
  1590:    1    0    1   -1   -2    4    6    1    0    0 
  1600:    0   -1    0    0    0    0    0    0    0    0 
  1610:    0    0    0    0    0    0    0    0    0    0 
  1620:    0    2   -8    2    6   -6    5   -5   -4   -7 
  1630:    1    6   15   -2  -10   -2  -10    1    0   -3 
  1640:   -7    0   -2    1   -2    1   -1   -4   -1    2 
  1650:    0    0    0    0    0    0    0    0    0    0 
  1660:    0    0    0    0    0    0    0    0    0    0 
  1670:    0    0    0   -8  -17    5    2    0    3    1 
  1680:    0  -10   -2    5    7    1   -6   -2   -4   10 
  1690:   -3    2   19   -6   -2    4   -2   -3    1   -2 
  1700:   -3    0    1    0    0    0    0    0    0    0 
  1710:    0    1    0    0    0    0    0    0    0    0 
  1720:    0    0    0    0    0   -4    6   10   -4   -2 
  1730:    2    1   -4    0    1   20    5    2   -7   20 
  1740:   -4    6   -5   -5    0    0   -7    1   -5   -8 
  1750:    7    4   -7   -3    0    0    0    0    0    0 
  1760:    0    0    1    0    0    0    0    0    0    0 
  1770:    0    0    0    0    0    0    1    0   -2   16 
  1780:   -8    0   -2    3   -4    3   -5   13    1   -1 
  1790:  -10    3    1    3   -4   -3   -4    3   -3    5 
  1800:    3   -4    2    0  -11    1    0    0    0    0 
  1810:    0    0    0    0    0    0    0    0    0    0 
  1820:    0    0    0   -1    0    0    0    0    1    4 
  1830:  -11    5   -8   -2   -1    1   -2   -1   -6    2 
  1840:   -4   -1  -12   -9   19    0    0    6   17   -9 
  1850:   -6    4   -7    3    1   -1    4    0    0    0 
  1860:    0    0    0    0    0    0    0    0    0    0 
  1870:    0    0    0    0    0    0    0    0    0    0 
  1880:   -4    4   -6    5   -2    3    5    2    3    5 
  1890:   -5   -1    2    2   -6    1   15    2   -9    1 
  1900:   12   -9  -13   -7   -5   -7    1    7   13    1 
  1910:    0    0    0    0    0    0    0    0    0    0 
  1920:    0    0    0    0    0    0    0    0    0    0 
  1930:    0    0   -3    4    1   10    4    0    5    1 
  1940:  -10   12   -5   11    4    1  -12    1    7    6 
  1950:    1   -7    2    7   -1    1   -6    2   -3   -5 
  1960:   -1    0    0    0    0    0    0    0    0    0 
  1970:    0   -2    0    0    0    0    0    0    0    0 
  1980:    0    0    0    0    9    5    2   13    9    9 
  1990:  -18    5  -10    0    2    6    0   -2    3   10 
  2000:   13    6   -7   -3    0   13  -13    4  -13  -13 
  2010:    3    1    3    1    0    0    0    0    0    0 
  2020:    0    0    0    0    0    0    0    0    0    0 
  2030:    0    0    0    0    0   -1   10    8   -4    4 
  2040:    0   -1  -16    0    3    2    2   -1   -1    0 
  2050:    2   14   -3    0   -1   -4    1    4    5   -7 
  2060:    2   -3    5    9   -1   -1    0    0    0    0 
  2070:    0    0    0    0   -1   -1    0    0    0    0 
  2080:    0    0    0    0    0    0    0   -1    0    0 
  2090:   -1   -3   -2    5    3   -6   -2    2   -8    6 
  2100:    8   -1   -7    4   -9   -2   -2   -5    2   -1 
  2110:    2    7   -2    4    5   -6   -7    0    0    0 
  2120:    0    0    0    0    0    0    0    0    0    0 
  2130:    0    0    0    0    0    0    0    0    0   -4 
  2140:    5   -2   -2   -3   12    3   18    2   -6   -8 
  2150:    8    3    1   -4  -18    2   -4    2    4    1 
  2160:    4   -2   -6    7    0    8   11   -6    0    0 
  2170:    0    0    0    0    0    0    0    0    0   -1 
  2180:    0    0    0    0    0    0    0    0    0    0 
  2190:    0   -5    7    3  -10   -9    0   13   13   -4 
  2200:    2  -10    7    0  -11    4  -10    5   -5    0 
  2210:    1    3    8    2   -3   -7   -8    0    9   -1 
  2220:    6   -3    0    0    0    0    0    0    0    0 
  2230:    0    0    0    0    0    0    0    0    0    1 
  2240:    0    0   -1    9   -6  -11   -3   14   -1   11 
  2250:    8   -4   -2    1    1    0    5    3    5   -3 
  2260:    3   -4   -4   10   -8   -5   -1  -21    2    6 
  2270:   16    4    7   12    1    0    0    0    0    0 
  2280:    0    0    0    0    1    0    0    0   -2    1 
  2290:    1   -1    1   -2    0    3   -2    1   -4    6 
  2300:   10   -2   -3   -1   -4   12   -6   -3    6    2 
  2310:    2   -7    6  -10   -6    7    8   -7    1   -8 
  2320:  -14   -1    8   -6   -5    7   -1    0    0    0 
  2330:    0    0    0    0    0   -1    3    1    2   -1 
  2340:   -1    2    3   -1   -1   -1   -2    0    5    9 
  2350:    0    0    7   -5   -3    0    7    3   -1    0 
  2360:   -2    3    0    1    5   -3   -1   -1    3    0 
  2370:    1   -5   -2   -2    4    9   -6    0   -1    0 
  2380:    0    0    0    0    1    0    0   -2    0    0 
  2390:    5   -2    5    0    3   -3    4   -1    1    1 
  2400:    0    0   -4    1   -4    0    3   -1    4   -5 
  2410:   -1    1    0    0    0    0    1    5    4    3 
  2420:    3    0    0   -3   -2   -1   -2    0    2    3 
  2430:    3    5   -2    5    2    0    0    0   -1    0 
  2440:    1    0    5    0    1   -2    2   -3    2   -1 
  2450:    0   -2   -6   -3   -1    4   -7    3    0   -4 
  2460:    1   -4   -3    1    4    0    1    0    1    5 
  2470:   -2    3    4    1   -1   -2   -2    0    0   -2 
  2480:   -4   10   -2    2    3    4    1   -4    3   -1 
  2490:    2    2   -2    2   15    8 
