     0:   -2   -4   -1   -3    0   -1    1    0   -1   -1 
    10:   -1   -2   -1    2    0    2    2    9    6    6 
    20:    7    8   12   14   12   16   17   17   21   24 
    30:   22   25   26   24   25   27   26   26   26   29 
    40:   28   30   30   16   25   31   29   21   19   31 
    50:   31   30    0    0    0    0   -1    0   -1   -1 
    60:   -1   -1    0   -1   -1   -1   -1   -1   -1   -1 
    70:   -1   -1   -1   -1   -1   -1   -1   -1   -1   -1 
    80:   -1   -1   -1   -1   -1   -1    0    0   -1   -1 
    90:   -1    0    0    0    0    4    0    0    0    0 
   100:    0    0    0    0    0    0    0    0    0    0 
   110:    0    0    0    0    0    0    0    0   -1    0 
   120:    0    0    0    0    0    0    0    0    0    0 
   130:    0    0    0    0    0    0    0    0    0    0 
   140:    0    0    0    0    0    0    2    0    0   -1 
   150:    1    3    1    0    0    0    0    0    0    0 
   160:    0    0    0    0    0    0    0    1   -1    8 
   170:   -2   -4    1    0    0    0   -2    0   -3   -1 
   180:    0    0    0    0    0    0    0    0    0    0 
   190:    0    0    0    0    0   -2    0    4   -1    0 
   200:    1    2    7   11    0    0    0    0    0    0 
   210:    0    0    0    0    0    0    0    0    0    0 
   220:    0    7    4   -5   -1    0   -7   -2  -14  -12 
   230:    0    3   12   -2   -5    0    2   -1    0    0 
   240:    0    0    1    0   -2    0    2   -3   -3    1 
   250:    1    6   -4    3    5    3    0    0    0    0 
   260:    0    0    0    0    0    0    0    0    0    0 
   270:    6    1    0    4    6   -3   -7   -9   -8    1 
   280:  -15   -6   24   19   14    0    2    7    5   -4 
   290:   -1    5   -1   -7    5    0  -10   -1    0    5 
   300:   -1    1    7    1    8    0    0   -2    1    0 
   310:    0    0    0    0    0    0    0    0    0    0 
   320:    0   -2    8    1    4   -2    5    4   -6   -4 
   330:    1    5  -15    7   15    2   17   -6    2    9 
   340:    9    0    8    3   -5   -5    1    4   -1    3 
   350:    0    5   -1    0    2    2    4    0   -2   -5 
   360:    0    0    0    0   -1    0    0    0    0    0 
   370:    0    0    0    0   -4   -1    1    1   -1    2 
   380:  -11    5   10   -4    3   -6   -9    3   -7   -2 
   390:  -10    2   17   -6    4   10   -6    5    5    2 
   400:    8    3    0    2   -3    0   -3   -6   -1   -4 
   410:    4    1    0    0    0    0   -2    0    0    0 
   420:    0    0    0    0    0    5    0    7    7    2 
   430:    3    7   -4    4    4    5   11   -2   -8   19 
   440:   16    3   -6    4    5   -1   -7    2   -5    0 
   450:    1   -6   -1    6    2    6    0    2   -6    4 
   460:   -2   -3    2    0    1    0    0    0    0    0 
   470:    0    0    0    0    0    0    0    3   -9   -5 
   480:    1   -8   -3   -2   -2    0   -1    1   -2   -1 
   490:  -11   -4   16    2   -7    0   -5  -17   -7   -3 
   500:  -11   -1   -3    2   -2   -1   -2    4   -1   -3 
   510:  -10    2    0    1    0    0    1    0    0    0 
   520:    0    0    0    0    0    0    0    0    2    0 
   530:    2    2    7    6   -1   -2   -4   -2    4    4 
   540:   -4   -3   -7   -1  -25    2   -6   -2   -5   -2 
   550:   -2   -1   -5   -3   -7    8   -2    0   -2    5 
   560:   -3  -19   -2    1    0    0    0    0    0    0 
   570:    0    0    0    0    0    0    0    0    0    1 
   580:  -11   -2    0   10    6   12   -3   -1   -4   -1 
   590:    1   -3   -6    2    9    6    6   -6   -7    0 
   600:    2    0   -4   -4    0   -7   -9   -3   -7   -2 
   610:    0   -1    0   -6    0    0    0    0    0    0 
   620:    0    0    0    0    0    0    0    0    0    0 
   630:    0    1  -13    0   -1    9    0    3    0   -2 
   640:   -1    1   -2   -7   -1    2   -3   12    2    1 
   650:    1   -2    7   -5   -3    2   -5    4   -8    0 
   660:   -1   -8    9   -1    0    0    0    0    0    0 
   670:    0   -1    0    0    0    0    0    0    0    0 
   680:    0    0    0    0    4   -3  -10    0    2  -10 
   690:   -5   -2   -8    9   -2  -11   -5   -1  -10    1 
   700:    1   -7    4   -6   -1    0   -4   -1   -7   -5 
   710:   -4   -1   -1    2    2    0    0    0    0    0 
   720:    0    0    0    0    0    0    0    0    0    0 
   730:    0    0    0    0    0    0    0   -1    4   -7 
   740:    1   -2   -4    2   -4    8    5   -1    0    0 
   750:    3    0    2    0    1    0   -5    1   -1    8 
   760:   -4   -4   -1   -1   -2    0   -3   -1   -3    0 
   770:    0    0    0    0    0    0    0    0   -2    0 
   780:    0    0    0    0    0    0    0    0    5    0 
   790:    5   -5    2    0   -4    5    9    1    2    4 
   800:   -4   -7    5    5    1    5    0  -10    1   -3 
   810:   -1    3   -3   -2    2    1   -5    1    2   -5 
   820:    0    0    0    0    0    0    0    0    0    0 
   830:   -1    0    0    0    0    0    0    0    0    0 
   840:   -1   -8   -9   -9   -2   -3  -12   -8    2   -6 
   850:   -7   -2   -4   -7    3   -3   -7    0   -9   -9 
   860:    5   -5   -4    0   -6   -9   -1   -4  -11    1 
   870:   -1   -9   -1    0    0    0    0    0    0    0 
   880:    0    0    0    0    0    0    0    0    0    0 
   890:    0    0   -1    0    1    7    0    6    2    5 
   900:    0    5    7    3   -1    7   -8    3   -4   -3 
   910:    1    0    3    0    2   -1    0   -1   -6    5 
   920:    1    4    5    4   -1    0    0    0    0    0 
   930:    0    0    0    0    0    0    0    0    0    0 
   940:    0    0    0    0   -2   -1   -3   -5   -6   -3 
   950:   -2    3   -3    4    6    5    3   -1   -3   -3 
   960:   -1    4    2    4    3    4    5    9    3    6 
   970:    3   14    3    7   -2    5   -4    0    0    0 
   980:    0    0    0    0    0    0    0    0    0    0 
   990:    0    0    0    0    0    0   -3  -17   -7   -5 
  1000:   -9   -3  -13    5   -1    2   -4  -17   -4    1 
  1010:  -12   -4   -5  -11   -9  -11    2   -4   -5   -1 
  1020:    7    4   12   -3    2    0   -3    4   -8    1 
  1030:    0    0    0    0    0    0    0    0    0    0 
  1040:    0    0    0    0    0    0    0    0    0  -11 
  1050:   14    3   -1    7   -5   -3    0   -6   -3   -7 
  1060:   -8    0  -10    7    3  -13   14   -6    1    4 
  1070:   -6   -6    0  -13   -1  -13   -3   -2   -9   -3 
  1080:   -8    0    0    0    0    0    0    0    0    0 
  1090:    0    0    0    0    0    0    0    0    0    0 
  1100:   -1   11   -1   -1    2   13  -16    7    8   -3 
  1110:   10   -5   10  -10   18    8    2    4   -5   -8 
  1120:    4    1   -1   -1    8    2    0   -4   -1   -2 
  1130:   -6    4    2    0    0    0    0    0    0    0 
  1140:    1    0    0    0    0    0    0    0    0    0 
  1150:    0    0    0    1  -26   -5   13   11  -15   -8 
  1160:    5   -3    3   -2    9   13    0  -12  -25   12 
  1170:   10  -24   -6   -5  -10   -1    3   -3   -9   -6 
  1180:   -1    0   -8   10    1    0    0    0    0    0 
  1190:    0    0    0    0    0    0    0    0    0    0 
  1200:    0    0    0    0    1  -13  -13   19  -17    6 
  1210:    0  -15    7  -22  -16   19  -26   -4   -9   -5 
  1220:   -9    0   16   19    5   -8  -13    1    2   -3 
  1230:   -4    1   -1   -5  -17    0   -1    0    0    0 
  1240:    0    0    0    0    0    0    0    0    0    0 
  1250:    0    0    0    0    0    0    1   -9   14   -1 
  1260:  -21  -12  -11  -16  -15  -18   31    4    1    7 
  1270:   -3   -4  -13   12    7    5    1  -15   -1   -5 
  1280:   -3    3   -2    4   -5   -3    3  -15   -1    0 
  1290:    0    0    0    0    0    0    0    0    0    0 
  1300:    0    0    0    0    0    0    0    0    1   -9 
  1310:   -9  -26   -8   -1   -1  -30  -12   42   21  -11 
  1320:  -19    1   -6    1  -14  -30  -12   18   -8   -7 
  1330:   -8  -23    5   -4   -6    6   -9    0   -5   -1 
  1340:   -1    0    0    0    0    0    0    0    0    0 
  1350:    0    0    0    0    0    0    0    0    0    0 
  1360:   -2    5  -43  -17  -23   11   -1    0   33    6 
  1370:   -3    2  -14  -19  -23    4   10   11  -18  -12 
  1380:   -1    7  -15   10    8  -15    9   -4   -7   -1 
  1390:   -3    3    0    0    0    0    0    0    0    1 
  1400:    0    0    0    0    0    0    0    0    0    0 
  1410:    0    0    0    3   -9   -2  -27    0   -3   13 
  1420:    8   -4   11   -3    0    1  -16    1    2   11 
  1430:    3    1    4   -3  -11   25   -5   12    8  -12 
  1440:   10   19    6    0    0    0    0    0    0    0 
  1450:    0   -1    0    0    0    0    0    0    0    0 
  1460:    0    0    0    0    0    5   -4    9   -4   -1 
  1470:   -2   16   10   18    3    4   13   -3    3    1 
  1480:    1   -3    2   -1    5   -2   -8    0    8   20 
  1490:   15    1  -10    0  -10    3    0    0    0    0 
  1500:    0    0    0    0    0    0    0    0    0    0 
  1510:    0    0    0    0    0    0    0    1   -7  -10 
  1520:    8   38   15   29   25  -12  -31  -22    4   13 
  1530:  -10    8   -2   14   -2    0    0    7    2   -9 
  1540:   14   -6   -2   -2   -9   -1  -14    0    0    0 
  1550:    0    0    0    0    0   -1    0    0    0    0 
  1560:    0    0    0    0    0    0    0    0    0   -1 
  1570:    9   -4   21   18    3   13   -7   -4    4   15 
  1580:  -22   26    9    0   -5    9   24   10  -10    5 
  1590:    9   -2    1   -3  -12    3   -2    3   -1    0 
  1600:    0    0    0    0    0    0    0    1    1    0 
  1610:    0    0    0    0    0    0    0    0    0    0 
  1620:    0    1  -11   -4    3   -3  -20    9  -22   11 
  1630:   13   10   15   -9   14    9   22    4   13   23 
  1640:  -22    1   12   -6   -5    9    6  -11    4   -1 
  1650:   -1    0    0    0   -1    0    0    0    0    0 
  1660:    1    0    0    0    0    0    0    0    0    0 
  1670:    0    0    0   -1  -11   10  -20   -6  -23  -10 
  1680:   -2   -5   -8  -10    4  -13   -1    8   21    5 
  1690:   -3    4   -8    6   -2    7    5   -6    4    4 
  1700:   20    7   -4    0    0    0    0    0    0    0 
  1710:    0   -1    0    0    0    0    0    0    0    0 
  1720:    0    0    0    0    0   -1   -9    6  -17  -12 
  1730:   -4  -15  -10    1   -8  -14   -1    4   -9   -5 
  1740:   14   12   23   -1   13   -6    9  -21    8  -11 
  1750:   -6   -4    6    8    0    0    0    0    0    0 
  1760:    0    0    0   -1    0    0    0    0    0    0 
  1770:    0    0    0    0    0    0    0    3    8    4 
  1780:   -2  -20  -11   21   -5  -18   12   -9   -5    3 
  1790:    0  -17   10   -2   14   -2  -17   -4   -6   -2 
  1800:  -16    5  -10   -3   -1  -13    1    0    0    0 
  1810:    0    0    0    0    0    0    0    0    0    0 
  1820:    0    0    0    0    3    0    0    0    0    2 
  1830:    7   16  -17  -12   -1   10   -6  -10   -5  -20 
  1840:    0    3   -9   -2   -4    2   -3   -5  -20  -18 
  1850:   -8  -26    3    4  -24    6   10    0    0    0 
  1860:    0    0    0    0    0    0    0    0    0    0 
  1870:    0    0    0    0    0    0    1    0    0    0 
  1880:   -1   -2  -16    5   -5   12    8    5   11   -3 
  1890:    3    7   -6  -10    1  -16   -1    8    6   -8 
  1900:    1    0   10  -21  -12    6   -4    2    0    0 
  1910:    0    0    0    0    0    0    0    0    0    1 
  1920:    1    0    0    0    0    0    0    0    0    0 
  1930:    0    0    0   -2    0    9   30   10   17   -3 
  1940:   19   17   26    6   21   -3   28   -1    7    8 
  1950:   10  -12    4   -1    0   18   -7   -1   -2   20 
  1960:    3  -14    1    0    0    0    0    0    0    0 
  1970:    0    1    0    0    0    0    0    0    0    0 
  1980:    0    0    0    0    2   -9  -10  -12    9    3 
  1990:   -6  -23    3  -10    0    1   -8    7    5    5 
  2000:   -1   27   -9   -8   -3   20  -13    7  -15  -31 
  2010:    5   15   -1    3   -1    0    0    0    0    0 
  2020:    0    0    0    0    0    0    0    0    0    0 
  2030:    0    0    0    0    0   -1    4  -19  -11   -3 
  2040:   -7    7   -2   11  -12  -11    4   16  -24   12 
  2050:   -7   14   -5   20  -12    4   -6    5   11   10 
  2060:    9  -16  -10   14    8   -7    1    0    0    0 
  2070:    0    0    0    0    0    0   -1    0    0    0 
  2080:    0    0    0    0    0    0    0    0    1   10 
  2090:   -5   -3   -4   -1  -17    2  -33  -17  -17   12 
  2100:   22    0    8   13   10   -3    4    7    0   -3 
  2110:  -10   -7  -11   -5   13   -1   -1    3    0    0 
  2120:    0    0    0    0    0    0    0   -1    0    0 
  2130:    0    0    0    0    0    0    0    0    0    0 
  2140:   -4   17   -2  -14   -4   -7  -26  -17   -3   20 
  2150:   25   19   13   28    5  -14    3    0   -5    6 
  2160:    8    6    3  -21  -20   -9  -15  -48    0  -16 
  2170:    1    0    0    0    0    0    0    0    0    0 
  2180:    0    0    0    0    0    0    0    0    0    0 
  2190:    1   -3   10   -3    9    0  -21   -4    6   18 
  2200:   10   -7   -4  -17    6   -4    2   12   -8   12 
  2210:   -1   -1    3    2    5   -5    4   14   11   17 
  2220:    5   -4    2    0    0    0    0    0    0    0 
  2230:    0    0    0    0    0    0    0   -1   -1    0 
  2240:   -1    0    0    1   23  -22    2   -1  -12    6 
  2250:  -11  -10  -15  -19  -24  -11   28   -2  -31   19 
  2260:   11  -16   18   -6    1    9   -7    5   11    1 
  2270:   -6   26   -4  -13    9   -3    0    0    0    0 
  2280:    0    0    0   -2   -1    1    1    0    0   -3 
  2290:   -1   -2    0   -8   -3    0   26  -10   -9   -2 
  2300:   -9   -3    0    2  -31   -1   -6   -4  -10    4 
  2310:  -29   -7    7   30    9   -1    3   -2   -6  -12 
  2320:    6  -11    3   -5    4    3    7    0    0    0 
  2330:    0    0    0    0    0    0    0    0   -6   -4 
  2340:    3    2    9    1    5  -12   -9    4    3    2 
  2350:   -5   -4  -15   -6    5    6  -12  -19  -16   -1 
  2360:  -13   -6  -13   -7   -6   14   -4  -10   10  -22 
  2370:   -5   -8  -12  -13    0  -11    3    0    5    4 
  2380:   -1   -4   -4   -5   -2   -5   -3   -3   -1    0 
  2390:   -1    1  -16   22   30    9   27   13    3   22 
  2400:   14   18   18    7    9   14   16   14    6    2 
  2410:    4    8    7    2    6    3    3   -6  -10  -11 
  2420:    1   -3    0   -2   -6   -3   -3    1   -2   -9 
  2430:   19   29   17    3    6   11    9    7    7   10 
  2440:    1   -1    1    3   -2    7   17    9   21   15 
  2450:   14   18   27   10   24   15   15   18   -1    7 
  2460:   16   14   15   12   12    9   14   12   11    4 
  2470:    2   -7    6    6   -6    3    5    0    0   -7 
  2480:  -14   -1  -13   -9  -10   -8   -4   11   18   20 
  2490:   21   25   -4   -7  -19  -15 
