     0:   -3   -3   -1    2    1    6   -9   -3   -2    1 
    10:    5   -5    2    3   -4   -1    9    1    0    1 
    20:    1   -5   -3   -2   -6    2    9    0  -12    4 
    30:   -4   -6   -2    3    3    2   -5   -8   -2    5 
    40:    0    6   -8    8  -10    2    4   43    5    6 
    50:   -1    3    0    0    1    0   -1   -1    2    0 
    60:    1    0   -1    0    0    0    0    1    0    1 
    70:   -1    0   -1    0   -1    1    0    0    1    0 
    80:    0    0    0    0    0    0   -1    0    0    0 
    90:    0    0    0   -1    5    5    1    0    0    6 
   100:    0    0    0    2    0    0    0    0    0    0 
   110:    0    0    0    0    0   -1   -8    7   13   -2 
   120:    0    0    0    0    1   -1    0    0    0    0 
   130:    0    0    0    0    0    0    0    0    0    0 
   140:    0    0   -1    1    1   -1   -3    0    2   -1 
   150:    0   16   -2    0    0    0    0    0    0    0 
   160:    0   -1    0    0    0    0   -3   17   66 -129 
   170:  -77    8   -3    7  -10   -4    2  -11   -9    3 
   180:   -7    2   -3   -5    3    0    0    0    0    0 
   190:    0   -1   -1   -1   14  -10  -41   54  -49    0 
   200:  -14   26  -15  -30   10    0    0    0    0    0 
   210:    0    0    0    0    0    0    0   -2    4   79 
   220:  -24   29 -122   12   16  -56    5  123  -96  164 
   230:  100  -69   78   -7   17   56  -14   -5  -14    0 
   240:    0   12    1    1    3    1   49 -136  -86  -73 
   250:  -23  -28   91 -120   32  -21    3    0    0    0 
   260:    0    0    0    0    0    0    0    0    0   11 
   270:    2 -270 -137  252  214  -51  -85 -153 -139  -92 
   280:   17   48  158  211   12 -112   48 -150 -121  -34 
   290:  156  -18   12  -63   13   98   62  -12  -36   40 
   300:   12  -60    4    8  -53  -49   35    0   -3    0 
   310:    0    0    0    0    0    0    0    0    0    0 
   320:    2  -16   35   87   87  177  193  108  106   -4 
   330: -191 -177  -99 -149  -21  -34   52 -120  144   32 
   340:  -11   -5  124  219 -203 -502 -400 -153   18   44 
   350:  -12   11    0   -1   13   -9   26  -38  -34   34 
   360:   -3    0    0    0    2    0    0    0    0    0 
   370:    0   -1   10   -7   77   15  -33   21  121  159 
   380:  164  -49 -270 -154  -54   20    7   10  -78   -1 
   390:  -76  -55  -83   51 -129   46   43 -249  -32   64 
   400:  222   35  -42  -77    7    2   40    0  -30  142 
   410:   42  -21    2    0    0    0    1    0    0    0 
   420:    0    0    0    7  -51 -149 -175 -182 -128  -15 
   430:   57  221   93 -209 -107 -258   53   84  -20   55 
   440: -132   37   83  -35  -26   -5   50   17  -17  -69 
   450:  305  231 -254 -230  -27   16    3    7   -1   51 
   460:  -37   91  -73    8    1    0    0    0    0    0 
   470:    0    0    0    0    0    0   32   46 -132  -68 
   480: -166 -112   24  109  155  233 -117 -293 -100 -124 
   490: -292   21   56  -65  -77   68  138   13  -96   36 
   500:  -10  141  134   19 -251  135  234  -81  -41   -4 
   510:  -37  -27   44  -15    7    1   -2    0    0    0 
   520:    0    0    0    0    0    0    1   -8 -125  128 
   530:   70   -3   -6    3    0 -117   53  123  113 -119 
   540: -185 -153 -395 -108   42  -89  -91    3 -137  119 
   550:  -71  -46   54  149  169  -96  -38  208  222  101 
   560:  -96  -89  139   -1   -5    0    0   -3    0    0 
   570:    0    0    0    0    0    0    0    0    0   17 
   580: -198  -66   79  -11   25  -32   18  -59 -340 -139 
   590:   64  280  126   41 -216 -245 -106   36  -20  -66 
   600:  126   85  -18 -132  -39   88  -13 -101  181  126 
   610: -146   17   24   33   -5   -1    0    0    0   -2 
   620:    0    0    0    0    0    0    0    0    0    0 
   630:    3  -24  -12  -48   -5  -33  -14   68   17   85 
   640:  148 -100 -293   43    1  -29  158   69   44  -30 
   650:   79  -31  -67   72   52   -7   18   24  -24   21 
   660:  210 -107 -323  -47    6   -2    0    0    0    0 
   670:    0   -3    0    0    0    0    0    0    0    0 
   680:    0    0    0   10   14   80    0   20  -24  -52 
   690:    9 -259  -98  150  156  -81  123   98  -58  -65 
   700:   -8   -7  -22    7   27   92   21    9  -43  -10 
   710:  -25  136 -139 -156  201  105   -8   -1   -1    0 
   720:    0    0   -3    5    0    0    0    0    0    0 
   730:    0    0    0    0   -6   41   47   83  -46  -19 
   740:   -5  -64   79  144  113 -159  -22   -8  -60  -94 
   750:   85   35   49  -22  -32   31  -32 -116   11   40 
   760:  -41   47   47  -61  -33  121 -128  -88    8    0 
   770:    0    0    0    0   -1   -6    5   -2   -1    0 
   780:    0    0    0    0    0    0    7  -65  -25   20 
   790:   41 -116  -53   87  -96 -110  -80  213  113   92 
   800:  144   70  -43   -2  -51    1 -131   -7  -21   11 
   810:  -19    5  -15  -32 -109   91  104  -30   35  -58 
   820:    0   -1    0    0    0    0    0    0    1    1 
   830:    1    0    0    0    0    0    0    0    5  -33 
   840: -117 -202   57   18 -123  -80  -22 -123  -62 -124 
   850: -237 -113   32  -18  -86   40   25   -3  117   31 
   860:   14 -110   -4  -10   19   76    6  -55 -112   -7 
   870:  125 -177   -1    2    0    0    0    0    0    6 
   880:   -2    0    0    0    0    0    0    0    0    0 
   890:    7  -56  -97  -85   -9   27  -82 -120   83  339 
   900:  399  213   81  -28  -61  -79  -47  -50  -83  186 
   910:  104   45  -12   16   35    1  -70  -90  -35 -182 
   920: -151  174   -3  151   -4    0    0    0    0    0 
   930:   -1   -2    1    0    0    0    0    0    0    0 
   940:    0    0    1    0    6  -77  -17   10  118  -29 
   950:   21 -139 -102   22  206   43  219  127 -145 -228 
   960: -258 -161   73  -11   12 -128   54   21  -77   45 
   970:  -23  -91  278  124 -110 -142   37   -3    0    0 
   980:    0    0   -2   -2    1    0    0    0    0    0 
   990:    0    0    0    0    0    3 -120  -61  -17  -16 
  1000:   30 -153 -193 -197 -265 -209   48  206  193  281 
  1010:  -20 -256 -210 -147  -71  119   -7  -83  -93 -169 
  1020:  163  185 -154  141  316  198 -308 -289  -20    5 
  1030:    0    0    0    0   -2    2    1    0    0    0 
  1040:    0    0    0    0    0    0    0   -2   66  -55 
  1050:  -44 -178 -116   38   21 -142  -37  -44  140  296 
  1060:  189  181   14  -73  117 -103  -17  217  -61   88 
  1070:   51  -21  -82 -122   70  -55  142  129 -156 -261 
  1080:   -9    4    0    0    0    0   -1    6   -2    0 
  1090:    0    0    0    0    0    0    0    0    0    2 
  1100:    8  -13  -31 -140 -130   78   58 -215  -26   37 
  1110:  273   44  196   92 -328 -101   55   19  151  284 
  1120:  -85  -33   -8 -181 -108   -6  100   80  196   99 
  1130:   67  -70    0    1    0    0    0    0    0   -5 
  1140:    1    0    0    0    0    0    0    0    0    0 
  1150:    0    4  -52  204   60 -122  -33  144    7 -199 
  1160:  -88  242  115    2 -190  108 -199   20   69  -78 
  1170:  -32    2  -42   59  -40 -253   94  122  199  246 
  1180:  159  147  153   44   -9    1    0    0    0    0 
  1190:   -3    3    0    0    0    0    0    0    0    0 
  1200:    0    0    0  -10   95   21 -185  -11  -52 -170 
  1210:  138 -136   51  248   10   73 -105 -123   16  -12 
  1220:    5    8   43   -9 -118  -51 -217 -148  117   82 
  1230:  -84  133  -44  133   77   44    3   -1    0    0 
  1240:    0    0    1   -3   -1    0    0    0    0    0 
  1250:    0    0    0    0    0    6  -56   30  -47  -67 
  1260:  -75  -84   93 -101  -50   -7   47  -94   43  -79 
  1270:   57    7  -10   10 -113 -186  118   -3 -357 -155 
  1280:   27 -103 -145 -107  -20  342  266   58   -5    0 
  1290:    0    0    0    0    1    4    0    0    0    0 
  1300:    0    0    0    0    0    0    0   10  -72 -112 
  1310:   31   55  -95    0   -9  -27 -120   44   97    0 
  1320:    5   48    8  -50  -69    5   13   12    5 -181 
  1330:   -3  335   26    5   43  -68   76  124  -31  -58 
  1340:    6    0    0    0    0    0    0    1   -1    0 
  1350:    0    0    0    0    0    0    0    0    0    0 
  1360:  -13  135   66   61 -101   63   36  -58    8  242 
  1370:   59    2  -68  135   80   33  156  105 -138  -19 
  1380:   17  -41  151   13  -28  -14 -268 -129   42  -95 
  1390:  -30  -29    3    0    0    0    0    0   -2   -4 
  1400:    0    0    0    0    0    0    0    0    0    0 
  1410:    0   -1   -1  120  -96   70  -30   81  -16  -55 
  1420:   41   66  -33  -48  -96   68 -129  -59  -29  -17 
  1430: -163  -84 -115   36  -42  -95  108 -101    6   59 
  1440:  179  -44  106   10   -1    0    0    0    0    0 
  1450:   -1    3    0    0    0    0    0    0    0    0 
  1460:    0    0    0    1   -2  -51    7   27  -10   42 
  1470:   -5  -45  123 -215  -40   76   75   -7  -46  -46 
  1480:  -18  -23  -53  -47  -89   93 -124  223  -76  -40 
  1490:  163    0   15  -27  -11    7    0    0    0    0 
  1500:    0    0   -1    2    0    0    0    0    0    0 
  1510:    0    0    0    0    0    0    2   -2  -66 -120 
  1520:  -93   23  127   13   73    3  -24   75  142 -114 
  1530:  -90   91   59   60  -22    8   23   58   31   23 
  1540: -194  249   83  -64   95   96  109  -16    0    1 
  1550:    0    0    0    0    1   -7    0    0    0    0 
  1560:    0    0    0    0    0    0    0    0   -3   15 
  1570:  135 -171  151   23  -99  -30   37    7   46 -143 
  1580:   67  -82 -126   92   62  105  -51  -31   10  -36 
  1590:  -50    4   -5  -53  -13   -6  130   48    7   -1 
  1600:    0   -7   -2    0    0    0   -1    1    0    0 
  1610:    0    0    0    0    0    0    0    0    0    0 
  1620:    2  -18 -116  -43  157 -154  160 -167  177   58 
  1630:   32   57  -81  117   57 -139  125   70  -31   -9 
  1640: -159  -18   74  -12  -76   38  -28   -1  -63   25 
  1650:    0    0    0   -2   -2    0    0    0    1    1 
  1660:    0    0    0    0    0    0    0    0    0    0 
  1670:    0    0  -11   62    3  157 -139   72  -87 -153 
  1680:  114  -83  184  138  -67   78  102  -11   42  118 
  1690:  101   25  -38  213  -74   86  -31   -7   14   -7 
  1700: -126 -255    2    1    0    0    0    0    0    0 
  1710:    0    8    0    0    0    0    0    0    0    0 
  1720:    0    0    0    0  -10   59  125  -17  215   71 
  1730:  104  -33  -10  128   10  -59  143  -12   17  252 
  1740:   -4  151  -14   68   46 -106 -104  -52   19 -187 
  1750:  -27 -288  -70  -18    0    0    0    0    0    0 
  1760:    0    0    0    0    0    0    0    0    0    0 
  1770:    0    0    1    0    0   -1    4   98  107   -7 
  1780:   -4  -48   15    0 -118  190  -64  -36   12  -37 
  1790:   52  -33   33  -48   22   44   41   56   74   -9 
  1800:   94   42 -104   22 -124   90    0    0    0    1 
  1810:    1    0    0    0    1    0    1    0    0    0 
  1820:    0    0   -1    6    0    0    0   -1   16   49 
  1830:  -71 -120  -83   70  -16 -167  -72   28   27  -13 
  1840:   83  260  149 -109  -80   -5   66   27 -103   53 
  1850:  -63   30   60  -60 -114  -40   52  -23    3    0 
  1860:    0    0    0    0    0    0    0    4   -1    0 
  1870:    0    0    0    0    0    0    0    0    0    0 
  1880:    0  -11  -36 -134    5  232    5   66  -60   68 
  1890:  -39  -21   94   49  -73 -170  153   34  -65   53 
  1900:  -45  -28  -10   21   73  -22   90  -87  -55   31 
  1910:   -3    0    0    0    0    0    0    0    2  -10 
  1920:    0    0    0    0    0    0    0    0    0    0 
  1930:    0   -2   12  127   62  191 -112   20  -40   74 
  1940:   45  -32   32   25 -200   80 -167 -147   42 -105 
  1950:   80   21 -115   22   13  -85   -7  209  -35 -176 
  1960:  -35   47   -5    0    0    0    0    0    0    0 
  1970:    1    2    0    0    0    0    0    0    0    0 
  1980:    0    0    0   -1   23  -72   87   38   40  146 
  1990: -147 -121 -112   -6  155  -90   22  -57  106   58 
  2000:   45   39  -59  -67   54   11   -6   35  -98  -10 
  2010:   50   28  -83 -140   16    0    0   -1    0    0 
  2020:    0    0    0    3   -1    0    0    0    0    0 
  2030:    0    0    0    0    0    6  -87  -80  173  -15 
  2040:  180   88 -164 -125  -94    1  -36   54 -141  -18 
  2050:  104   55 -116  -67 -142  -74   57   -5  -18   48 
  2060:  135  132   84   38  -85  -15    3    0    0    0 
  2070:    0    0    0    0    2   -5    0    0    0    0 
  2080:    0    0    0    0    0    0    0   -2  -17   -1 
  2090:   17  102  -28   54   25   50   81   36   62   38 
  2100:  200  -95  108  -10 -252   -8  138   17   60  119 
  2110:   22   27  159  -23 -137  -79  -17   59   -7    0 
  2120:    0    0    0    0    0    0   -3   -4    1    0 
  2130:    0    0    0    0    0    0    0    0    3  -34 
  2140:  240  -42  108  -60   99  -57  147  -68   26   13 
  2150:  -37   -2   65  106 -104 -232   71   89   53   85 
  2160:  -17  -50   86  103   20   85   70   11  -62    7 
  2170:    5    0    0    0    0    0    0    0    3    3 
  2180:    0    0    0    0    0    1    0    0    0   -1 
  2190:   -3  -40  161  110  114  -11  -39  -94   63   -5 
  2200:   55  -38   -5  -20   63  -29   41  -23  106   28 
  2210:   30   25  -15   31 -209   73   65   -9   88 -129 
  2220:  -29  208   -2   -2    0    0    0    0    0   -2 
  2230:    4    1    1    0    0    1   -4  -15    0   -2 
  2240:   11    7   18 -142 -154   38  -56  169   13  166 
  2250:   30  -71  -97  -33   54   41   43   59  108    0 
  2260:   -3   28   36   28    4   83  -62   42   10   55 
  2270:  129  -43   81  111  -63    4    0   -1   -1    0 
  2280:    0    0    0   -2    2   -3   -7   -9   47    1 
  2290:   13   89  -39   93   14   93 -156 -145 -234   82 
  2300:  250   73  125   68   59  -69    2   21  -55    4 
  2310: -179  143   66  101  -18   12   93   19  -56   83 
  2320: -127  -88  105   83   80  -50 -145    5    1    1 
  2330:    1    0    0    0   -1    2   12   38   58   22 
  2340:  -90  -33  -71 -306   93 -117    4   -5  154  105 
  2350:  -86 -219   58  215 -132  116   23   49   54   16 
  2360:   94  -65  -57   80   40    3  -23  -23  -24   42 
  2370:   51  -42   51  -61  -33  111  -35  -29   34    4 
  2380:    2   -3    0    2   -2    0    1   -3   23  -32 
  2390: -301   75    1    4   91   99  -29   45 -138   98 
  2400: -242  -93   40   43   32 -149  122  -68  -22 -119 
  2410:    4    5  -49   19    6   -8    0  -72   -2   69 
  2420:   16  -29   16  -17   16   -4   18   14  -13  -18 
  2430:    9   22  -16   47  -14   -5   15    5    7  -51 
  2440:   18  135  161  -19   59  172 -315  -83  218  -95 
  2450:  -90 -135  274 -162 -124  296   30   98 -229  143 
  2460: -377  150  -33   85 -154   12   -4   -7   10  -30 
  2470:  -25  -11   19  -23   23   -3   -9    5   16   17 
  2480:  -16    6  -12    2   -4  -23   62  -11   -8   11 
  2490:    6  -46    9 -308 -129  232 
