     0:    3    0    0    3    1   -3  -10    6    2    2 
    10:    3   -1   -2   -2   -2   -1    1    0    4    3 
    20:    3    2    1   -2    4    5    0   -5    1    0 
    30:   -1    0   -4   -5    4    3    2    0   -6    2 
    40:   -2   -3   -3   18    1   -5   11    0   -2    3 
    50:   -2   -5    0    0    0    0    0    1    1   -1 
    60:    0    0    0    0   -1   -1    0    0    0    0 
    70:    0    0    0    0    0   -1    0    0    0    1 
    80:    0   -1    0    0    0    0    0    0    0    0 
    90:    0    0    0   -2   10    0   -1    0    0    0 
   100:    0    0    0    0    0    0    0    0    0    0 
   110:    0    0    0    0    0   -2  -11   -3   -3    0 
   120:    0    0    0    0    0    0   -1    0    0    0 
   130:    0    0    0    0    0    0    0    0    0    0 
   140:    0    0    0    0    0   -2   -2   -2    1   -1 
   150:   -1    0    0    0    0    0    0    0    0    0 
   160:    0    0    0    0    0    0   -2   11   30   86 
   170:   54  -12   -8    1   -1   -5    4    2   -2   -2 
   180:    9    1    0   -4    0    0    0    0    0    0 
   190:    0    0    0   -2    4    3  -10   17    3   11 
   200:  -10   10    4  -15    0    0    0    0    0    0 
   210:    0    0    0    0    0    0    0   -3    5  148 
   220:  402  -73 -152   61   69   -5  -46   66   19  -39 
   230:   86   11  -71   -9    3   36    7   -4   -3    3 
   240:   -1    9   17   10   -7   10   32    2   -9   19 
   250:   49  -24    2   33  -24   -1    0    0    0    0 
   260:    0    0    0    0    0    0    0    0    0   10 
   270: -115  186  145   -7 -384  -58   12 -241   -6   40 
   280:   14    3   78   -9  -56   28  -15  -11   32  -17 
   290:   15  -17   17  -78 -146  -74   13   -3  -10  -20 
   300:   11   42  -15   15   -6   24   -2    7    0    0 
   310:    0    0    0    0    0    0    0    0    0    0 
   320:    1   22 -232  -59  155  163 -111   34   33 -414 
   330:  -66   21   27   20  -41  -78   21  115  -27  -22 
   340:  -68   47   48 -225 -180  -51  -29  265  -83  -69 
   350:   -9   -7   -1   -6   -4    3   -4  -38  -29  -16 
   360:    3    0    0    0   -2    0    0    0    0    0 
   370:    0   -1   -9  149  217  134  148  117   29  -14 
   380: -152 -214 -104   80  121   45   52    0  -31  -20 
   390:   44   79   -3   80   59    6  -90  240  456  220 
   400: -473   -5   38  -25    5    4   26   -9   -9   -1 
   410:   44   -1    0    0    0    0   -2    0    0    0 
   420:    0    0    0   13 -113 -130  120   27   97  222 
   430:  187   42 -230 -185 -100  257   55  -46  -80 -142 
   440:  -22    1  169   40   -9   14  -37  -30 -181  385 
   450:  174 -397 -170  392   12   17   -5    7    5  -14 
   460:   15   30   10   -6    0    0    0    0    0    0 
   470:    0    0    0    0   -1    8   33 -258  -90  204 
   480: -181  158   74  239 -159 -242 -349  276   98  -75 
   490:  -49   -9  -72 -258   61  -61   52   63    4   -8 
   500: -121  341 -168 -398  406  263 -125  -35   12   10 
   510:  -21    3   -4   -2    0    9   -1    0    0    0 
   520:    0    0    0    0    0    0    5  -48   69   25 
   530: -227  125 -175  111 -156  267  217  106 -361 -122 
   540: -200 -223   29   50   -6 -109  -45   56  -63  198 
   550:  -90 -101  -58  270 -411   22  531 -173 -185   38 
   560:   17  -74  -42    1    0    0   -1    2    0    0 
   570:    0    0    0    0    0    0    0    0    6  -44 
   580:   41  245 -203   87  -88   58 -128 -287   22  402 
   590:  198 -265   -1 -287 -242  -44  224  -59 -122   84 
   600:   17    9   13   91   19  -14 -228  427  103 -450 
   610: -154   24   -3   -7    7    0    0    0    1    3 
   620:    0    0    0    0    0    0    0    0    0    0 
   630:    8  -51 -272  130  106  -88   39  -40  129   86 
   640: -252 -250  187  212 -286  299   56 -192   55   31 
   650:   14   44  127 -109  193  -65   76  -50   60  238 
   660: -398 -327  258   11   -3    1    0    0    0    0 
   670:    0   -1    0    0    0    0    0    0    0    0 
   680:    0    0  -11   93   28 -175  132 -135   47   61 
   690: -230  -45  307  229 -328  147  108 -324  147   83 
   700:  -35  -39    5    4  -20   74   29  140   64  -35 
   710:   42  -21 -180  433   69  -99   11    0    0    0 
   720:    0    0   -3   -3    0    0    0    0    0    0 
   730:    0    0    0    0    6  -37   87 -115   59  141 
   740:  -17   77  156 -142 -193  -69  244 -229  109  -62 
   750: -104   25  -16   24    6   35   50   89   91  -52 
   760:  -15   -4   48 -253  360 -309 -212   59   -4    0 
   770:    0    0    0    0   -2  -13    1    0    0    0 
   780:    0    0    0    0    0    1  -12   30   94   70 
   790: -187   11  109 -165   78  237  307   30  -85  221 
   800: -292   20  -20  -47   63  -21   70    2   -2  -31 
   810:  -27  -18   85  -13  -80  255 -258  104  168  -78 
   820:   13   -1    0    0    0    0    0   -6    0    1 
   830:    0    0    0    0    0    0    0    0    1  -39 
   840:   11  168  125 -175   46   86 -196 -193 -229 -132 
   850:   46   78  235 -159   26   60 -162  -97    6  -14 
   860:  -40 -178  -19   30 -118    9   75 -186  -98  234 
   870: -328   16   13   -1    0    0    0    0    0    6 
   880:    0    0    0    0    0    0    0    0    0    0 
   890:    8  -82 -116   40  132  -19 -122  120  220   45 
   900:   16 -199 -269   46 -189  122  -83   65  351 -173 
   910:   47   12   -5  -27   70  -36   48  -51  -49   91 
   920:  359 -216  101   52  -16    1    0    0    0    0 
   930:   -2   -5    0    0    0    0    0    0    0    0 
   940:    0    0    3  -12  -25  -78   46  164 -138 -208 
   950:  162  240  282  312 -218  211 -124 -318   88 -184 
   960:  215  348 -141   61  -24  -81  -43   58   49  -55 
   970:   72  421  117 -272 -183 -112   15    0    0    0 
   980:    0    0   -3   -8    1    0    0    0    0    0 
   990:    0    0    0    0    3  -26   30   42  -23   45 
  1000:  151  -86 -182  -80 -115  344   63  -40  215 -203 
  1010: -366 -172   59  210  122 -143 -173  133   42   78 
  1020:  -88  141   51  278  -11 -347   10  220   -7   -1 
  1030:    0    0    0    1   -4   -8    1    0    0    0 
  1040:    0    0    0    0    0    0    0   -2   99  -14 
  1050:   61  -15   65   66 -207 -202 -162  167   71  -82 
  1060:    9 -165 -287 -129  -21   89   10 -209 -106   92 
  1070: -170  -97 -243  256 -136  223   32 -374  -30  192 
  1080:  -10   -1    0    0    0    0   -1    4    0    0 
  1090:    0    0    0    0    0    0    0    0    0    9 
  1100:  -30  -31   69   19  -28  -27 -178 -217   -3  117 
  1110:  -36 -208 -143 -177 -155  -87   12  -16   -1 -110 
  1120:   19   60 -301 -137 -244   98  -97   64  235 -123 
  1130: -130   26    2    0    0    0    0    0   -2   -4 
  1140:    0    0    0    0    0    0    0    0    0    0 
  1150:    0   -1   -7  -52   49   74  -15   68   26  -97 
  1160:  126   79   41  -39  -81  -92   11   39   42  -58 
  1170:   24  -12   39   -3  -95  181 -233 -148 -108   12 
  1180:  213  176   55  -11    1    0    0    0    0    0 
  1190:   -4   -3    0    0    0    0    0    0    0    0 
  1200:    0    0    0   -3   77   30  106  -26    9   94 
  1210:   59    9  -85  -81  -30   97   34  -69    5  -17 
  1220:  -50  -44  -28   -7  -27   30    9  165  -58   16 
  1230:  -98 -153   46  324  149  -82    6    0    0    0 
  1240:    0    0    1    6    0    0    0    0    0    0 
  1250:    0    0    0    0    0    2  -46  -21   35   64 
  1260:    2   45 -103  -45  -53    3   46  -11   38   46 
  1270:  -19  -22  -13   25  -71   10   42 -122   -6  -75 
  1280:    2   92   36 -115  -54  175  -48  -81   11    0 
  1290:    0    0    0    0    3    1    0    0    0    0 
  1300:    0    0    0    0    0    0    0    5  -83  -56 
  1310:  -11  -38  -83    6   54   34   94   -8  -28   -8 
  1320:   37   -8  -76  -56  -31  -14   23   -7   29  -92 
  1330: -122   43   90  193   76  -21  108  157   51   18 
  1340:   -3    0    0    0    0    0    1    4    0    0 
  1350:    0    0    0    0    0    0    0    0    0    1 
  1360:   -3  -16   -5   26   25  -60   96    1  -88  -41 
  1370:   46  -26   18   50  -40   -3  -19 -165    4   65 
  1380:   35 -127   -3   51   22  169  -46 -111  130  126 
  1390:  -43   10   -1    0    0    0    0    1   -5   -4 
  1400:    1    0    0    0    0    0    0    0    0    0 
  1410:    0   -3    8  157    7    0  -77   24   29  -22 
  1420:  -20    5  -34   21  105   81   40  -15  -72   19 
  1430:   50   66  -19   25   14   -5   29  -63  -74    2 
  1440:  195   87  -54   -2    1    0    0    0    0    0 
  1450:    0    0    0    0    0    0    0    0    0    0 
  1460:    0    0    0    2  -20   17   11   30  -51  -10 
  1470:    9  -90  -68   53   26  -42  -76   57    9    0 
  1480:   -4   42    2   33 -113 -234  -74   45  -27  -71 
  1490:   46   52   27   43  -47    5    0    0    0    0 
  1500:    0    0    0    1    0    0    0    0    0    0 
  1510:    0    0    0    0    0    0   13  -70 -138  -14 
  1520:  -53   50   57   35   26  -23   18    3   41   97 
  1530:   33  -13   -6  -26    6   -4    2    7    3  -11 
  1540:  -35   13  -95   30  -19   -3   -6    1    0    0 
  1550:    0    0    0    0    1    4    0    0    0    0 
  1560:    0    0    0    0    0    0    0    0    1    4 
  1570:   69  -72  -51  -24    9 -123  -47  -23   12   27 
  1580:   32 -136  -79   23    7   -8   67   -7  -69   81 
  1590:   16   -2    2   -1   21   24    4  -31   -1    1 
  1600:   -1   -4    2    0    0    0   -1   -2    0    0 
  1610:    0    0    0    0    0    0    0    0    0    0 
  1620:    5  -37  -73   18   58   10   41   25  -27   90 
  1630:   -4   97   38  -26  -85 -115  -42   10  -34  -84 
  1640:    4   90  -28  -31  -66   45    8   -7    5   -8 
  1650:    0    0    0    0    1    0    0    0    1    2 
  1660:    0    0    0    0    0    0    0    0    0    0 
  1670:    0    0    6  -49    5   32   20   15  -27   61 
  1680:  -52  -37  -27  185   50  -38   -6  -14  -16   17 
  1690:  106   73   55   92  -21  -55  -45  -28   -5  190 
  1700:   91   56    3   -1    0    0    0    0    0    0 
  1710:    1   -1    0    0    0    0    0    0    0    0 
  1720:    0    0    0    0   -1   23   23 -104    8  -35 
  1730:   18  125   67  -53   20  -72   39  -26  -57   81 
  1740:   90   72   21   21  -56  -53   32   28  -28   49 
  1750:   58  119   27   16   -1    0    0    0    0    0 
  1760:    0    0    0    0    0    0    0    0    0    0 
  1770:    0    0    0    0    0   -3   11  136   54  -37 
  1780:  -69  -17  -21   72   49  -37   61  104  -66  107 
  1790: -104   70   36   28  -35 -116  -13   93  -84  -40 
  1800: -158  -83   32  -42 -120  -39    3    0    0    0 
  1810:   -1    0    0    0    2   -2    0    0    0    0 
  1820:    0    0   -1    7    3    0    0   -5   38  -25 
  1830:   14   38    3  -10  -16   55   29  -28   71   43 
  1840:   14   44    2 -101  120   70  117   27    4   -4 
  1850: -145   39   75   54   -2  -37   33  -11    2    0 
  1860:    0    0    0    0    0    0    0    3    0    0 
  1870:    0    0    0    0    0    1    0    0    0    1 
  1880:   -8   54  -73   68   65  128   12  -16  -31   19 
  1890:   10   63 -139   56  -33   64   39   -5  -31  110 
  1900:   34  -66  -36   86   12   19   72   -6   26  -15 
  1910:    2    0    0    0    0    0    0    0    0    4 
  1920:    0    0    0    0    0    0    0    0    0    0 
  1930:    0   -4   42  -57  -28 -165   48   11  134   -3 
  1940:    1  -32   50  -37  -53  109  -19 -108   98  122 
  1950:   -7  -70   23   -1   77  -84  -37 -116   45  -26 
  1960:  -54   -9    2    0    0    0    0    0    0    0 
  1970:    1    1    0    0    0    0    0    0    0    0 
  1980:    0    0    0    3   34 -108   19  106  160   87 
  1990:  -37  -35   24   34  -12 -101   17   44  110  -22 
  2000:   33   49  -67  -51    8  -29  -57  -67    8  -29 
  2010:   42  102  201   30   -6    0    0    0    0    0 
  2020:    0    0    0    3    0    0    0    0    0    0 
  2030:    0    0    0    0    1  -18   58   81   43  153 
  2040:   60  -70 -156   26  110 -123   59  -25   43  -40 
  2050:  -68  162   84   11  -36   18   22    3  -18  109 
  2060:    2  -34  166  -11  -33   14   -1    0    0    0 
  2070:    0    0    0    0    2    0    0    0    0    0 
  2080:    0    0    0    0    0    0    0   -2  -22  -59 
  2090:   44  135   16   41   72   52    8  -41    6   12 
  2100:  133   58   53  165 -113  -78   75   19  -32  -77 
  2110:  -72  148   45  -39   22   67  115  -15    1    0 
  2120:    0    0    0    0    0    1   -5   -6    1    0 
  2130:    0    0    0    0    0    0    0    0    1  -30 
  2140:   64  139   24  -30   91  -28  100  -38  -31  -32 
  2150:    8  -32 -131   49  -53   18   52   22  114   67 
  2160: -145   70  -46  -46  -18   82    0  -48   88   -7 
  2170:   -3    0    0    0    0    0    0    0    4    1 
  2180:    0    0    0    0    0    0    0   -1    0    1 
  2190:   -5  -31   69  103    7   95  -33  -85   50  -43 
  2200:  -47  -34   69   63  114   60    8   -6  -37 -122 
  2210:   17  -30    8  -78   83    3   34  122   22   17 
  2220:   37  -70   -1    1    0    0    0    0   -1    0 
  2230:    2   -2   -1    0    1    1    1    3   -1    8 
  2240:   -1   -2   -8   43 -101 -168 -157  -56   16   13 
  2250:  -78   -4   39 -115  104   79   43  -47  -87   32 
  2260:   82   60 -114   28 -100  -52   50  172  -68   67 
  2270:  153   42   40  -71   31   -2    0    0    0    0 
  2280:    0    0    0    8   -6    0    0   -1  -35    5 
  2290:   15   12  -53  -15   59   91 -119 -116  -62  -72 
  2300:   70  -13    1   30   -8   42  -29  -14   47  -16 
  2310:   58  -86   -1  -51  -55  -18   18   22  -44    5 
  2320:  -68  -52  -15  -93  -49   91   85   -8    0    0 
  2330:    0    0    0    0   -1   -5   62   25   -1    0 
  2340:   84   22   15   32  -26   -6 -134  -37   71  164 
  2350:   -2  -53   -9  160   81   -3   83  162  -13   48 
  2360:   43   71  -16    3   23  -23  -15   47   68   -4 
  2370:   20   -4   16   55   27   47    3   18  -25    1 
  2380:    0    0   -1    0    1    0    0   -7   33  -30 
  2390:   39   35   81   29   66  -66   56   68   75   45 
  2400:    7   47    7   -8  -59 -120  -16  -11   12  -40 
  2410:  -25  -28  -38   -7   -1    0   11   50    0  -24 
  2420:   -8  -29  -29   17   17   -1   -4   14  -22  -57 
  2430:    7   19  -30  -49   20   -3  -10    5   -5  -49 
  2440:   87   45  -14   27 -146  -95  -24   42   48   25 
  2450:  -24  -77  115   71  -98   53  145   92    4   59 
  2460:  -25  -89  -76  -18   21    5    0   -4    6    5 
  2470:   24   -8    0  -15  -12   -4    1  -19  -12  -11 
  2480:  -28  -13   -2   10   -5   19    1    4    2    2 
  2490:    3   23  -48   23  -69  -71 
