     0:    0    0    0    0    0    0    0   -2   12  -80 
    10:   76 -114   98  -67  -40    3    9   11   -7    3 
    20:   -1    0    0    0    0    0    0    0    0    0 
    30:    2    4  -17   58   -2    0    0    0    0    0 
    40:    0    0    0    1  -16   84 -119  121  -53   57 
    50: -106   39  -39  -87    4   45  -37   17    0    0 
    60:    0    0    0    0   -1    0   -3  -11  -11    4 
    70:   -4    0    0    0    0    0    0    0    0    0 
    80:   15  -24   29  -18   15   79 -102   88 -134  143 
    90:  159   14  217  101 -100    3   -4    3   -1    0 
   100:   -4    7   -7   29 -106   26  -17    1    0    0 
   110:    0    0    0    0    0   -1    0   45  -11    6 
   120:   -8   -4    8   49   19   44  106 -268 -222 -271 
   130:  120    3  -39   50  -67   53   26   43  -13   15 
   140:   24  -15   36   12   -4    1    0    0    0    0 
   150:    0   -1   -2   33  -35   13  -24   -9    6  -19 
   160:  -14  -42   22 -164   90  246  137 -237  141 -150 
   170:   55  -37    6  -27   15  -45   14  -33    1  -49 
   180:    4   11   -1    0    0    0    0    0   11   11 
   190:   -3   -9  -22  -42    1    3    6    5   27  -18 
   200:   16  214 -159   97  147  -79  -31   42   16   16 
   210:  -18   -6  -37   -9   -4  -22  -21   20   25   -3 
   220:    0    0    0   -1    0   16  -28  -15    5  -53 
   230:  -18  -44  -25   12   21   -2  -28   72 -196 -177 
   240: -274   75  -66  -11   35    7    5  -14   -6  -32 
   250:    1    0  -15  -39    1   15  -12    2    0    0 
   260:    0    1    9   22   11    9  -23   16  -25  -38 
   270:   11    6    8  -16  -45   17  164  101  -21   19 
   280:  -16   26   16   -3  -23   -1    1   -6   -8  -37 
   290:   16   14   32  -35    6    0    0    1   -1   12 
   300:   29   11   29  -10   40   36  -15   38  -35  -12 
   310:   50   -6   62  -42  -26  -15   31  -14  -12    0 
   320:   -4   20   -2  -19   -9    3  -31   28   -6   33 
   330:   10   -3    1    2   -2   12  -14  -37    2    8 
   340:  -41  -79   -9  -14  -45  -24   10  -10   15    4 
   350:  -56   10   20  -10   -9    5   -9   13   12  -16 
   360:  -20   45   -2   22   18  -12   11   43  -16    4 
   370:   -1    7   -8    1  -29  -39    5  -13    2    8 
   380:   -3   14  -14   10   -5    5   68  -86   -3    7 
   390:  -25   -1   21  -13    7   10   -1  -14   45    3 
   400:   11   15   20    9   21  -10    2    1   -5   18 
   410:  -24   21   -9  -26    3  -21    0    1   -9   19 
   420:  -17    5   -5   -4   42   19    3  -14   -8   14 
   430:   -2   -9    2   13   -9   33   10   37   -5  -10 
   440:   -2   36   18   -1    0  -14   -3   -6   12  -14 
   450:   -8  -11   -4    5   16  -16    9   -9   16   -6 
   460:   11    3   15   32   17   -7   -6   18   13   13 
   470:   23  -23   25   -1  -20  -11   13  -19   21   14 
   480:   -2   -4  -19  -73    2   -7   -8  -30  -16   -7 
   490:  -13    2  -15  -17    5  -10   17  -14   19   18 
   500:    2   14  -27  -13  -10   33    6   10   11  -25 
   510:   38   -2   14  -16   -1   -1  -39   -1   -3  -14 
   520:  -29    8   -3  -16    0   16   -9   19   19   17 
   530:   11    2    9   -8   -6   19    7   15  -12   21 
   540:   21  -40   38    8   18   21  -11   14    0  -14 
   550:   -2    6  -35   38    6   -4   -3  -17    9    3 
   560:    0  -44    5   11  -18  -11    3  -16  -26   25 
   570:   14  -12   -9   -9  -12  -11  -11   18  -31   29 
   580:  -38   17   -2   31  -42    0   -3   24  -33   -5 
   590:   86   -3   -5  -31  -34  -16  -27  -10   -4    0 
   600:  -15  -19   -6  -28   -5  -30    3   -8    3  -16 
   610:   -7    0  -30    0   15  -25  -27   23  -18    6 
   620:   -9    8   25   -6    6  -30  -77   65  -31   20 
   630:  -47   21    6   12  -16   -1    9   -9   11   -8 
   640:   -4    7   -2   -3   12   14  -14   12   16  -28 
   650:   36   20    2   26   -4   -1   34   -2  -20   17 
   660:   -9  -18   25  -25   76  -16   12  -43   -2  -12 
   670:    7  -15   -7    8  -10  -30  -12  -14  -11   -9 
   680:    4  -17    2  -37   -5   11  -90    6    0  -67 
   690:  147 -163   56   24  -68   17  -42  -25   20   22 
   700:  -22   62  -18    5   26  -13    8   10    0   -9 
   710:  -14  -19  -27  -32   -2   11  -17  -12  -18  -13 
   720:   18  -17   -4  -12   12  -50  -35   75 -155  124 
   730:  -74  -36   16  -41  -10   28  -56   51   -2   11 
   740:   -7   55    4    3   29   14    6   34  -26   36 
   750:    3   15   16   13    4   14  -24   29  -36   -7 
   760:   24  -43  -46  128 -142  105   41   84  -46   -7 
   770:   20   35    0   15  133  -43   10   -9   41    1 
   780:   -3   25  -14  -30  -15  -85   39  -21    0   -3 
   790:    0   43   49   -8  -21   37  -45   -1  -94   71 
   800:  -97   20 -153 -168  204  156  -96   16   15  -68 
   810: -120  -60   87   -9   -1  -17  -37   -9  -31    2 
   820:  -27   -9   73   36  -16  -40   13   -9   14  -22 
   830:  -10  -33  -22   76  -22   99   -5  140   98  -32 
   840: -249 -113  168  164  123 -110   57   72  -44   -8 
   850:   -1   10  -49    9 -117   94  -75   41 -201  -86 
   860:  -50   62  -99    4    1  -21  -22   25  -14  -16 
   870:  -43   47  -17  -91 -180  -96   74   87 -170 -110 
   880:   20  145  -90 -156  -72   23   -1    1   -8   45 
   890:  -60  143    1  -59  -65  160   76  -34  -47   76 
   900:  -14    5  -31  -12   30  -45   36  -70  -91  -23 
   910:  245  239  230  158 -107 -223 -241 -227   63  155 
   920:  -58   85   28    0    1   -7    1  -62   87 -146 
   930:   95   75  -78   -2   13  -17   39  -85  -30   37 
   940:  -68  -27   19 -112  136  291  229  150  109   53 
   950: -180 -253 -102 -111  -56   83  224  153 -133   10 
   960:   -5    1   -2    0   64  -79  117  142  -52   84 
   970:  -26   38   64  -59  115   57  -53  -40  -38    3 
   980:   96  164 -122  -82 -155   62 -136 -221  -26 -116 
   990:  -69   51   19   76 -114 -104  -17   -1    0    1 
  1000:   -3   -1  -21    0   48 -162   -5    2   85  -66 
  1010:   65  -84  -37   63  106   54   61  -55 -163   69 
  1020:  -97   27   30 -149   52  119  -47   25  -41   75 
  1030:  -31  -82  167   15    3    0    0    0   -1  -17 
  1040:   11 -121   68  -88    1 -168  -43  -79  -18   14 
  1050:  -83  -17  -37  -41 -100    2   70  -40   65    3 
  1060:   -4   79    8   38   11   50  -10   36   71   74 
  1070:    7    2    0    0    0    0    3  -11   -4   15 
  1080:  -47  -85 -141 -115  -58  -69 -145  -73  -56  -86 
  1090:   -4   11   -1  -73  -27    1  -34   22    4  -31 
  1100:   26   81  -26   -2  -40 -162 -131    0   -3    0 
  1110:    0    0    0    0    2    2    9   13  -43   -2 
  1120:  -10  -42   63  196  101  108  147   78  142  -47 
  1130:  111   17    7   46   77  -50   -1   70    0   24 
  1140:  -14  121  116   14    2    0    0    0    0    0 
  1150:   -1    3  -48   80  -28  -53   39   69  -44   84 
  1160:  134  -68  159  -69  110 -105   90   -4  -68   51 
  1170:   47   39  -12   18   30  -79  -34  -31 -104  103 
  1180:    8    2    0    0    0    0    0    0  -12  114 
  1190:   19  -22   88    6  -76   66 -117  135   60 -101 
  1200:   75 -192  121  -35  -32   49  -67  117  -75   85 
  1210:  -30  -38   -1  -17   30   20  -57    1   -1    0 
  1220:    0    2    1   -2   34  -49   29  -85  225  -79 
  1230: -188  139  -98   76   80 -175  176 -175  217 -153 
  1240:  -18   43  -59  -13 -114  -39  -70   54  -27   -3 
  1250:   36  -18  -45   -7   -1    0    0    0  -13  -13 
  1260:   11  -47    3  110   48   69 -191   95   88  -36 
  1270:    1 -153  223  -88  127  -11  -35  130 -130   56 
  1280:  -57   53   63  -85   47  -17   21    4    2    6 
  1290:    1    0    0    0    0  -19   24   -4  -55   81 
  1300:  -42   74  -57    3  113    4  112  -54   89  144 
  1310:  -89  112  -85  138  -90  111   29  103    3   72 
  1320:   69  -45   17   31   -6    1    0    0    0    0 
  1330:    0    0  -11   40  -26   41   12  -12   14   20 
  1340:   72   44    0   63  -15   59   10   35    5   36 
  1350:   16   21  -10   41   27   45   22   25   -5    4 
  1360:   -1    3    3    3    3    3    3    2    2 -117 
  1370: -126 -114 -160 -126 -117 -146 -139 -108 -108  -97 
  1380: -106  -75 -101  -87  -82  -80  -80  -78  -68  -60 
  1390:  -65  -67  -57  -54  -56  -37  -46  -45  -43  -46 
  1400:  -50  -48  -53  -43  -35  -32 
