     0:    1    1    0    1    0    1    0    0    0   -1 
    10:    2    0    1    1   -1    2    0    1    0    1 
    20:   -1    1    0    0    2    0   -1    1    0    2 
    30:    0   -1    1    1    0    1    0   -1   -1    1 
    40:    0   -1   -2   -5    1    0    1   -3    3   -1 
    50:    1    0    0    0    0    0    0    0    0    0 
    60:    0    0    0    0    0    0   -1    0    0    0 
    70:    0    0    0    0    0    0    0    0    0    0 
    80:    0    0    0    0    0    0    0    0    0    0 
    90:    0    0    0    0    0    4   -1    0    0    0 
   100:    0    0    0    0    0    0    0    0    0    0 
   110:    0    0    0    0    0    0    0    4    7   -1 
   120:    0    0    0    0    1   -1    1    0    0    0 
   130:    0    0    0    0    0    0    0    0    0    0 
   140:    0    0    0    0    0   -1   -1    0    0    0 
   150:    0   -2    0    0    0    0    0    0    0    0 
   160:    0    0    0    0    0    0   -1    6  -10   -3 
   170:   11   -3    3    1    3   -1   -5    9   -8    1 
   180:    0    1   -2    2    1    0    0    0    0    0 
   190:    0    0    0    0    0   -2    0    5   -3   -2 
   200:    1   -2    1    1    0    0    0    0    0    0 
   210:    0    0    1    0    0    0    0    0    0  -13 
   220:   -3   16   -8   21   -9   -1    9   29    2   10 
   230:   26  -21    6   -9   12  -21  -13   -1    0   -1 
   240:    1   -1   -3   -1   -2    1   -1    5    7   13 
   250:    1   -4  -11   10   -6   -4    0    0    0    0 
   260:    0    0    0    0    0    0    0    0    1   -6 
   270:   47  -49   11    9  -13  -14   10  -30   12   31 
   280:   14  -11   19   27  -30   -8   10   -2  -18   27 
   290:    8    9   -6   12   28   13   11   -6    2    9 
   300:   -2    2    2    2    7    2   -1   -4    1    0 
   310:    0    0    0    0    0    0    0    0    0    0 
   320:    0    6   15  -19  -16    2   10  -61   17  -15 
   330:  -25   -5   11  -17   -7    0   -3    8  -16  -10 
   340:   28  -25   -9  -15    6   -9   20   51  -24   -9 
   350:    4    4    1   -1    7   -1    3   -4   -8   -5 
   360:    0    0    0    0    1    0    0    0    0    0 
   370:    0    0    2  -12   10    4   19    5   25   28 
   380:  -11    4    7    6   -8   -5   -9    2  -11    8 
   390:   13   13  -13   -5   -4  -24   69  -17   -5   -4 
   400:   -2   37   21   -1    0    0   -2    1   -3    9 
   410:    1   -2    0    0    0    0   -1    0    0    0 
   420:    0    0    0    0   -9  -23   -8   16   51   22 
   430:   -3    8   -6  -12  -54  -14  -10  -23    6   -6 
   440:    8   26   -6   32   -3   23  -64   88  -19  -30 
   450:   10  -30   22   17   16   -8   -1    0   -1    2 
   460:    4   -1    0   -1    0    0    0    0    0    0 
   470:    0    0    0    0    0    0    0  -12   40  -12 
   480:   30    1   26   14    1   30  -21   -2   31  -30 
   490:   20   20  -28   26   57  -80   21  -24  110    7 
   500: -115   -8   13    8   -4  -16   30   -8   -6    1 
   510:    3    0    1    0    0   -1    0    0    0    0 
   520:    0    0    0    0    0    0    0    2   -3   17 
   530:  -18   -9    3  -13   14  -16    3  -34    0  -22 
   540:  -29  -42  -26   -9   12  -16  -92   32   43  -14 
   550:   77 -105 -109  -14  -16   37   -1    0   21   -8 
   560:   15   -5    2    0    0    0    0    2    0    0 
   570:    0    0    0    0    0    0    0    0    0   -5 
   580:   -6    7   24  -15   30  -19   19  -32   19  -55 
   590:   20  -36  -55   21  -17  -28   35  -49  -99   55 
   600:   14    2   53  -52  -62    7  -14   39   -8  -35 
   610:   27    4    1    0   -1    0    0    0    0   -2 
   620:    0    0    0    0    0    0    0    0    0    0 
   630:    0   -1    5   26   10    4   -4   -3  -39   -7 
   640:   42  -26  -24    3  -26   33   18   -2   22   11 
   650:   17   28   33   12    9    0  -27  -18  -25   49 
   660:  -19   39  -11   17   -2    0    0    0    0    0 
   670:    0   -1    0    0    0    0    0    0    0    0 
   680:    0    0   -1    7   -5   16    3   -8  -19  -10 
   690:  -38   11   -5   -7    6    7    5  -30  -15  -21 
   700:   -2    1    7  -18   11   10   -7    9    9   -9 
   710:  -24   -7   37  -17   25   -1    0    0    0    0 
   720:    0    0    0    2    0    0    0    0    0    0 
   730:    0    0    0    0    2  -14   -9   28  -30  -30 
   740:   18   12    1   45  -27   12  -15  -26   28   -4 
   750:   18   33   11   -6   36   -6   -2  -13   -1  -26 
   760:   -5  -27    6  -25  -17   -4   -3    9    0    1 
   770:    0    0    0    0    0   -1    0   -1   -1    0 
   780:    0    0    0    0    0    0    0    4   33  -22 
   790:  -22    8   -1   41   29   -8  -49    0  -10   11 
   800:   12   -7   -8   -5   19   -3   26  -20  -12  -19 
   810:   17    0    5  -16   -7   -6  -20    8   -4   46 
   820:    4    1    0    0    0    0    0    0    0   -1 
   830:   -1    0    0    0    0    0    0    0    0    0 
   840:   26  -52    1   11    4    3  -25   -9  -19   42 
   850:   19   23  -17   20  -34  -14   32    4  -27  -14 
   860:   -7    7  -11  -30   17   51   12    4   25  -53 
   870:   11   38    1    1    0    0    0    0    0    1 
   880:    0    0    0    0    0    0    0    0    0    0 
   890:    0    2   -6  -14    1  -16   -8  -18  -10   48 
   900:   50   27  -56  -57  -33   26  -33  -26  -13  -23 
   910:  -47    4   36   15   -6  -12    7  -20   -4  -12 
   920:   32  -17   37   12   -1    0    0    0    0    0 
   930:    0   -1    0    0    0    0    0    0    0    0 
   940:    0    0   -1    3  -31  -17  -23  -19   -6    7 
   950:    7  -43  -69  -25   23  -34   14  -29   32   16 
   960:  -17  -12    3  -30    8    5    0  -17   18  -11 
   970:  -10  -14   21   -4   34   -5    3    0    0    0 
   980:    0    0    0    0    0    0    0    0    0    0 
   990:    0    0    0    0    0    1    0   15   17  -17 
  1000:  -30   -9   26   -2    6   -1   27  -26   -3  -10 
  1010:  -27  -12  -10   49   -6   -8  -17  -27   48   10 
  1020:  -17   20  -14  -14   13  -28    5   -2    5    0 
  1030:    0    0    0    0    0    0    0    0    0    0 
  1040:    0    0    0    0    0    0    0    0   -5    4 
  1050:   28    3   -2   22   -7  -14   14   14  -22    6 
  1060:   -4  -30    1  -14    0   10   22  -29   29  -66 
  1070:   82   75   -1   39  -26   20   15  -24   18   -3 
  1080:    6    0    0    0    0    0    0    1    0    0 
  1090:    0    0    0    0    0    0    0    0    0   -2 
  1100:   16   -1   36  -41    0    7   -4   15  -11   38 
  1110:   -4  -11   20  -18  -18   27    0    5   12  -11 
  1120:  -17  -34   36   47   14   24  -18   17  -44   24 
  1130:  -22   31   -3    1    0    0    0    0    0   -1 
  1140:    0    0    0    0    0    0    0    0    0    0 
  1150:    0   -1    8   15   25  -32  -32  -20   26  -11 
  1160:   -2  -19  -20  -10   -4  -31    8   17  -17   23 
  1170:   -8   12  -19   25  -17    2   23    5  -11   15 
  1180:   -9   23    5   -7    0    0    0    0    0    0 
  1190:    0   -1    0    0    0    0    0    0    0    0 
  1200:    0    0    0    0   -6    0  -26  -30  -23  -32 
  1210:   19   -2  -12   -2    2  -13  -21  -31    4    2 
  1220:   -1  -11   -4    5  -14   23  -25    1    5    1 
  1230:   -1    0  -20    1    1   13   -2    0    0    0 
  1240:    0    0    0    0    0    0    0    0    0    0 
  1250:    0    0    0    0    0    0    4   11   19    4 
  1260:  -25   28   21   16    2    9   -5    8  -11    3 
  1270:    0    0   -9    8   -6   19  -11  -21   10  -13 
  1280:   -3   -9  -27    6    1   21  -18   21   -3    0 
  1290:    0    0    0    0    0    0   -1    0    0    0 
  1300:    0    0    0    0    0    0    0    0    2    8 
  1310:   -2   23  -24   51   25  -29    2    3  -15   -4 
  1320:  -16  -26   13    3  -13   11  -16    6   12  -10 
  1330:   15  -13   10   14    5   -3    8   23   -8    0 
  1340:    0    0    0    0    0    0    0    0    0    0 
  1350:    0    0    0    0    0    0    0    0    0    0 
  1360:   -1    4   36   -4  -26  -25   24   -6    0    8 
  1370:  -13   15   -9   32    3  -36   11  -21    9    7 
  1380:    8   -3  -17    6    2   28   -4  -19    1  -15 
  1390:  -28   -8    0    0    0    0    0    0    0    1 
  1400:    0    0    0    0    0    0    0    0    0    0 
  1410:    0    1   -2   21   29  -40   -6    2   10   12 
  1420:    8   -4  -18   32  -21   32  -17   -1    1    4 
  1430:   37    0  -35  -13   -6   20    8   23   -5  -22 
  1440:   -7  -37   -3    2    0    0    0    0    0    0 
  1450:    0    1    0    0    0    0    0    0    0    0 
  1460:    0    0    0    0    2    2   62    0    5   -5 
  1470:   35  -14   18    7  -16   12   -9   -6    7   10 
  1480:   -1    0   11    4  -18   -9  -18   -9  -20    9 
  1490:    9   27  -17   -8    5   -1    0    0    0    0 
  1500:    0    0    0    0    0    0    0    0    0    0 
  1510:    0    0    0    0    0    0   -2    9  -28   40 
  1520:  -42  -10    0    4   -4   14    4   15  -15    9 
  1530:    0    3   -4   -3   -5   -3    0   -5    3   19 
  1540:   -1    2   12   19    2    6    4    0    0    0 
  1550:    0    0    0    0    0    1    0    0    0    0 
  1560:    0    0    0    0    0    0    0    0    0    6 
  1570:   -6   -7    2    6  -28  -16   32   14   19   25 
  1580:  -11   -1   -2    0    1  -11  -11  -26  -17  -22 
  1590:   11   -4   -2   -4   -4   -1   -1    0   -2    0 
  1600:    0   -2    0    0    0    0    0   -2    0    0 
  1610:    0    0    0    0    0    0    0    0    0    0 
  1620:    1   -4    1  -23   43   -6  -42    1   17   -2 
  1630:    3   17  -58   13  -18    4    1  -32   -3   -8 
  1640:   40  -23    5   -2    7  -14   -2    3  -11    9 
  1650:    0    0    0    0    1    0    0    0    0   -1 
  1660:    0    0    0    0    0    0    0    0    0    0 
  1670:    0    0    0    5   28   11  -39   52  -38   -5 
  1680:  -15   -2    2    5   22  -41  -27   17   15   38 
  1690:   23   -1    6   14   12  -18    3   32   28   27 
  1700:   19   -4    1    0    0    0    0    0    0    0 
  1710:    0    0    0    0    0    0    0    0    0    0 
  1720:    0    0    0    0   -2   12    3   22  -56    6 
  1730:  -16  -12   21   42    0    9   -8   24    8    3 
  1740:   27    7  -32  -17   -7   -6  -10  -17   22   -4 
  1750:   70  -15   29   -1    0    0    0    0    0    0 
  1760:    0    0    0   -1    0    0    0    0    0    0 
  1770:    0    0    1    0    0    0    2  -16   15  -29 
  1780:  -25  -36   -4  -17   17  -26    8    2    4   63 
  1790:   -1  -12    2   22   -4  -11   17   -4   -2   16 
  1800:   12  -55   28  -12    9    1    0    0    0    0 
  1810:    0    0    0    0    0    0    0    0    0    0 
  1820:    0    0    0    0    1    0    0    0    2  -20 
  1830:  -14  -30  -17   16   -1   17    1   23  -17    0 
  1840:  -10    6  -23   40  -30  -16   30   19  -27   23 
  1850:   -4  -10    4    6   15   -1  -14    8   -1    0 
  1860:    0    0    0    0    0    0    0    0    0    0 
  1870:    0    0    0    0    0    0    0    0    0    0 
  1880:   -1    9   10  -18  -71    4    2   13   28    7 
  1890:  -18   -9   23  -12   -2   23    4   -3   10   15 
  1900:    4   17  -21   -1  -40   -2  -14  -13    2    1 
  1910:    0    0    0    0    0    0    0    0    0   -1 
  1920:    0    0    0    0    0    0    0    0    0    0 
  1930:    0    1   -3   40   -5   -2   21   10    3   -8 
  1940:    1  -20   27   -7   -6  -29    6  -11  -25  -20 
  1950:  -33  -30  -18   -4   27  -23   13   -5   16   -3 
  1960:  -12   -5    0    0    0    0    0    0    0    0 
  1970:    0    0    0    0    0    0    0    0    0    0 
  1980:    0    0    0    0    8   33  -18   12    5   11 
  1990:  -40  -14   27  -10  -22    7  -20   -3   11    7 
  2000:   12   34   15   20   18   -2   39  -14    0  -41 
  2010:   23   37   -1    6   -1    0    0    0    0    0 
  2020:    0    0    0    1    0    0    0    0    0    0 
  2030:    0    0    0    0    0    0   -4  -24  -23  -26 
  2040:   -3    7  -22   -2   -2   14   29  -50   48  -12 
  2050:  -36  -34   -2   -8  -14    1  -15    8   -4   -1 
  2060:    2   19   23   -7    0    8   -1    0    0    0 
  2070:    0    0    0    0    0    1    0    0    0    0 
  2080:    0    0    0    0    0    0   -1    1  -20   -8 
  2090:  -17   12    1    9   17  -18   22    6   36  -16 
  2100:   31  -15  -23   21   29    9    3  -52  -30    0 
  2110:  -12  -18  -14   37    9   14   -1    6   -1    0 
  2120:    0    0    0    0    0    0    0    2    0    0 
  2130:    0    0    0    0    0    0    0    0   -1    5 
  2140:  -20    8   14    9  -16  -21    0    0   21    5 
  2150:    5    2   21   34   11   -1   26    1    3   28 
  2160:   -9  -10   24   46    0  -16  -18  -33    4    4 
  2170:    0    0    0    0    0    0    0    0    0   -1 
  2180:    0    0    0    0    0    0    0    0    0    0 
  2190:    0  -14   -4    6   10  -18   -5   18   -6  -14 
  2200:   18  -16   45    4    7   18   43  -15   28   15 
  2210:   56  -33    6   21   36   18  -15  -25  -30    1 
  2220:   11  -24    6   -1    0    0    0    0    0    0 
  2230:    0    1    0    0    0    0    2   -2    0    1 
  2240:    4   -5    8  -24   17   39    7  -14   15    1 
  2250:   22    1   26   21   -7   -3   22   20  -34   23 
  2260:  -11   28   -6  -18  -22   -1   12   -6  -26  -34 
  2270:  -25   33   10    2    2   -1    0    0    0    0 
  2280:    0    0    0   -2    0    0    0    0   -5   -2 
  2290:    1    2    6    8    0  -21    3   12  -18   36 
  2300:   -7   28    4   14  -19   26   14   14  -35  -26 
  2310:  -20   10   10  -11   -2    2    1    2  -19    0 
  2320:   19  -12  -10  -10   -4   -6   15    0    0   -1 
  2330:    0    0    0    0    0   -1    0   -4   -8    7 
  2340:   -6    2    2   13    6    1  -14    8   -6    4 
  2350:  -35   21   20  -13    7  -26   -5   11  -12   20 
  2360:    8    7   16    2   11   -1    4    5    2    0 
  2370:    3    1    1   -1   -2   -8    1    3   -3    3 
  2380:    1    7   -1   -1    0   -2   -1    2    6   13 
  2390:   13   -4   16    0   -4    6    1  -18  -12    0 
  2400:   23    5    2    6    2   -6    7   -1    5    8 
  2410:    2    0   -1    0    1    0   -1   -1   -7    7 
  2420:  -10    2  -12    2   -1    2    7    5    1    5 
  2430:    5   -1   -5    6    5   -1   -1   -3    0   -2 
  2440:    1   -3   10    0   14   10  -19   16  -16   -3 
  2450:    3    2    2    4  -11    1   -3    7    4    3 
  2460:   15   -2    0   -3   10    0    2    2    2   -1 
  2470:    0    0   -1    2   10   -7   -8    2    1   -2 
  2480:    3   -5    3    3   -9    1    2   -1    2    1 
  2490:   -1    1   -1   -5   -1    4 
