     0:  576  575  579  544  586  401  420  455  613  616 
    10:  547  554  556  559  541  570  380  312  623  576 
    20:  576  559  553  201  -11  -40 -124  184  201  517 
    30:  605  597  589  617  490  585  598  572  576  559 
    40:  570   30 -131 -179  -70 -141  -79  -95  -61  174 
    50:  210  268  143   58  265  578  561  560  572  195 
    60: -371 -262 -214 -188 -125 -142 -120  -17  -36   48 
    70:  -44   88   31  -27  513  549  538  489 -326 -409 
    80: -192 -306 -253 -222 -211 -128  -53   83   57   -7 
    90:  -83 -122 -129  365  575  614  135 -477 -280 -339 
   100: -357 -378 -266 -256 -236 -115   36   87 -130 -280 
   110: -158 -366   87  623  614 -202 -477 -427 -336 -428 
   120: -456 -401 -293 -224 -124   -5   43   -5 -300 -313 
   130: -231  -11  576  642 -220 -366 -376 -343 -353 -405 
   140: -377 -297 -146  -65  -68  -41 -181 -282 -245 -352 
   150:  -88  497  470 -415 -412 -368 -338 -422 -363 -339 
   160: -313 -194 -120 -171  -83  -88 -298 -268 -301 -226 
   170:  419  472 -577 -390 -377 -387 -321 -293 -334 -241 
   180: -119  -73 -126 -118 -121 -200 -440 -410 -227  354 
   190:  412 -615 -494 -441 -324 -301 -283 -321 -281 -163 
   200: -125 -169 -130 -197 -203 -357 -404 -212  430  460 
   210: -581 -542 -409 -399 -344 -304 -210 -246 -187 -169 
   220: -186 -194 -252 -275 -396 -399   -1  561  601 -326 
   230: -519 -516 -322 -251 -327 -267 -293 -291 -306 -245 
   240: -259 -278 -250 -354 -402  262  594  615  -21 -470 
   250: -507 -295 -332 -376 -241 -245 -378 -284 -158 -145 
   260: -111 -187 -400 -165  417  557  560  489  -22 -357 
   270: -442 -308 -391 -390 -215 -228  -99  184  226  167 
   280:  154  218  164  458  573  578  566  578  408  -20 
   290: -252 -133 -236 -169   24  282  519  422  287  212 
   300:  101  164  548  556  571  555  546  192  -59 -254 
   310: -255 -321 -373 -218   63  389  103   79  242  253 
   320:  348  584  567  563  586   56  -62 -177 -214 -295 
   330: -304 -247 -123  104  198   58  135  414  547  559 
   340:  576  576  365  246  -44  -14  100  106   79   49 
   350:   74  107  241  270  192  374  573  561  566  573 
   360:  573 
