     0:    0    0    0    0    0    0    0    0   -1    1 
    10:    0    0    1    0    0    0    0    0    0    0 
    20:    0    0    0    0    0    0    0    0    0    0 
    30:    0    0    2   -1    1    0    0    0    0    0 
    40:    0    0    0    0    0   -1    1    7   -4    0 
    50:   -4    3   -1    0    0    0    0    0    0    0 
    60:    0    0    0    0    0    0    0    0    0    0 
    70:    0    0    0    0    0    0    0    0    0    0 
    80:    0   -3    0   -1   -4    2    1    1    0   -4 
    90:    4   -1    0    1    1    0    0    0    0    0 
   100:    0    0    0    1    1    0    0    0    0    0 
   110:    0    0    0    0    0    0    0    0   -2    0 
   120:    1    3    0    1   -1    1   -5    0   -2    0 
   130:    0   -2    0    0    0    0    0    0    2   -1 
   140:   -2    0   -1   -3    0    0    0    0    0    0 
   150:    0    0   -1    3   -1    0    1    2    0   -2 
   160:   -2    0    0   -3    1    1    2    0    1    1 
   170:    2    2   -2   -1    3    1   -6    1   -3   -1 
   180:    3   -1    0    0    0    0    0    0    0    2 
   190:    0    2    0   -3   -1    1    2    1    1    0 
   200:   -1   -2    0    0    3    0    0   -3    2   -2 
   210:    3    2   -2    4   -2    7   -2   -1    1    0 
   220:    0    0    0    0    0    0   -3   -1    3    1 
   230:    4   -5    1    2    2   -1    1   -3    2    0 
   240:   -1   -2    0   -1    2   -2   -2   -1    1   -1 
   250:    2    0   -1   -8    3   -2    1    0    0    0 
   260:    0    1   -2    3   -1   -3   -2    5    2    3 
   270:   -1    2   -1    2   -3    0   -1    2   -2    0 
   280:   -5   -1    0   -4    0   -2   -2    0    1    1 
   290:   -3    5   -1    2    0    0    0    0    1   -6 
   300:    4    1   10    4    4   -7    3   -3    1    2 
   310:   -3    0    0   -2    4   -1    1    0    0    2 
   320:   -1   -3    0   -3   -1   -1    0    0    3   -2 
   330:   -1    0    0    0    0   -1    4    8   -5    1 
   340:   -2   -5    7    4   -3    0   -2    3   -1    4 
   350:   -3    0    1    4    0   -2   -3   -1   -1   -1 
   360:    1   -4    5   -2    2    2    0   -6    0    0 
   370:   -1    0   -6   -2    2    3    4   -4    9   -4 
   380:    6    3    0    1    1    0    1   -2   -3   -2 
   390:    1   -2    2    1   -1   -2    6    0    1   -2 
   400:    5   -6    2    4    2    0    0    0    0    1 
   410:    3   -2    3   -2   -2    3    4   -3    1    3 
   420:   -2    2   -5   -1    1   -3    2    3    1    1 
   430:   -1    2    0   -3    1    1   -4    2    1   -7 
   440:   -2    1   -2    0    0    2   -1   -2   -1    7 
   450:    4    0    5   -1    8   -8   -1   -1    4    2 
   460:   -4   -1    7   -9   -1    1    3    1    2   -2 
   470:    2   -3   -3    0    1    0   -6    3   -1    0 
   480:    0    0   -2    0    2   -2    3    1    1    0 
   490:    4    2   -1    0    0   -4   -7    2   -1   -7 
   500:   -3   -4    1    1   -5    2    2    3    3    1 
   510:   -4    6   -1   -1    0   -1    0    0    0    0 
   520:   -2    2   -2   -6   -3    0   -1   -1    2   -6 
   530:    6   -1    6    6    1   -3    1   -4   -5    1 
   540:   -2    3   -4   -2    7    0    1   -3    0   -1 
   550:    2    0   -2    0    0    2    1    7   -6   -6 
   560:    4   -2    2    0    0   -2    0    0   -5    2 
   570:   -3    0    1    8   -1    4    1    2   -1   -2 
   580:    4   -1    4    1    1    2   -9    0    2    5 
   590:    0    0    0   -2   -1    5    7   -3   -2    0 
   600:   -1    5    1    3    3    4    0   -4    0    1 
   610:    0    4   -1    0   -1    2   -2    1    0    1 
   620:   -5   -2   -1    0    2    0    4    3   -1    3 
   630:   -6   11   -1    7    0    2    3    4   -3   -2 
   640:   -1   -6   -6    0   -1   -1    0    1    1   -3 
   650:    1   -3    6   -3   -5   -4   -2    5   -3    7 
   660:   -7   -1    0    1    4    0    0   -3    3   -3 
   670:    3    0   -2    3    2    1    3    2   -1    2 
   680:    0    4    1    2    1   -2    3   -4    0    2 
   690:    4    0   -1    4    1   -4   -4    2   -2    5 
   700:   -3    6   -2    1    0    3    5    3   -5    0 
   710:   -1    5   -3    2   -7    0   -4   -3   -3    1 
   720:    2   -2    4   -1   -1    5   -5    2   -1   -1 
   730:   -1   -2    0   -1    1    0   -1    0   -1    1 
   740:    2   -5    5   -4    2    0    3    4    0    4 
   750:   -1    2    0    1    1    0    2   -4    6   -6 
   760:    0   -1   -3   -1   -1    2    1    1    3    0 
   770:    5   -3    4   -3    4   -1    0    0   -1    0 
   780:   -2    3    0    5   -3   -1    0   -2    3    1 
   790:   -5    4   -5    2   -2    0    0   -1   -2    0 
   800:    0   -2   -2   -4   -2    0   -1    0   -2    2 
   810:    2   -3   -1    0    0    0    1   -3    3   -1 
   820:    0   -2   -2    0    0   -3    4   -2    0   -2 
   830:    0    1   -1    2    5   -6    1    1   -4    2 
   840:   -1    4    2   -4    0    1    1   -1    7    2 
   850:    0   -1    0   -2    0    1    1   -2   -4    2 
   860:   -2    1    1   -5    1    2    2    2    0    0 
   870:    0   -2    3    3    2    0   -1    2    0   -3 
   880:    3    0    1   -1    1   -6    0    0    0    0 
   890:    0    3   -6    0   -2    4    1    5   -3    0 
   900:    3   -4    0    2   -5    4   -2    2    1    2 
   910:   -4    0   -1    0   -1    2    5    0   -3    1 
   920:    1   -3   10   -1    0    0   -1   -1   -1    5 
   930:   -3    0   -4    4    6   -2    3   -1    6    1 
   940:    4    1   -3    4    1    0    5   -1   -3    0 
   950:   -2    2   -2    1    2   -1   -4    2   -1    1 
   960:   -1    0    0    2    6   -1    1   -2    0    3 
   970:    5   -1    0    2   -5   -2    1   -1   -3    0 
   980:    2    0    2    0   -7    5    2   -4    3   -5 
   990:   -1   -3    2   -7    3   -5    1    0    0    0 
  1000:    0    0    0    2    1   -1    3    2   -6    6 
  1010:    0    2    4   -2    2    3    1   -7    1    2 
  1020:    1    2   -8    0   -1   -1    1    1   -1    3 
  1030:   -2    1   -2    1    0    0    0    0    0    1 
  1040:   -3    2   -2   -2    0    1   -4    5    0    0 
  1050:    0   -5    2    0    2    0   -8    6   -6    7 
  1060:    1   -1   -7    0   -2   -1   -3    6    3    1 
  1070:   -1    0    0    0    0    0    0    2    0    4 
  1080:    3    1   -5   10   -5   -5   -2    1    2   -1 
  1090:    6   -1    0    1    0    1   -1    0    0    2 
  1100:   -4    0    3    1    0    0    3    0    0    0 
  1110:    0    0    0    0    0    0    2   -5   -9    6 
  1120:   -1   -5   -7   -7    5    2    0   -6   -2   -1 
  1130:    5   -1    0    3    1    1    1    3   -2    0 
  1140:   -8    5   -4    5    0    0    0    0    0    0 
  1150:    0    0    0    2    5    6    1   -2    8    1 
  1160:   -3    2   -1    4   -4    1   -5   -1   -2   -2 
  1170:    0    3    0    1   -2    3   -5    4   -3    2 
  1180:    0    0    0    0    0    0    0    0    0    1 
  1190:   -2    6   -2   -7   -2   -2   -1    2   -1   -1 
  1200:   -3   -1   -3    7   -1    0   -1   -1   -2    0 
  1210:    0   -4   -1   -3   -3    5   -2    0    0    0 
  1220:    0    0    0    0    0    0    0   -1   -2    3 
  1230:    8   -1    3   -1    3   -4   -1   -1    1    2 
  1240:   -1    1    0    0    4   -2    1    1   -3    6 
  1250:   -2    6   -4    2    0    0    0    0    0    0 
  1260:    1   -1    4    2   -2    1   -1   -6   -3    1 
  1270:    2    1    0   -2   -4    2   -2    4   -4   -1 
  1280:    0    0   -1    2    2   -6   -1    0   -1    2 
  1290:    0    0    0    0    0    0    0   -2   -1    1 
  1300:    4   -3    2    2    2    3   -6   -2    2   -1 
  1310:    3    1   -2   -3    5    2    5    3   -2    3 
  1320:   -6    2    0    1    0    0    0    0    0    0 
  1330:    0    0   -2    0    0    2    3   -3    0    1 
  1340:   -2    2    1    4   -1    3   -1    0    2    4 
  1350:   -4   -2   -2    5   -2    1    0   -1    1    0 
  1360:    0    0    0    0    0    0    0    0    0    1 
  1370:    0   -1    0    2    0    1   -1    0    1    0 
  1380:    0    0    0    0    0    0    0    0    0    0 
  1390:    0    0   -1    0    0    0    0    0    0    0 
  1400:    0    0    0    0    0    0 
