     0:  -55  -58  -60  -61  -73  -65  -75  -77  -70  -66 
    10:  -63  -68  -79  -74  -80  -74  -81  -68  -70  -68 
    20:  -68  -75  -71  -73  -78  -66  -59  -69  -61  -59 
    30:  -56  -51  -50  -56  -45  -52  -55  -54  -50  -48 
    40:  -46  -43  -49  -22  -40  -40  -38  -31  -32  -33 
    50:  -35  -26    5    6    5    5    8    6    8   10 
    60:    8    8    8    8   11   10   13   10   13   16 
    70:   14   13   13   15   17   19   18   19   20   20 
    80:   23   24   23   26   24   26   25   27   26   26 
    90:   26   30   27   29   33    2   34   34   34   24 
   100:   26   33   33   34   -2   -2   -2   -2   -3   -3 
   110:   -3   -3   -3   -3   -3   -3   -3   -7   -7   -3 
   120:   -4   -4   -4   -3   -4   -3    3   -5   -5   -5 
   130:   -4   -5   -5   -5   -4   -5   -4   -5   -4   -5 
   140:   -5   -5   -5   -6   -6   -3   -7   -3   -6   -5 
   150:   -6   -4   -5   -5   -5   -5    0    0    0    0 
   160:    0    0    0    0    0    0   -1    1    1   17 
   170:   -3   -3   -1   -1    1    0    6   -7  -33    5 
   180:    0   -7    5   -4   -2    1    0   -1    0    0 
   190:   -1   -1    2   -1    1    0   19  -26    8  -19 
   200:    1    0   11  -17    4   -1    0    0    0    0 
   210:    0    0   -1    0    0    0    0    0    0   -2 
   220:  -12  -13   20    1    3    9  -18   -4  -91   16 
   230:  205    8   14   23  -24   17    8   -6    0   -4 
   240:    4    3    1    0   -7   -1   -1  -27   29    9 
   250:   12  -15   13   -1   -2   -7    6   -1    0    0 
   260:    0    0    0    0    0    0    0    0    0   -1 
   270:   12   11    5   -8   -9   -8  -27  -16    2  -26 
   280:   16 -248  199  221  100 -126   62  -84  -64   27 
   290:  -31   33  -17  -11   -1   10   10    0   -6   -9 
   300:    5   24   12   18  -26    6    5    6    3    0 
   310:    0    0    0    0    0    0    0    0    0    0 
   320:   -2    6  -33   35   22   98    0    2    8   18 
   330:   15   80   93  -80   -7 -112   31  106 -123  199 
   340:   24  -56  -36  -27   49   77   20   33  -46   -1 
   350:   10   -9   -6  -10    8  -24  -11   -9    1    5 
   360:   -5    1    0    0    1    0    0    0    0    0 
   370:    0    0    0  -10   16  -76   20   -2  -41    6 
   380:  -44   -2  -31  -29  -12  105 -227 -368   65  -80 
   390:   22 -103  -80  -30   10   46  -42  -20  -27  -44 
   400:  -25   16  -31    6   23    0    8    3   -6   11 
   410:   -7    8   -2    0    0    0    6    1    0    0 
   420:    0    0    0    0   -1   -1  -47   -8   73   25 
   430:   69   70   47   40   15    3   55  -10    3   49 
   440:  214   25   26  118    8   59   29   65   64   56 
   450:   38   31   17  -17   -9   -3   -5    6   -5    9 
   460:  -24  -54   12   -3   -4    1    0    0   -1    0 
   470:    0    0    0    0    0    0   -1   50   27    3 
   480:  -43   18   36   28    1   95    0    1  -11   33 
   490:   17    3 -275   87  -80   -3   29   25   14   10 
   500:    3  -21    5  -13    1  -14   53    8   19  -15 
   510:   14   23    4   30   -2    4    4    0    0    0 
   520:    0    0    0    0    0    0    0    0   12   -6 
   530:  -16   -6  -39  -10  -20  -29  -28   21  -15   37 
   540:   35  -21  -30   37  320   23  -16  -40   13   55 
   550:    9   36  -13   24   25   -1   25  -16  -60   -3 
   560:   -4   18   -6   -2   -4   -5    0    0   -3    0 
   570:    0    0    0    0    0    0    0    0    0    0 
   580:  -21  -25  -29   11   -1   13    6    5  -38   14 
   590:   -1  -54   -3   51  -51   35 -235  -16   18   -7 
   600:   -9  -12  -47   38  -25    4  -71   15  -19   20 
   610:   19   -1    6  -15   -7    1    0    0    0    1 
   620:    4    0    0    0    0    0    0    0    0    0 
   630:    1    0   16   37   38   54   -5  -14   28   39 
   640:   19    8  -42    7   10  -48   22   15   99    1 
   650:  -10  -30  -36   45   -4  -27    6  -14   37  -20 
   660:   19  -14  -20    9   -5   -4    0    0    0    0 
   670:    0    0   -2    0    0    0    0    0    0    0 
   680:    0    0    0   -2   15   -6   17  -12    3    0 
   690:  -14   -3   26   24   62  -46  -16   37   68  -35 
   700:   -3    4   29   24    0  -23  -28   89   -2   10 
   710:   38   16   22   13  -52  -23    1    2    0    0 
   720:    0    0   -1    5    0    0    0    0    0    0 
   730:    0    0    0    0    0    4  -16   -3  -14   27 
   740:  -20  -37    7   -6  -18   24  -32    3   -2  -23 
   750:  -72   20  -25    0    9  -32   34   24  -33  -47 
   760:   32  -17  -23  -13    7    0   18   -5    3    0 
   770:    1    0    0    0    0   -2    3    0    1    0 
   780:    0    0    0    0    0    0    0   -3  -23   -6 
   790:  -26  -14   50    7  -19   37  -10    5  -10    0 
   800:  -30   30   15   17    3   -2  -44   28  -12  103 
   810:    0   17    1    3   20   26   39   30  -56  -14 
   820:  -11    0    0    0    0    0    0   -1    0    1 
   830:   -9    0    0    0    0    0    0    0   -2    6 
   840:  -43  -46  -24  -47  -18    1   -8  -45  -66  -23 
   850:  -29  -77  -10  -46  -24   38   -7  -44   35  -32 
   860:   16  -33   -2  -15    9  -36  -36   -7  -25  -36 
   870:   26  -31   -6   -1    0    0    0    0    0    1 
   880:    1    0    1    0    0    0    0    0    0    0 
   890:    3   -9   49   -7  -10   18   17  -13   11   27 
   900:  -33   49  -18   71   10  -18   61   25   53    4 
   910:   -1    3  -10   26  -29   22   -3   -9   37   28 
   920:   -1   -9   -9  -29   19   -1    0    0    0    0 
   930:    0    1    0    0    0    0    0    0    0    0 
   940:    0    0    0    1    0   38   25   41   34   38 
   950:   35   12   25    6  -14  -26  -17   26   10   -1 
   960:   32  -77   34   15   -2    6    2  -15    9   21 
   970:   -5  -33  -18   75   -4   -4   -8    0    0    0 
   980:    0    0    0   -1    1    0    0    0    0    0 
   990:    0    0    0    0    0   -1   34   40   23    3 
  1000:   66 -102  -12   -1  -22   13   10   13  -13   28 
  1010:   65  -10    7   24  105 -104   23    7  -11   12 
  1020:    3  -67   49   42   -2  -33    4    1   41   -4 
  1030:    1    0    0    0    0    3    2    0    0    0 
  1040:    0    0    0    0    0    0    0    2   -8    9 
  1050:  -20  -43    2   46   49   70  -10   10   10   35 
  1060:   24  -43    6   36    5   34 -282  165   -7    6 
  1070:   24  -21   -2  166   16   45   17   43   15   11 
  1080:  -12    2   -1    0    0    0    0    1    1    0 
  1090:    0    0    0    0    0    0    0    0    0   -1 
  1100:    9  -25  -10  -27    3  -33  -84  -33   15   -8 
  1110:   54  -35    7  124  -32   11 -100   65  237 -351 
  1120:   34  -35   -2    0  -34 -132  -47   -1  -23  -34 
  1130:   40  -17   39   -4    1    0    0    0    0   -2 
  1140:   -2    0    0    0    0    0    0    0    0    0 
  1150:    0   -2   -2  -66  -60   42  -27  -20  143   -4 
  1160:    1   53  -51  146  -58  -40  115  337  278 -463 
  1170:    9  336  -57   79  -20    0   12   49   34   -7 
  1180:   80  -12   14   21  -33    5   -1    0    0    0 
  1190:    0    3    4    0    0    0    0    0    0    0 
  1200:    0    0    0    2   -7    7 -115  -79 -150    5 
  1210: -130    2   -7 -116  133 -104  137   16 -206 -542 
  1220: -383  307   92 -484  192 -117   26   74  -26   19 
  1230:  -59   56   -7   -4  119 -157    4   -5    0    0 
  1240:    0    0    0   -2    0    0    0    0    0    0 
  1250:    0    0    0    0    0   -1    2   14  -14   -6 
  1260:   57 -126  123 -212  -47   83 -117  124 -296 -172 
  1270:  164  426  284 -481  -98  513 -154   69  -33  -70 
  1280:   32  -19  -14   11  -29   70 -109  108    0    4 
  1290:    0    0    0    0    0    1    0    0    0    0 
  1300:    0    0    0    0    0    0    0    3   -6  -54 
  1310: -104 -123   17   60 -101  304  122 -125   40  450 
  1320:  477 -107   66  215 -308  456  170 -463  145  -80 
  1330:   46   52  -51  -27   24  -18  -12   76   67   20 
  1340:    0   -1    0    0    0    0    0   -1   -1    0 
  1350:    0    0    0    0    0    0    0    0    0    0 
  1360:    5   -6   67 -120  -83 -139   57  -88   -3   -1 
  1370:   56 -307 -226   25  257 -164 -263 -204  -22  395 
  1380: -166  120   59   23  -83   54  -71   -3   92 -132 
  1390:   22   67  -13    6    0    0    0    0    0   -1 
  1400:   -3    0    0    0    0    0    0    0    0    0 
  1410:    0    0    6  -20  199  125  194  140  -28   -2 
  1420:  -28  -46  117   30    8   37  -51  -66  -94   59 
  1430:  157 -333   64  140 -136   -1  160 -178   34   58 
  1440:  167   89  -86   68   -7   -1    0    0    0    0 
  1450:    0   -1   -1    0    0    0    0    0    0    0 
  1460:    0    0    0    0   -6   14 -201 -244 -226    5 
  1470:  196  130   87    6  -35    7   -2  -50  -76   38 
  1480:   -5   18  -18   19   63 -155  130   -5  -61   55 
  1490:   81  -67   34 -243  165  -51    5    0    0    0 
  1500:    0    0    0    0    0    0    0    0    0    0 
  1510:    0    0    0    0    0    0    4  -13  104  152 
  1520:   58  -58 -161 -139 -184   -4   19   66 -100   92 
  1530:  -18 -110    8   25   15  -19    6   51 -128   16 
  1540:   52   -4 -104  112  -72   69  -53   19   -2    0 
  1550:    0    0    0    0   -1    4   -2    0    0    0 
  1560:    0    0    0    0    0    0    0    0   -4   11 
  1570: -105   28   89  -70   65   50  238  100 -139    2 
  1580:  166  -92 -108  148  -78 -124  -20   34 -107   16 
  1590:   51  -22   15  -23  -19    9   -7   87   13   -4 
  1600:    2    1    0    0    0    0    0    2    4    0 
  1610:    0    0    0    0    0    0    0    0    0    0 
  1620:    3  -11  119   55   58  -58 -113  -89  330   66 
  1630:  407  -56 -315   -5   63 -171   -7  252  -83  -75 
  1640:  211  -15 -101   44  -46   37   39   16   33  -22 
  1650:   -4    1    0    0   -6    1    0    0    0    0 
  1660:    0    0    0    0    0    0    0    0    0    0 
  1670:    0    0   -5   14 -140  -37  121  -41 -143 -165 
  1680: -122 -118 -103  233  202 -235  -58  188  271 -266 
  1690:   45  355 -352 -110  -31 -171  222  -11 -227 -100 
  1700:  -64   14    7   -1    0    0    1    0    0    0 
  1710:    0    0    3    0    0    0    0    0    0    0 
  1720:    0    0    0    0    1    2   87  -19  118  194 
  1730:  -13   87   91 -246 -118 -332 -132 -169   72  -20 
  1740:  -72   53  230 -297 -197  -76  -42  377 -251 -163 
  1750:  142  340   27  104   22    3    0    0    0    0 
  1760:    0    0    0    3    0    0    0    0    0    0 
  1770:    1    0   -1    0    0    0   -1   17   -6  227 
  1780: -182  -19  100 -104   33  179  193  197  -48  100 
  1790:  114   53   -2  153 -113 -149  239 -341 -246 -279 
  1800:  208  196 -247 -282   58  -60  -36   -2    0    0 
  1810:    0    0    0    0    0   -4   -4    0    0    0 
  1820:    0    0    0   -1    6   -1    0    0   -1  -16 
  1830:  -84 -103  -26  -34   -2   13  111 -392  -77 -189 
  1840:  -49  -69 -110  100    9   25 -260  316   49  244 
  1850:  348  234 -262  -76  336  202 -155  -48    5    0 
  1860:    0    0    0    0    0    0    0    0    1    0 
  1870:    0    0    0    0    0    0    2    0   -1    0 
  1880:    1    9  103  157   75  -26  120   49  -61  283 
  1890: -194   -3  189  -63   44    5   44 -208   79 -126 
  1900:  100  332  -35 -309  -20    9 -375  -95  255  219 
  1910:  -19    6    0    0    0    0    0    0    0    2 
  1920:    1    0    0    0    0    0    0    0    0    0 
  1930:    0    0    0  -23 -119 -230   41   -6 -159  -48 
  1940:   -4  -63 -223  303 -191  104   23    7 -102  101 
  1950:   22  -26  306  -68 -392    9   50  -75  328  333 
  1960:  -41  -20    2   -1    0    0    0    0    0    0 
  1970:    0    0   -2    0    0    0    0    0    0    0 
  1980:    0    0    0    0   -2   27   52   70   -2  112 
  1990:  101  233  -27   87  387   66   91  -79    9    0 
  2000:  -91 -119    1   15 -152  -89  130 -271   80   86 
  2010: -273 -445  -50   26   -3    1    0    0    0    0 
  2020:    0    0    0    4    3    0    0    0    0    0 
  2030:    0    0    0    0    0    1   -1   20 -184  -85 
  2040:   60 -113  -87  -52   54   65 -328  -65   22  -76 
  2050:   12   63   40   24   14   -1  -54   57 -279   -2 
  2060: -118  -59  194  152  -60  -55    5   -1    0    0 
  2070:   -1    0    0    0    0    0   -1    0    0    0 
  2080:    0    0    0    0    0    0    0    7  -26  145 
  2090:   59  157  -61   44  -13 -180   21   89  343  -75 
  2100:  -17  214  -90  -14   90   47 -165   10  117  -22 
  2110:  359  -92  281   54 -216 -155   63  138   -9    4 
  2120:    0    0    0    0    0    0    0   -2   -1    0 
  2130:    0    0    0    0    0    0    0    0    0   -5 
  2140:   17  -66   81   19 -248   43  155  153   44 -171 
  2150: -253 -295  -18 -261  113   45 -139   34   67   24 
  2160:   18   10  -83   24   57 -349    7  176 -191 -131 
  2170:   15   -2    0    0    0    0    0    0    0    1 
  2180:    0    0    0    0    0    1    1    0    2    1 
  2190:    5    1   33   77  -73   73  184  165  -68  -74 
  2200: -123   72   84  125  127  146  -92  -98  193  -69 
  2210:   77 -148   32  199   90  -22   60 -314 -272 -222 
  2220:  220  -47  -12   -1    0    0    0    0    0    1 
  2230:    1    9    4    1    0    1   -7   -4   -3   -1 
  2240:   -8   -5  -14   30   -5   -4   30    4  -11 -181 
  2250:   23   80  220  162  129   71 -275 -196  123  -17 
  2260: -118  152 -300  131 -137  -46 -128  -47  -90  171 
  2270:  -40  136 -208  145   70   -6    1    0   -1    0 
  2280:    0    0   -1    0    0    2   -2   -2   27   14 
  2290:   11    1   31   25   39   82    8   72   32  -25 
  2300:  -53  305 -209   80 -279 -264 -259 -216  100  135 
  2310:  -77   24  128 -183  415 -365  361  -51    3  219 
  2320: -211  101  -41  170  -69   79  211   26   13    6 
  2330:    8    9    8    8    8    8    8  -44    0   -1 
  2340: -147  -34   11  -34  -47  -46  -49   -2   25 -131 
  2350: -124 -105 -109   70  -76 -277 -121   50  145  -38 
  2360: -156 -237 -173  -97 -162  128 -256 -125  -32 -342 
  2370:  189 -228  114 -208   45 -248   74 -248 -212  -17 
  2380:  -42  -37  -39  -40  -39  -38  -38  -33  -14   11 
  2390:  -56  -43   91   -9   52   31   13  -20   70   64 
  2400:   63   64   15   56   36  -31    1   52  -12   35 
  2410:  -31   26   52   42   42   33   28    9  101   96 
  2420:   93  164   74  141   70  127   98  151   69  154 
  2430:  138  193  216  203  179  168  158  150  146  131 
  2440:   64  -25   13   41  -20    3   35    2   38   40 
  2450:    9   44   30   12   24   35   10   59  -49  -18 
  2460:   23   28   23   -2    8    2   16   17    8   21 
  2470:    0  -19  -27  -17    6  -44  -22  -38  -22  -32 
  2480:  -22  -36  -66  -69  -97 -113 -164 -109  -32   -9 
  2490:    8   20  -31   15  -36  -53 
