     0:    0    0    0    0    0    0    0   -2   13  -12 
    10:   22  -17   -4   -2    7   -1    4    1   -1    0 
    20:    0    0    0    0    0    0    0    0    0    0 
    30:   -1    0   -4    4   10   -1    0    0    0    0 
    40:    0    0    0   -1    1    6   11  -24  -17   -2 
    50:   -1    2   -8  -12    0    0    0    0    0    0 
    60:    0    0    0    0   -1    0    0    1   -1    0 
    70:    0   -1    0    0    0    0    0    0    0   -1 
    80:    8  -19    6  -17    7   -8   16  -17    9    4 
    90:   20    1   -1   -1   -1    0    0    1    0   -1 
   100:    0    3   -1    4   -1    5    1    0    0    0 
   110:    0    0    0    0    0   -1   -7  -15  -20  -15 
   120:    0   23  -23  -11   12  -10   -6   -3   -9    7 
   130:  -14    6   -3    2   -8   -1    0   -2  -19    8 
   140:   11   -1   16    7    0    0    0    0    0    0 
   150:    0    0    8  -22    3  -22   11   13  -36   17 
   160:   -4  -14   -8   11   -2   10    0    5   -9   -6 
   170:  -11  -12   -1  -29  -11    9   -2   13   22  -26 
   180:   -3    0    0    0    0    0    0    0    0  -11 
   190:   14    5   30  -20   -1   50   -9    3   19  -11 
   200:    9    1    5   -3   21    5   -5    8   16   24 
   210:    5  -21  -15  -16   18    6   17   -1   -3    0 
   220:    0    0    0    1   -3   14   -5  -12   29  -43 
   230:    7    8  -14   15    8  -16   -5   20    4   -3 
   240:    8  -17   35  -38    8   32   -4  -16   10  -25 
   250:  -15  -16  -13  -10   23   22   -4    1    0    0 
   260:    0    0    2   19  -17  -33   -7   -5   10  -18 
   270:   -3   -2   -5    6  -19   15    2   19   -8   44 
   280:   -8  -31   41   27   21   -4    3  -18   12   32 
   290:  -18    5  -13   -1    0    0    0    0   -4    1 
   300:  -23   11    3  -45  -21    1   46   16   25  -16 
   310:  -17   38  -12  -10   15  -11   29   54  -61    4 
   320:   35   34   13   22    6   -6  -18   14   -2   14 
   330:    8    0    0    0   -2    5   -8    0   -9    5 
   340:   23  -33    6  -26   19   -4    4   46  -26   28 
   350:  -12    5  -10   22   49   24  -51  -62  -27  -18 
   360:   10   17  -13   29   21  -31   11   -6    1    0 
   370:   -1    1   -3   15   -8    2    5  -16   11  -14 
   380:  -14    4  -11   21  -22   -4  -10    6   44  -46 
   390:  -31    1    5   55   29   16    3  -25  -12  -17 
   400:    6  -19   43   -6  -15    2   -1   -1    1   -1 
   410:   -3   12  -18  -13    3   11    6    7   11    9 
   420:  -17   10  -10  -16   16   34   70  -35  -24  -10 
   430:  -23  -40  -15   24   30  -25   17  -13    3  -23 
   440:  -14   -6    0    0    0    3   -8   -2    1   23 
   450:   12   12   13   -3   -4  -12   -2   14    1  -13 
   460:   -4  -25  -30    7   36   21   22   23   27   25 
   470:  -49    3    5  -30   10   -8    8    2   -7   -8 
   480:    0   -3   15    0   -2   -5  -17   -3   -8   -2 
   490:    4   -2   27   -4    4  -10   -3   42  -17   15 
   500:   13  -17  -20  -27  -18  -18  -27   33  -42   -3 
   510:    6  -46  -10  -38  -14   25   -5    1   -5   16 
   520:    1    2   -9    3   10    2    2   16    4  -10 
   530:    0    3    1   -3   -4   15    8   12   13   23 
   540:    5  -20  -11    1    0   22   27   -9   -5    1 
   550:   21   -9   14   14   -2   -7   18  -10    0   10 
   560:  -24   -8   -9   -3   -4    0   11    1  -13   -5 
   570:   14   -2  -15   19   29   -4  -25  -30   10    3 
   580:   -4   -7  -30   -7  -23   17  -19   20    8    2 
   590:  -36    5   -5  -41   12  -20   -3    4    3    9 
   600:   -4    1   -8   -3    3   25   -4   -8    3    7 
   610:  -35  -15    1    1   12   -9   22   -3  -21   -2 
   620:  -11   -7   -6   11   -7    8    7   29   -5  -15 
   630:   27  -14   24    7    0  -13   -5   -3   -8    4 
   640:   -6    0   -2   10    6    3   -8   18   16  -13 
   650:  -13  -11   42  -20   -1  -10  -21   33   -7  -21 
   660:    8  -40   10  -20   20   -1   12  -30   30  -11 
   670:  -41  -11  -16    1   10    9  -32   -8  -21   15 
   680:    2   -6    1    3   -2  -18   30  -50   13  -20 
   690:   16   -7  -16   24  -18    0   -1  -21   -1    1 
   700:    8   -2   -2    7   18  -31   36    2   29  -24 
   710:    0  -12   -4    3   -4   -9   -6  -15   -9   -2 
   720:   -3  -14   -3   -2   33  -22    9    2  -10    0 
   730:   -9    6   25  -27    2   19   12    6   19   -3 
   740:   -1   26  -11  -33   12  -20   20    0    9    3 
   750:  -14   10   -8    2   85   38   -2   12   30  -30 
   760:   13   -8   -3    4   -1   16    2   14   11    4 
   770:   26  -18   11    2  -13    1    1   -5    9   31 
   780:   14   -9   22  -11  -12  -13   -5  -26  -55   26 
   790:   71  -10  -49   10  -18  -30    2    4   -4   14 
   800:  -12   17  -33   28   -9    9   -9  -19   20  -19 
   810:   -6    9  -13    1    5   -9   11   29   43   10 
   820:   16   12   12   -4   76  114  -41 -113   79   19 
   830:   36   13    2   13   -9    3  -18   19   -5   24 
   840:    9   20    9   34    2   -9   16   11   -4   -7 
   850:    1    1  -36   11    3    7    1    1  -31   -2 
   860:    2  -43   24   85  -18  -61   91  -38   33   -2 
   870:   -9  -16   -7   17   -7    2   -1   11   -4   10 
   880:  -14   11    0  -18   12  -10    4    0    5   -9 
   890:   15   26  -21   -7   -6    7  -16   23  -19   19 
   900:   -6  -15   49  -13    5   -2  -18  -21    8    7 
   910:   -4   25    2   -1   -8   13  -17   12  -17  -25 
   920:    3   -8    5    0    0   -6   14   -4    4    7 
   930:  -21  -15   -2    1  -19   27  -14    6    3   -3 
   940:  -22   11    0   19  -19    9   11    0    8    7 
   950:    3   -6  -12   -3   15    5   20  -22   33   15 
   960:   -1    0    4  -16   26  -11  -16   19    9   -9 
   970:   -2    9  -13   -2   -7   -3   -6  -14    7  -11 
   980:   14   11   -8  -10   15    2   -8   -3   -2   23 
   990:  -13    1   -6    1   24    4   10   -1    0   -2 
  1000:    9  -19  -13   40   -7    1   -9    4  -15  -27 
  1010:   -8  -14   -6   20    2    7   -2  -14    4   12 
  1020:   23  -12   13   17   18    5  -17   14    0  -11 
  1030:   25  -14   13    0    0    0    1   -1   -5   18 
  1040:  -22   26   -2   12   -3    2    0   13  -24   -5 
  1050:  -19  -29    1    4  -10   19   19  -13   25  -19 
  1060:    0    2    2    9    1  -11    7   -4  -17   14 
  1070:   -2    0    0    0    0    1   -5   17  -11   -7 
  1080:   41   -2   20  -29   10   -9   -4   20    4    4 
  1090:   -2   -9   -1    3  -10   -3    1   -2  -15    0 
  1100:   11   -7    6  -16    4  -12    6   -2    0    0 
  1110:    0    0    0    1   -1    2   -1  -18   16   10 
  1120:    0  -15  -15   10   -1    5   12    5   16    5 
  1130:    2    6   -9   12  -22   22   -2  -25    8   -3 
  1140:   -2   -5    1   -8    1    0    0    0    0    0 
  1150:    0    0    1    3  -10   27    3  -27   11   -5 
  1160:    7  -20   -4   -3    5  -16  -22  -15    1   20 
  1170:  -12   -6   17  -27   36  -41   33  -13   14   22 
  1180:   -2    0    0    0    0    0    0    0    0   -2 
  1190:   -8   18    6   -1   11    2  -11   28   -4   10 
  1200:   15    0   -2   21    2   15   -2  -34   10  -15 
  1210:    0  -21  -22    4   16    4   12    0    0    0 
  1220:    0    0   -1    1   -1    9  -11   29   10    7 
  1230:  -22   18  -17   -4  -20   -3  -13    2    7    1 
  1240:  -20   21   15    0    0   -9   19    1  -11    5 
  1250:    0  -19    4    0    0    0    0    0    1    2 
  1260:   -1    7  -19    8  -41  -33   10    0  -21  -13 
  1270:  -13   13    4   23  -16   -9   16   -1  -22  -33 
  1280:   10   -6  -18  -16    4  -11   -2   -1    3    5 
  1290:    2    0    0    0    0   -5  -10    8  -23   16 
  1300:   23    9   50    7   21   36    8  -12  -27   11 
  1310:  -15   17    5  -23   12    6  -16   -5   -2   10 
  1320:    0   -5   -9    5   -2    0    0    0    0    0 
  1330:    0    0   -5   -2  -13   30  -26   17  -14   -6 
  1340:    1  -12   -8   -7    7   14   -2  -14    2    7 
  1350:    5  -24   16  -26  -18    0  -32  -11    6   -1 
  1360:   -1    0    0    0    0    0    0    0    0   -4 
  1370:   -4   -3   -7    7   -2    1    1   -1    1    3 
  1380:    1   -1   -2    0    2    0   -1   -2    6   -6 
  1390:    4    4   -1    9    1   -1    0    0    0    0 
  1400:    0    1   -1    0    0    0 
