     0:    0    0    0    0    0    0    0    0    3   -6 
    10:   12  -26   17  -40   -5   -4    3    3   -3    1 
    20:   -1    0    0    0    0    0    0    0    0    0 
    30:    1    0    0    1   -1    0    0    0    0    0 
    40:    0    0    0   -1    0    7    5    1   16  -18 
    50:   18   -9  -13  -17  -16   10   -7    6    0    0 
    60:    0    0    0    0    0    0   -1   -5   -2    1 
    70:   -1    0    0    0    0    0    0    0    0    0 
    80:    3   -2  -11    6  -14   10   -8   -8    1   22 
    90:   31   21   24   14  -28    0   -2    0    0    0 
   100:   -1    1    4    9  -14    5   -3    0    0    0 
   110:    0    0    0    0    0    0   -3    5    1    0 
   120:   -6   -1   -3   -1    4   -1  -31  -39   -9  -48 
   130:  -25   27  -10   10    1    7    4   10    5   -9 
   140:  -11   17    0    3    0    0    0    0    0    0 
   150:    0    0    1    6    2   -2   -6    5   13    0 
   160:   -2   -8    5   -4   33   28   37    3    1   -6 
   170:    4    3   -5  -12    1   -8    1   -5   -4   -3 
   180:    2    0    0    0    0    0    0    0    1   -9 
   190:   -3   12   -9    2   -4   -3    0   -5    6    4 
   200:    0    4  -61  -28   23  -24    3    3   -1    1 
   210:    3   -2   -7    0    0   -4   -2   -8    6   -1 
   220:    0    0    0    0    0    2    1    1    0    0 
   230:    2   -5   -4    0    4    0   -4   17  -21   36 
   240:   11   -7   -1    5    0   -4   -4    2    1   -4 
   250:    5    5   -3    3    6   -4   -3    0    0    0 
   260:    0    0   -1    1   -1   -4   -1    9   -4   -2 
   270:   -3    2   -9   -1  -23   26    0    5   -7    5 
   280:   -2   -2    0    0   -3    3    3    3  -10    1 
   290:    0   -3    3   -3    0    0    0    0    5   -1 
   300:   -2    6    7   -9  -22   -4    3   -7    5    2 
   310:    5   11   -7   18  -19    8    2   -1    1    0 
   320:    1   -1    4    2   -3    2   -4    1   -5    3 
   330:    8   -2    0   -1    1   -4    6   -6    4    6 
   340:    4    3   -2    8    8   -3    3   -2   -2   25 
   350:  -21    9   -6   -2    3    1   -1    0   -1   -1 
   360:   -2    2    3    2   -5   -4    0    5    3    0 
   370:   -1    1   -8    0   -1    2   -4    2    4   -2 
   380:    0    1    5   -3   -3   -6  -10    5   -5    6 
   390:    6    1    0    0    2    0    1    2    6   10 
   400:    5    6    5  -10    5   -3    0    1   -1    6 
   410:    2   -6    0    1    3   -2    4   -3   -1    0 
   420:    2    3   -1    9   -6    6   -2   -6   -2    2 
   430:    3    1   -1    6    0    3    4   -4   -8  -15 
   440:    1    5    6    0    0   -3   -3   -1    0    3 
   450:    2   -4    2    2    4   -3   -1    0   -2    0 
   460:   -8   -2    3    6    4   -3   -1   -2    2    5 
   470:    0   -4    7    4   -6    3    9    5    5   -8 
   480:    1    0   -2   -4    2   -2   -3   -5    2    0 
   490:    1    2   -1    0    5   -3   -2    3   10   -3 
   500:   -9   -5    5    1   -1    2   -2    0    9   -1 
   510:    6    7   -4  -12    6   -6    4   -1    0   -2 
   520:    4   -3    3   -2    6    7   10   -1    2    1 
   530:   -3    0    0   -4    1    0   -1   -1   -2    0 
   540:   -1    0    0    6    6    5    1   -4    6    0 
   550:    2    5   -5   -3    2    1   -2   -4   -1    0 
   560:    7   -5   -4    0   -4   -6    2    2   -8   -3 
   570:    3    6   -3    0    1    4   -4    5   -3   -4 
   580:    2   -4   -4    0    8   -2   -1    5   -3    4 
   590:    7   -3   -1   10    1   -5    1   -1    5   -2 
   600:    2    4    1    1    1    9    3   -1   -2    0 
   610:    2    0   -8    1   -3   -1   -6   -1    0    1 
   620:    2    4    3    8  -14    3  -19  -11    2    2 
   630:   -6    3   10   -1   -6   -1    7    0   -5    0 
   640:   -3    1   -4   -7    0   -5    3    0    2    3 
   650:    0    1  -13   19  -11    8    1   -3   -4   -2 
   660:   -7   -5  -10    2    9    0    0    3   -3  -10 
   670:    3    4    0    0    0   -1   -4    4   -5    1 
   680:    3   -1   -2   -7    0   -1   -7   -4   -5   -3 
   690:    8  -23   -1    1  -10    0   -2   -6    4   -2 
   700:  -14   -4   -3   -2    8    0    4   -1   -5   -2 
   710:   -3   -1    0   -4   -1    2   -6   -4   -4   -3 
   720:    3   -6    1    4    8  -11   18  -12    7   10 
   730:  -16    4    3   -2   -6    4   -6   13    0    3 
   740:    1   -4    1   -7    5    2    6    2    5   13 
   750:    1    1   -2    3   -1    6    0   -5    3    0 
   760:    1  -16   10    2   -8   -1  -14   36  -19   -6 
   770:   -1   12   -3    8   17    8   -1   -1    3   -5 
   780:    0    5   -5  -10   -7   -9    7   -5    1    0 
   790:    1   -2   -2   -3   13   -9    0  -15   11    7 
   800:  -10    0   -2  -24   -3   41   -7    0  -10   -3 
   810:  -13  -30    8   -1    1   -5   -3    0   -2    8 
   820:    3   -6  -18  -14    4  -14    7   -4   10    3 
   830:    9  -10    9    7    7    7  -13   -8    2   11 
   840:  -16  -29  -20   19   12   -8   -4   23   22   -1 
   850:    1    1   -3    6  -13   18   -4   -1  -20    2 
   860:   -1    1    6   -4    8   -8   -5  -20    1  -18 
   870:  -11  -19   -9   13   -7    6   31   32  -13  -25 
   880:  -21   -2   -5  -16  -14  -17    2   -1   -1    2 
   890:  -15   25  -11   -4    9   18   -1  -15   -2    3 
   900:    6  -17    3   -2   14    0    0    2   10   25 
   910:   24   22    0   -4   -9   -9  -21  -14    0   25 
   920:   15   -3    9   -1    0    1   -5   20    5  -14 
   930:   28   -2  -17   14   18    4   -2  -13   15    7 
   940:    4  -10   -1  -13   27   27    0   -4   -2  -10 
   950:  -30  -17    0   10   18   19   20   -2   -8    0 
   960:    0    0    0   -1    7  -14   28   -8  -19   15 
   970:   -9   34   11   17   31  -11  -16   -5   13    8 
   980:    6  -14  -18  -20  -11   10  -29   -6   26   -9 
   990:   -7   26   -2   -4   -6    3   -3    0    0    0 
  1000:    0   -5    6  -19   -4  -14    5   26  -19  -10 
  1010:   -6  -23   -4   16    7   16   -8   -1  -10   32 
  1020:    6   16  -20   -7   24    1   25   14   -2   18 
  1030:  -11   -1   18    3    0    0    0    0    1    0 
  1040:   -4   -6    3  -20    4    8   10   -5   18   -7 
  1050:  -23  -11    0   -4    3    5   -4   -4    0    0 
  1060:   -1   -5   -6   -6   -4    7  -25    6   19   -1 
  1070:   -3    0    0    0    0    0    0    2    2    1 
  1080:   12    1    8   -5  -14  -27   -1   13   -1    0 
  1090:   -6  -24  -14   -7    0   -1   -5    9    0   13 
  1100:    3   13   -4    4  -12  -24  -11    1    0    0 
  1110:    0    0    0    0    0    0   -2   -6   19    4 
  1120:    9   -3   -3   19  -18    5    4   22   16   -2 
  1130:   24    0    3    7   17  -13    9    1   -7    1 
  1140:    9   31    4   -3    0    0    0    0    0    0 
  1150:    0   -1   -2   15   -6   -4   14  -11   20   14 
  1160:    2   19    1  -10   -8  -13   18  -18    2    6 
  1170:   10    2   13   -3   -1   -5   -5   -6  -31    1 
  1180:    2    0    0    0    0    0    0    0    1    5 
  1190:  -12    3   24  -22  -12   23  -14   31  -19    0 
  1200:   15  -25   26  -24   -6    7  -14    8   -4    6 
  1210:    3   -2    2   -1   12  -14   -4    0    0    0 
  1220:    0    1    0   -1    6   -4  -16    0   10  -19 
  1230:    5   25  -27   20  -21    9    6  -16   31  -34 
  1240:   31   -3  -19    0   -9    5  -24    8   -1    0 
  1250:    3   -4    7    2    0    0    0    0   -5   -3 
  1260:    0  -18   -6   12   -3  -10   -8   21    1   12 
  1270:   -4  -23   24  -29   24  -28   21  -15   -8    7 
  1280:  -10    9    2   -7   -7   -5   -4   -4    0   -1 
  1290:    0    0    0    0    0    0    0   -3    2   10 
  1300:  -24    7   -3    5    4   -9    3   -1   15  -17 
  1310:   10   -7   13   -2   -9   19  -12    2   -3    2 
  1320:    1    1    1    7   -1    0   -1   -1   -1   -1 
  1330:   -1   -1   -1    1    2    2   -3   -3    1    4 
  1340:    4    5    3   -2   13    4    0    9    2    7 
  1350:   -1   14    2   18    1   11    9    3    5    5 
  1360:    4    5    5    5    5    5    5    4    4 
