     0:    0    0    1    2    2   -2   -3   -2    0    0 
    10:    0    2   -2   -5   -2   -1    2    3   -3    5 
    20:   -2    1    4   -5   -2   -5    2   -1    2    5 
    30:   -2   -3    8   -3   -3   -2    2    3    0    3 
    40:    2    2    4   -3   -1    4    1    0   -2   -4 
    50:    3    6    0    0    0    0    0    0    1    0 
    60:    0    0   -1    0    1    0    0    0    0    0 
    70:    0   -1    0   -1    0    1   -1    0    0    0 
    80:    0    0    0    0    0    1    0    0   -1    0 
    90:    1    0    1   -2    3    2    0    0   -1    1 
   100:    0    0    0    0    0    0    0    0    0    0 
   110:    0    0    0    0    0   -2   -3    4    2    0 
   120:    0    0    1    0    0    0   -1    0    0    0 
   130:    0    0    0    0    0    0    0    0    0    0 
   140:    0    0    0    0    1    1    8    0    1    0 
   150:    0    1    0    0    0    0    0    0    0    0 
   160:    0    0    0    0    0    0   -2    5   24    1 
   170:  -10   -2   -2    0   -6    3    3    0    4   -1 
   180:    3    1    0   -3   -1    0    0    0    0    0 
   190:    0    0    0    0    2    7    5   -5    7   -4 
   200:   -6    0    1    0    0    0    0    0    0    0 
   210:    0    0    0    0    0    0    0    0    3   -7 
   220:  -32   28   12    0   25  -10   -1   -9   -1    6 
   230:  -30    1  -16   -5    0   19    8    2   -3    3 
   240:    2    0    3   -2   -5    0  -15   26   24   13 
   250:   -5   -9   47   16    0    5    0    0    0    0 
   260:    0    0    0    0    0    0    0    0    0    0 
   270:  -10    7   42   28  -15    0  -66    0  -88   59 
   280:   59   32   43    0   37   32   12 -103  -43  -26 
   290:    4  -24    1    3  -15    6   13    1  -21   -1 
   300:  -11   -4   11    0  -16    4    0    3    0    0 
   310:    0    0    0    0    0    0    0    0    0    0 
   320:    2    9   -5    6  -21  -11   -5   -6   27    5 
   330:   58  -97  -81   26  -23    6  -16  -15   67  107 
   340:  111   21   -4   92   -7   -5   -2  -22  -50   -5 
   350:    6    2    2   -9   -1  -11   12   -5   -4   -1 
   360:    0    0    0    0    0    0    0    0    0    0 
   370:    0    0   -2  -12   30  -25   48  -20  -34   29 
   380:  -41   16  -35  -20 -125  -44   82    0 -116  -88 
   390:  -92  181   33   56   71 -107   57   -3   17  -11 
   400:  -13   12    8   14   -2    0    2    8   -8    0 
   410:  -11    0    0    0    0    0   -2    0    0    0 
   420:    0    0    0    1   -7   14  -40   23  -22   25 
   430:    4   -1  -57  -30    3  -39   25  118   75    5 
   440:  -89 -206  140   52 -154   10  -77   86  -30  -12 
   450:    3  -18   -7   18   -2    5    1   -3    0    4 
   460:   15   -5    5   -7    0    0    0    0    0    0 
   470:    0    0    0    0    0   -6   40  -46  -22  -30 
   480:   45  -19   57   22   62   12   -4    0   -4 -115 
   490:  -65    1  111  104  -41  -51   46   55   26   -7 
   500:   -5  -15  -48   33   26   17   -2   -4   -4    4 
   510:   13   -2   -2   -6   -1    2    0    0    0    0 
   520:    0    0    0    0    0    0   -1   11   -5   31 
   530:   -1   33  -25   10  -18  -38   28  -32   -9  -18 
   540:  -40   43   16   -3  -58  -88    0  -15  -14  -12 
   550:   18  -11   -8   -6   16    0   -9    5   -6   23 
   560:   28  -14    7    0    1    1    0   -4    0    0 
   570:    0    0    0    0    0    0    0    0    1   -7 
   580:   -2   11  -36    4   32    4    6  -21    8  -18 
   590:   14   59   17    7  -59    0   49    3  -19   32 
   600:   -9   34    3   12   -2    4    0   -8   23  -33 
   610:   -4   -2    2   -6   -3    0    0    0    0    4 
   620:    0    0    0    0    0    0    0    0    0    0 
   630:    0    4  -34  -37    7    9    3  -37   -2   48 
   640:  -32  -16  -16  -14    4  -32   65   22  -19    4 
   650:  -20  -42   -4    6    1  -31   17  -16  -12  -37 
   660:  -15    7   25    2    0    1    0    0    0    0 
   670:   -1   -2    0    0    0    0    0    0    0    0 
   680:    0    0    0   -7   30   29    8   16    8   27 
   690:    4  -23   17   49   14  -28   -1   18    3    3 
   700:   17    9   18   34   -4  -30   23   25   -2   -1 
   710:   -8   27   -4   22  -21   -5    1    0    0    0 
   720:    0    0   -3   -3    0    0    0    0    0    0 
   730:    0    0    0    0   -2   23    7  -24  -15    7 
   740:   -2  -16   20  -20   -9  -10    3    5  -26  -56 
   750:    6    5   -6   24  -10  -22   10    3   12    0 
   760:    5    8  -16   19   83  -56   16   12   -3    0 
   770:    0    0    0    0    0    4    0   -1    0    0 
   780:    0    0    0    0    0    0    1  -23   18    7 
   790:   -7  -32  -10    0   -1    6   23   50   -2   11 
   800:  -14    8    3   -6   -8   21   38    0  -17  -15 
   810:  -14    9    3   -6    0   16  -23   35   -7    2 
   820:    1    0    0    0    0    0    1    1    0    3 
   830:   -2    0    0    0    0    0    0    0    0   19 
   840:  -16    8   18  -13    7   19    0  -16  -19   -3 
   850:  -41    7    0   16   18    9  -13   -3   -7    0 
   860:   18   14   18  -15  -31   -9    6  -16   36  -22 
   870:   40  -25    3    0    0    0    0    0   -2    0 
   880:    0    0    0    0    0    0    0    0    0    0 
   890:    3  -38   12    8  -13  -54   12  -36  -11   52 
   900:   26   23   55  -15  -26   57  -11    6    9   -8 
   910:    5  -14   -5   -2  -23   -5   12   -3  -14   12 
   920:  -11   17  -14   -3   -1    0    0    0    0    0 
   930:    0    0    0    0    0    0    0    0    0    0 
   940:    0    0    1    0   11    6    9   38  -17   10 
   950:   -5  -34  -12    9  -23   10   23  -25    9   23 
   960:   12  -36   -6    3   11  -14   14    3   -8  -10 
   970:    4   27   -3   -9   20  -14    2    0    0    0 
   980:    0    0    2    1    0    0    0    0    0    0 
   990:    0    0    0    0   -3   18   28   17   17  -11 
  1000:   43    1  -33   18   10  -16   11  -41  -32    8 
  1010:  -43  -17    4  -45   -1    0  -17   -2   19   28 
  1020:   53   13   -8  -23   14  -24   55   31   -5    0 
  1030:    0    0    0    0   -1   -1    0    0    0    0 
  1040:    0    0    0    0    0    0    1   -2  -29  -24 
  1050:    0   33   18   11  -15   21   28  -38  -22   18 
  1060:  -12   34   17   23   57   14  -44  -22   22    7 
  1070:   -2  -39  -27  -45   15  -46  -34   44  -12  -44 
  1080:    4    0    0    0    0    0    0    0    0    0 
  1090:    0    0    0    0    0    0    0    0    0    0 
  1100:   20   61  -51    2    4    8   10   27  -78   33 
  1110:   29   11   23  -86  -64  -15  -16   -4   49  -44 
  1120:  -12   39   31   45   28   13   -9   76   -9  -16 
  1130:  106   36   -6    0    0    0    0    0   -1   -1 
  1140:    0    0    0    0    0    0    0    0    0    0 
  1150:    0    2  -23    8   40   11  -38  -33  -19    9 
  1160:   58    6  -37  -83  -35   42   47   -1   -9  -15 
  1170:   -1  118   40  -73  -55  -45   37   25   90 -117 
  1180:  -21  -16 -106  -55    2    0    0    0    0    0 
  1190:    0    0    0    0    0    0    0    0    0    0 
  1200:    0    0    0    2  -23  -73   50   34  -13  -14 
  1210:   -6   15  -17   18  -41   67    3  -28  -17    3 
  1220:   -7    3  -20  -60  -95  134   27  -58 -177  -91 
  1230: -117   23   75   21   75   17   -2    0    0    0 
  1240:    0    0    0    1    0    0    0    0    0    0 
  1250:    0    0    0    0    0   -3   20  116   -9   -2 
  1260:  -15 -131   18    4  -63  -20  -39  -17   36   -3 
  1270:  -16   -9  -24  -10   10   73    6 -111  -20   71 
  1280:  272  121   78  -15  -23  -21  -38   -6    1    0 
  1290:    0    0    0    0    0   -2    0    0    0    0 
  1300:    0    0    0    0    0    0    0    3  -47  -37 
  1310:    2   -2  -45  -32   -8   23   25   -1   32   14 
  1320:   34   11   52   -8  -13  -16  -33  -83   44   74 
  1330:  -38  -57 -215 -232 -102 -115  -70  -70  -68    6 
  1340:    0    0    0    0    0    0    1    0    0    0 
  1350:    0    0    0    0    0    0    0    0    0    2 
  1360:  -10   16  -53  -17    8  -41   16   12  -22  -61 
  1370:  -69  -12   22   -3   28  -21    2   -1    5   43 
  1380:  -47  -93  -15   38  120  131   51  -22  -70  147 
  1390:  111   13   -3    0    0    0    0    0   -2    0 
  1400:    0    0    0    0    0    0    0    0    0    0 
  1410:    0    0   -8   -8   81    7   21   20   54   26 
  1420:   18   19   35   41  -12    2  -17    6  -21  -47 
  1430:   57  -16   19    2   40   23  -65   10  -44   63 
  1440:   65  -90  -18   -5    1    0    0    0    0    0 
  1450:    1   -1    0    0    0    0    0    0    0    0 
  1460:    0    0    0    0    4   12  -34    9   29   29 
  1470:  -89    5    2  -19   -4  -12   22   56  -27   -7 
  1480:   -1   32   19   31   22    4  -26  -39    3  -23 
  1490:    6   71   43   41   -2    4    0    0    0    0 
  1500:    0    0   -1    0    0    0    0    0    0    0 
  1510:    0    0    0    0    0    0    5  -66   17  -38 
  1520:  -11    6   57  -16  -24    5   65   12   -5  -41 
  1530:    8   13   -3  -16    0   -4   -8   -6  -16   -3 
  1540:   -1   47   17  -89  -31 -104   -2    1    0    0 
  1550:    0    0    0    0   -3   -6    1    0    0    0 
  1560:    0    0    0    0    0    0    0    0    0   25 
  1570:  -22  -24  -22  -48  -78   40    5  -16   -6  -34 
  1580:   24   26    2  -38    3   23  -11   17   -3   16 
  1590:    6    2    8    3    5   -8   17   13    5   -1 
  1600:    1    0    0    0    0    0    1    3    0    0 
  1610:    0    0    0    0    0    0    0    0    0    0 
  1620:   -3   -7   47   22  -30   29   55  -26  -63  -10 
  1630:   61   50    2   61  -28   -6   26  -11   19  -20 
  1640:  -26    3  -15    1   -6   14    1    4    0   -5 
  1650:    0    0    0   -2   -1    0    0    0    0   -2 
  1660:    0    0    0    0    0    0    0    0    0    0 
  1670:    0    0    1   21   44    2   34  -21 -105  -16 
  1680:   39  -27  -73  -38   24   45  -24   -7   75    1 
  1690:   16   10  -55   70   18   -2  -46  -80   -7  -26 
  1700:    0   14   -1    0    0    0    0    0    0    0 
  1710:    1    2    0    0    0    0    0    0    0    0 
  1720:    0    0    0    0   -3   49  -43  -11   58   -3 
  1730:   18   -8  -29   21   61   24   53   45   -1   61 
  1740:   76   17  -10  -52    6  -23  -22   11    0   29 
  1750:   -2   -5  -37  -44    4    0    0    0    0    0 
  1760:    0    0   -1   -2    0    0    0    0    0    0 
  1770:    0    0    0    0    0   -1    6    7   38    2 
  1780:  -59  -24   -1   45   15  -49    5  -19  -43    6 
  1790:   19  -35   -5    0   19   -3   21  -11    5  -15 
  1800:    1   30   12  -12   30   42   -2    0    0    0 
  1810:    0    0    0    0    1   -1    0    0    0    0 
  1820:    0    0    0   -3    1    0    0    1    0  -76 
  1830:    1  -27   -7   27    5  -32   40  -21  -56  -24 
  1840:   24   32   60   69   16   24  -29  -68  -28  -11 
  1850:  -37  -17   18   -7  -17    2   11   -7    0    0 
  1860:    0    0    0    0    0    0    0    1    0    0 
  1870:    0    0    0    0    0   -1   -1    0    1    0 
  1880:   -3   35   44  -54   45  -33  -31    7  -15   32 
  1890:   13   35    9  -63  -14   81  -75   -5   16    5 
  1900:  -37  -33    8   13  -41    8   -6  -29   19   26 
  1910:   -3    0    0    0    0    0    0    0    0   -1 
  1920:    0    0    0    0    0    0    0    0    0    0 
  1930:    0    0    4  -53  -63  -10  -47   58    1    2 
  1940:   52   49   19  -39  -15   38   72   58   75  119 
  1950:   20   57    2   41   -1   52  -30  -76  -68  -15 
  1960:    3   -5    0    0    0    0    0    0    0    0 
  1970:   -2   -1    0    0    0    0    0    0    0    0 
  1980:    0    0    0   -2    6   44    6   33   17  -21 
  1990:   28   25  -11   -1  -26  -17  -71  -12   73  -38 
  2000:  -33 -118   -7  -12   24  -43   -3 -125   49   94 
  2010:   68   -7   -6    5    0    0    0    0    0    0 
  2020:    0    0   -2    0    0    0    0    0    0    0 
  2030:    0    0    0    0    0   -3   15  -38   35  -48 
  2040:   14   29   25   55  -26  -14    4  -16  -16   60 
  2050:  -73  -11   54  154   38  -42   15   26   10   84 
  2060:   15   -6   -3   -1  -20   -5    1    0    0    0 
  2070:    0    0    0    0   -1   -2    0    0    0    0 
  2080:    0    0    0    0    0    0    0   -1    5   36 
  2090:  -21   90   25   38   31  -18   13  -12    1    4 
  2100:  -52  -50   66   69    9  -99  -99   59   23  -34 
  2110:   41  -23  -26  -41   -4    7  -20   13   -1    0 
  2120:    0    0    0    0    0    0    0    0    0    0 
  2130:    0    0    0    0    0    0    0    0    0  -22 
  2140:   26   20   -6  -58    9   17  -14   10   -2  -15 
  2150:    0   13  -18   70  -20  -21  -50 -141 -104   66 
  2160:  108  201   74  -18  -40   -3  -19    7  -14   -7 
  2170:    0    0    0    0    0    0    0    0   -1   -1 
  2180:    0    0    0    0    0    0    0   -1    1    0 
  2190:    4   23   30  -10  -16   52   19   42  -36  -22 
  2200:    5  -19   -9    4   25   45  -35   -5   -2   21 
  2210:  -66  -53  -97  -54    9   51   -4   -8   17  -39 
  2220:   44   -2   -2    0    0   -1    0    0    1    0 
  2230:    0    0    0    0   -1    0    0    1   -1    2 
  2240:   -2    2  -18  -82   17   57   -2   36   23   21 
  2250:   33  -19   13   -3   -4  -22  -27  -28  -19   54 
  2260:  -20    0   52  -48 -130 -102  -66    3   64   14 
  2270:  -31   35    0  -12   10    0    0    0    0    0 
  2280:    0   -1    0    0    0    0    0    0   -2   -4 
  2290:    6  -10   13    4   41   15  -28    7   -5   -1 
  2300:  -17  -46    8   31  -41  -26   29  -12   32   40 
  2310:    7   34   20   29  -28  -41    1  -36  -58   -8 
  2320:   25  -73   14   16   49   26  -28   -1    1    0 
  2330:    0    0    0    0    1   -1    8   11   -1   -4 
  2340:   18    3  -11   -2    4  -36  -45   -5   -4   -3 
  2350:  -28  -14   43  -15   -2  -12   26   23   23   28 
  2360:   -1  -20  -44  -48   22   31  -26   31   57   22 
  2370:   -4   40   15   47   -1   35    1  -14   -1    1 
  2380:   -1   -1    0    0    0    0   -1   -2   -4    0 
  2390:    9    2    1    5   51  -13   21    8   28  -33 
  2400:  -16   16   -2   35  -12   13    2    0    5  -20 
  2410:    1    0   -1    1    6    5  -12  -10    4    3 
  2420:  -13   -5   11  -11  -18  -10   -8  -12   10   21 
  2430:   -4   -5    6    4    8    0   -2    2    0   15 
  2440:   21    7    7  -15   16  -10   -7   -5   -6   -2 
  2450:  -14    3  -18    8  -20  -20    1   -9  -11   -7 
  2460:   26   12   -6    2   -2    0   -3   -3    5   -1 
  2470:   -7   12  -18    7    1    2   -5    6    6   -2 
  2480:   -2   -7    4    1   -6   -9    9    4   -1    1 
  2490:    3   -4   -5    6   10    7 
