     0:   -6   -3    0    6   -5    0   -6    5   -1    1 
    10:   -5   -5   -2    0    2    2   -1    0    6    0 
    20:    0    3    4   -5    7    6    2    2    6   -4 
    30:    4   -1    3    0    2   -4    7    3    0    1 
    40:    0   -2    1   16    3    4  -12   16   -4   -4 
    50:    4  -13    1    0    0   -1    1    0    0    0 
    60:    0    0    0    1    0    0    0   -1   -1   -1 
    70:    0    0    0    0    1    0    1   -1   -2    0 
    80:    1    0    0    1    0    0    0    0    0    1 
    90:    0    0    0   -3    4    4   -1    0    2  -14 
   100:    0    0    0   -1    0    0    0    0    0    0 
   110:    0    0    0    0    0   -1   -6  -13    0    0 
   120:    0    0    1    0    1   -1    0    0    0    0 
   130:    0    0    0    0    0    0    0    0    0    0 
   140:    0    0   -1   -2    3    1    2   -1    1   -2 
   150:    1    0    0    0    0    0    0    0    0    0 
   160:    0    0    0    0    0    0   -1    2   23   60 
   170:    6    1   -2    2    7    5   -9    4    2   -6 
   180:   -3    3   -4   -4    3    1    0    0    0    0 
   190:    0   -1   -1    0    4    6  -16   -8   -7   15 
   200:   -3   11  -14    9   -1    0    0    0    0    0 
   210:    0    0    0    0    0    0    0    0    1    2 
   220:  -42 -114  -14   -3    0  -15  -53   26   43   -5 
   230:   -7   28   23  -11   24   13  -18   -7   -7   -1 
   240:    1    1   -1    4    3    0   -5  -48   50   -1 
   250:   17    3   16    3   -6    4   -2    0    0    0 
   260:    0    0    0    0    0    0    0    0    0   -3 
   270:   10  -11   14   50   22   12   -3    7  116  159 
   280: -120   47  -25  -89  -64  124 -146 -108   58   14 
   290:   64    1   -9  -10   11    4   -5   -5   -9   15 
   300:  -24  -13  -14    1   -5   14   -1    3    0    0 
   310:    0    0    0    0    0    0    0    0    0    0 
   320:   -2   25   18   23   -4  -43  -78  -43    2   -8 
   330:  -94  -84   18   50   22  -15 -102  255  158 -208 
   340: -236 -191  -80    4   24   -5  -54    5    1   20 
   350:    9  -11    6   -4   -5  -11    1   -3   -9   -8 
   360:    1    0    0    0    0    0    0    0    0    0 
   370:    0    0    0  -25   44    4   -5   19   56   12 
   380:    4   67   80   66   56  225   44  -20 -143   55 
   390:  122   61  187  157  116   43  -16   12   14   23 
   400:  -16  -99   -3   28   -4   -2    9    4   -2    6 
   410:   11   -2    0    0    0    0    2    0    0    0 
   420:    0    0    0    0    0    9  -35  -23  -10  -10 
   430:  -50   -7    2  -77  -22  -26  -60 -102 -241  -24 
   440: -186  -53 -154   99   17   10  -83   -8   39  -27 
   450:    4   17  -19   15   12   -6    1    1  -13   -6 
   460:  -10    2   -7    0    2    0    0    0    0    0 
   470:    0    0    0    0    0    0  -10   40   42   18 
   480:  -18  -21  -16  -50  -58   86   22   19   26   28 
   490:   16   70    5  -99   47  -27   43   -9   -4   -1 
   500:   22   53   30  -37   17   -6   -6    5  -10   -6 
   510:    9  -10    2    6    4    4   -1    0    0    0 
   520:    0    0    0    0    0    0    0    0   35   -2 
   530:  -12   45   -3   -1   23    3   19  -44   73   34 
   540:   24   23  -42    1  -75  -14  -27   29   13   59 
   550:   39  -16  -10  -32    6    3    9    7  -16   11 
   560:   13   -2   -8    1   -1   -1   -1    0    1    0 
   570:    0    0    0    0    0    0    0    0    0    2 
   580:  -29   -2    4  -20  -12   15  -20   -3  -23  -38 
   590:   -3   -5   26   -5   15   66   35    5   -7  -42 
   600:   -7  -52   10    0  -16    4   12    8    6   -5 
   610:    8    5   15  -10    3   -1    0    0    0    3 
   620:   -1    0    0    0    0    0    0    0    0    0 
   630:    1   -7  -30   23   -6  -18   14   16   -6    7 
   640:   48   79    8    0   17   37  -15  -32   -5    9 
   650:    3    5   46  -23    5   -2   30   15   38  -21 
   660:   36  -21  -13   -7   -1    0   -1    0    0    0 
   670:    0   -2    0    0    0    0    0    0    0    0 
   680:    0    0    0   -5   17  -14   22    6   14    0 
   690:    3  -13  -12    1   -7   20  -21   27   34   34 
   700:  -17   12   -6  -35  -24  -11  -44  -16   -3  -24 
   710:   29    3  -17   51   48   10   -2    0    0    0 
   720:    0    0   -2    1    0    0    0    0    0    0 
   730:    0    0    0    0   -1   10  -17  -22    6   -1 
   740:   43   -4   -3   48  -15    7   -1   19    9  -34 
   750:  -21  -31    4   21   14    3    0   13   26    4 
   760:  -25   12    6   -9   -4   15    0   12    1   -1 
   770:    0    0    0    0    1   -1   -2    0    0    0 
   780:    0    0    0    0    0    0    0   -7  -23   47 
   790:    7  -11   11   39  -10  -34  -36  -65    9  -41 
   800:   14   11    5   18    7   10  -35    3  -23    6 
   810:    0   17   -3  -24   -5   40   24  -32  -11  -21 
   820:    0    0    0    0    0    0    0    0    0    5 
   830:    4   -1    0    0    0    0    0    0   -3   28 
   840:   42  -44  -40  -14  -26   -3   22   61  -29  -36 
   850:   10  -40   16   12   17  -31   17   12    3    3 
   860:    1   27  -10    2   34   18    7  -59    0   21 
   870:   36   13    0    0    0    0    0    0    0   -1 
   880:    0   -1    0    0    0    0    0    0    0    0 
   890:    4  -33  -44    0    9   -1    1  -21  -18   23 
   900:   53   20   27   20    9   16   34   41  -38  -51 
   910:   41   14  -18  -14  -21   -6    4  -11  -54  -54 
   920:    4   -5  -21   44   -2    0    0    0    0    0 
   930:    0    0    0    0    0    0    0    0    0    0 
   940:    0    0    0    5   12    7  -16    2    7    4 
   950:   23   43   25  -33  -20  -61    4   34  -14  -14 
   960:   30   50  -51   -7    2   15   -9  -34  -15  -12 
   970:   14    1   61   -3    4   -7    1    0    0    0 
   980:    0    0    1    2    0    0    0    0    0    0 
   990:    0    0    0    0   -1    0   86   35   13  -21 
  1000:   51   16  -15  -45   -5  -10   16   31   40  -37 
  1010:   31  -10   32  -44   84   61    7  -13  -34   -2 
  1020:    6  -12   61   25  -12   23   47   50  -10    1 
  1030:    0    0    0    0   -1    3    0    0    0    0 
  1040:    0    0    0    0    0    0    0    2  -36 -101 
  1050:    9    9   -3  -44   14   -6  -40   -5   43  -12 
  1060:  -51   19  -17   11 -141   21 -123  -36  -20  -13 
  1070:   48    8  -15   20  -18  -34  -11  -44    5    9 
  1080:    7   -1    0    0    0    0    0    2    0    0 
  1090:    0    0    0    0    0    0    0    0    0   -2 
  1100:   25   -1  -18   13   -1   30    9   12   35    5 
  1110:   40   20  -11   66   26   10    8   46   41   27 
  1120:  -92   -4   13   26   12   90   20   41   35  -41 
  1130:   25   49  -10    1    0    0    0    0    0   -4 
  1140:    0    0    0    0    0    0    0    0    0    0 
  1150:    0   -3   11   46   89  -15    5  -42  -59  102 
  1160: -107  -47 -178  -66  153  -12  -17   32  -12  -23 
  1170:   -6  137  172   36 -116 -113  -59  -90 -117 -177 
  1180: -106  -23    8   15   18   -2    0    0    0    0 
  1190:    0    5    0    0    0    0    0    0    0    0 
  1200:    0    0    0    3  -24  -75   82  -39   44   -4 
  1210:  -21  -68  127   43  228   67 -219  172   21  -19 
  1220:   -7  109    6 -125 -176   -7   29   90   59  -47 
  1230:  124  220  183  146   58   30   -9    0    0    0 
  1240:    0    0    0   -1    0    0    0    0    0    0 
  1250:    0    0    0    0    0   -2   12  109  -79   42 
  1260:  -43 -111  107   73  -14   44 -100   32  131 -243 
  1270:  -15   61    0   -1   43  171 -196  -69   57  -86 
  1280: -157   50  -79 -130 -203  -74 -101  -31    6    0 
  1290:    0    0    0    0    0    2    0    0    0    0 
  1300:    0    0    0    0    0    0    0    4  -29 -218 
  1310:  133  -37   79   44 -133   26  -72  -32   11    0 
  1320:   77 -125  134  -49   25  -10  -24 -164  220  120 
  1330:  -91   22  116   -6   85  273  298   98   89    3 
  1340:   -1    0    0    0    0    0    0   -1    0    0 
  1350:    0    0    0    0    0    0    0    0    0    0 
  1360:    9  -34 -153   77    4  -80   77   -8   40   -3 
  1370:   31   13   -6   -2  -27   31   86   10  -17  123 
  1380: -310  155  -99  166  129 -209   56 -248 -142   46 
  1390: -197  -64    8    0    0    0    0    0    0   -5 
  1400:    0    0    0    0    0    0    0    0    0    0 
  1410:    0    0    8  -89   -2  -65   36  -26   65  -38 
  1420:   70    6 -122   33  -16  -18  -38   24  -70 -212 
  1430:   69 -101  178 -131  255 -133 -130  201 -139  -83 
  1440:  -76   72  211   -3   -1    0    0    0    0    0 
  1450:    0   -1    0    0    0    0    0    0    0    0 
  1460:    0    0    0    0   -9   70   15   47    2  -88 
  1470:  -65    9  -32   45    4  -12   -5   24  -59  -13 
  1480:   -5   36  -16   76  -67  -55 -273  118  168 -179 
  1490:  196  201 -122  101 -137    6    1    0    0    0 
  1500:    0    0    0   -1    0    0    0    0    0    0 
  1510:    0    0    0    0    0    0    6  -50  -19  -44 
  1520:   68  -39   53  -40  -38  -50  -57  -14   38   24 
  1530:   10   22   15   13   -9   -4   13  -50   41    4 
  1540: -136  159 -231  138  -95  -38   45   -3    0    0 
  1550:    0    0    0    0   -2   -2    1    0    0    0 
  1560:    0    0    0    0    0    0    0    0   -6   47 
  1570:   26   44  -32  -17  -66 -101  -56   48   17  -48 
  1580:   32 -158   57   52  -65  -91  100  -30  -21   26 
  1590:  -31   -9   74    0    4  -15  108  -66  -18    2 
  1600:    0    3    0    0    0    0    0    5   -1    0 
  1610:    0    0    0    0    0    0    0    0    0    0 
  1620:    4  -42   54    2  -15  111   58   34   43    5 
  1630:  -17   50  -89   92  -85   12   16   27 -109    4 
  1640:   67 -140   52    8  -27   19  -18    3  -39   -1 
  1650:    2    0    0    2    4    0    0    0    0    1 
  1660:    0    0    0    0    0    0    0    0    0    0 
  1670:    0    0   -6   58    4   25   73  -10  -26  -12 
  1680:  128   78  -15   11   39   50   25   25   50  -87 
  1690:   95   29  -99  160 -141  -11    6  -90   80    6 
  1700:   28    3   -2    0    0    0    0    0    0    0 
  1710:    1    3    0    0    0    0    0    0    0    0 
  1720:    0    0    0    0    2   -5   34   18  -91  -47 
  1730:  -14   -3   49  -27  -70   32  135  -26  -52  149 
  1740:  -41   69   29  -11  -21 -136  161   35  -85  128 
  1750:  -42   54  -95   36    7    0    0    0    0    0 
  1760:    0    0   -1    1    0    0    0    0    0    0 
  1770:   -1    1    0    0    0    0    0   42  -17   14 
  1780:   11   10  -12   23   93    1   19    5   58   75 
  1790:   -4  154  -62  -74  -10  122   20  -19  -22   -6 
  1800:   10  -38   61  -31  101  -66   -5    0    0    0 
  1810:    0    0    0    0    1   -3    1    0    0    0 
  1820:    0    0    0   -4   -4    0    0    0   -3  -30 
  1830:    7  -21    0    5   48  -22  -43  -29  -54   71 
  1840:   -2  -63 -117 -162  -28   48  -21   14   43   41 
  1850:   56  -22  -60  -12  -54   61  -98   10    1    0 
  1860:    0    0    0    0    0    0    0    1    0    0 
  1870:    0    0    0    0    0   -1    0    0   -1    0 
  1880:    1    4   56  -21  -45   35  -61   38  -39  166 
  1890:  -62    5  -24   90  113  139 -223 -178  176  -80 
  1900:   53  -27   71  -99   53   43   17  -65   87  -74 
  1910:    8    0    0    0    0    0    0    0    0    3 
  1920:    0    0    0    0    1    0    0    0    0    0 
  1930:    0    0    1  -31  -62  100    5    4  -16  -31 
  1940:  201  -49  128  -88   74  -94  -56   85  261    3 
  1950:  -28  -55   88   23  -52   42  -19  -31  -72  -15 
  1960:   10   10   -1    0    0    0    0    0    0    0 
  1970:   -1   -4    0    0    0    0    0    0    0    0 
  1980:    0    0    0    0   -6   36  175   99 -103   54 
  1990:   16   39  -44   19 -126   64  -61    1   35   61 
  2000: -120    5   -8  237 -130   37 -121 -109   13  -78 
  2010:   22  -63   -8  -13    1    0    0    0    0    0 
  2020:    0    0   -1    2    0    0    0    0    0    0 
  2030:    0    0    0    0    0    1  -14  -37 -135  -55 
  2040:   90  -49   33  147  -18  -70   53 -110   12   59 
  2050:  -29  -28   53   58  -74 -242  167  -77    1   48 
  2060:    5   70   91   -1  -32   17   -2    0    0    1 
  2070:    0    0    0    0    0   -1    0    0    0    0 
  2080:    0    0    0    0    0    0    0   11  -80  -30 
  2090:   51  -74    8   -4   -8 -116 -104   39    1   63 
  2100:  -46  -74   58  -25  -14   90  209   31 -331 -116 
  2110:   67  138  -49  -41  -75  -81    4  -47    6    0 
  2120:    0    0    0    0    0    0    1   -1    0    0 
  2130:    0    0    0    0    0    0    0    0    0  -12 
  2140:   47   28   16   30  -35  -69   19   27   59  -13 
  2150:    7    3  -10  -43  -49   65  -80 -154    6  187 
  2160:  156  -41 -195  -80   42  -72   36   -5 -133   40 
  2170:   -3    0    0    0    0    0    0    0   -1    0 
  2180:    0    0    0    0    0    1    0    0    0   -2 
  2190:    5   -7 -107  -64 -108  -10  -50  -37   98   -4 
  2200:  -78  -12   19   32  -46    1   29    4   78  101 
  2210: -295  -30  163  186  221   13 -117  100  -25  -50 
  2220:  186   14    0    0    0    0    0    0    0    2 
  2230:   -2    4   -1    0    0    0   -4   -5    0   -1 
  2240:    3    4  -10   49   82   37   59   15   81  -17 
  2250:  -26   19  -23   42   66  -15   74   30    4  -53 
  2260:   24  -99  157 -280 -138   -8  142  292  -37 -107 
  2270:   55    6 -161   92  -19    0    0    1    0    0 
  2280:    0    0    1    1    0    1   -3    0   10   20 
  2290:    3    2   -7  -10  -24  -40 -150   -1  -27  -29 
  2300:   75   59  -15   53    6  -38  -12  -79  -76   57 
  2310:   73   -9  -96   20    3   14   16 -187  160   70 
  2320:   63 -115  157  -90   59 -126   14   12    0    0 
  2330:    0    0    0    0    0    4   19   -7    4   -9 
  2340:  -47  -19   -4  -82   22  -24   15   11   85  -53 
  2350:  -20  -21  -55   53  -94  -23  -46   88   33   -4 
  2360:  118  -71  -24  106   25   12  -78   81  -56   54 
  2370:   50 -156  134 -109  -51  134   -3  -19   61   -7 
  2380:    0    2   -1    0    0    0    0   -3   -5   19 
  2390:  -66    4    7    8  -26  -16   -2  -24  -49  -10 
  2400:  -24   13   -6   31    3  -13   26   10  -33   -5 
  2410:    9   17  -22   13    6  -19   -8   13    7  -29 
  2420:    6  -16   -9   26  -28   26    7  -30    5    0 
  2430:   -4    4    1  -12    4    0    0   -2    0    0 
  2440:   28   -4    0  -23  -11    9   -1    1  -17   40 
  2450:   35   -1  -18   14  -20  -27  -11    0   20   22 
  2460:   31  -11    6    8    3    1   -2    7    1   14 
  2470:   -2   14    1   11   -1   -2   14  -11  -11   15 
  2480:   -8   13    6    8  -10   10  -24    0    8   -2 
  2490:   -2    6   -1   39    6   11 
