     0:    2    3   -3   -2   -2    5  -10   17    3   -6 
    10:    2    4    7    4   -5    6    5    5   -7    6 
    20:    2  -32  -17  -27   25  -11    0    0    0    0 
    30:    4  -38   89 -148    5  -11  -44  -42    8    2 
    40:   17  -10    5    6   33 -126  -23  -76   -4   94 
    50:    3    2    0    1    0   -3   -1  368   18   54 
    60:   41  166  282 -134 -150   27 -102   91  -56  -50 
    70:  -82 -278  110   98 -424   45   37   -7   -1    0 
    80:    0    0  -44 -195   37  189   62    4  -84 -122 
    90: -220  136   47 -163 -126   58  -40  -42  -24 -137 
   100:  192   50   -8    0   -1    0    1   -6    0   77 
   110:   88   98  -20   26  119  105   37   79  123   59 
   120:   58  106  210 -141  -72  -76 -125 -119   14    0 
   130:    0    0   -1    2  -16   14   77  -68  -43  -21 
   140:  109  -63   75  -46  101  -58   54   88  100  -49 
   150: -393  -10   17    8   -2    0    0    0   -3   36 
   160:  -44  107   72   36  -23  -64   14   69 -102   -8 
   170:  355 -139  -54 -105  110   21    7   11   -1   -6 
   180:   -4    1    0    0    7  -79 -132   94  -64    5 
   190:  -44 -176  -14   99 -106   15 -123  102   82  -56 
   200:   64   18  -25    2    0    2    5    2    0    0 
   210:   -1   13   96   76  -21  -13  -61  -21  -58  -51 
   220: -136  -59   64  -90   44 -138   -9  -59  -52    8 
   230:    0   -1   -1    0    0    0    0   -2   31  -53 
   240:  -35   15   -8  -45  -58 -104  -66 -197   42  -69 
   250:  -34 -177    9   57   47   -4    0    1   -1    0 
   260:    0    0    0    0   12  -65  -76  -77  -10  -74 
   270:  -33  -60 -105   96   36    2    3  -65   -9   37 
   280:   42   -5    0    4    3    0    0    0   -2   17 
   290:  111 -202   39   39  -85  109   -1  -51   -6  184 
   300:  -94 -156  -88  122   75   24  -39    5    0   -2 
   310:   -3    1    0    0    1  -11  -82   51   97   36 
   320:  -26   32   38 -154  -60  196 -151   12   39  100 
   330:   29  141    3   -1    0   -1    1    0    0    0 
   340:    0    6  -34   61   95 -347   73  171 -164   51 
   350: -131 -112 -178  -25   79   30 -161   63    8   -1 
   360:    0   -2    0    0    0    0    0   -5   26  107 
   370:  -26  -44  128  -53  -18   37  -80 -151 -125 -104 
   380:    4 -130 -283   49   -5    0    0   -3    1    0 
   390:    0    0    0   -4   26  140  -89   23   95 -140 
   400:  153  160  275  126   11  105   63 -158  -14  -32 
   410:   12    6    0    2   -1    0    0    0    0   -2 
   420:   36 -102 -122  -80 -300 -274 -107  154  145    0 
   430:  -91 -240  182   19  -43  -16    1    0    1    6 
   440:   -6    1    0    1    0    0   14 -135   74    6 
   450:  330 -215  140 -216  -54 -123   -4 -259 -107 -144 
   460:  255  -27    2    0    0   -3    1    0    0   -1 
   470:   -1   -5   67  119  -21 -136 -103 -192   81  -66 
   480: -302  -37   43   27  -86 -108  186    5   -2    0 
   490:    0   -3   -1    0    0    0    0   -2   38 -104 
   500: -243  134 -162  -47  100  124  109  -22 -124 -135 
   510:   86  -83 -349   12    3    0    0   -2   -2    0 
   520:   -1    0    6  -88   57  -93   63  -55  -47   51 
   530:   -9  189  105 -122   96    9 -171  109 -107   -7 
   540:    1    0    0    3   -1    1   26  -45   10  134 
   550: -152 -186   16   72   -5   48   59  -53  -50  -48 
   560:   73   20    6 -103 -182  -67   11    3    1   -6 
   570:   18   38  -44  307 -226 -133  201 -143 -290  -45 
   580:  -95    8  120   -6 -160   75 -156  -25 -319  102 
   590:   23  135  -35   -6   -7   35 -240 -197 -368   16 
   600: -155  198  115 -303 -630 -422 -165   22 -102   -8 
   610:   45  118   21  -19  121  -14  -89   73   -9  -87 
   620:   37 -154   98 -244 
