     0:    0   -1    0    0    0   -1    0    1    0    0 
    10:   -1    2    1    0    0   -1    0    0    0    0 
    20:    0    0   -1   -1    0    0   -1    0    0   -2 
    30:    1    0    1    0    0    0    0    1    0    0 
    40:    0    0    4    0    0    0   -1    6   -1    0 
    50:    0    0    0    0    0    0    0    0    0    0 
    60:    0    0    0    0    0    0    0    0    0    0 
    70:    0    0    0    0    0    0    0    0    0    0 
    80:    0    0    0    0    0    0    0    0    0    0 
    90:    0    0    0    1    1   -2    0    0    0    0 
   100:    0    0    0    0    0    0    0    0    0    0 
   110:    0    0    0    0    0   -1    2    2   -3    0 
   120:    0    0    0    0    0    0    0    0    0    0 
   130:    0    0    0    0    0    0    0    0    0    0 
   140:    0    0    0    0    0    0    0    0    0   -1 
   150:    1    0    0    0    0    0    0    0    0    0 
   160:    0    0    0    0    0    0   -2    8  -12  -13 
   170:   -6    1    1   -1    0    1   -1    2    0    0 
   180:    0    0    0    0    0    0    0    0    0    0 
   190:    0    0    0    0    0   -2    6    2   -3    1 
   200:   -1    3   -4    0    0    0    0    0    0    0 
   210:    0    0    0    0    0    0    0    0    6    3 
   220:  -25  -20    4    1    4   -2   10   -1    3  -14 
   230:   -5   -3   -2   -2    5   -4    3    1    0    1 
   240:    0    0    0   -2    2   -1   -8    6   -7    2 
   250:    3    3    0    0   -1    1    0    0    0    0 
   260:    0    0    0    0    0    0    0    0    2  -15 
   270:   30   -4  -29   -7    9   -2  -18    4   -2   12 
   280:  -13   -4    0   -4  -12   -5   -5   -4   -8   -8 
   290:   -8   -7    8   -7  -12   16   -7    2    0   -5 
   300:    1   -5    1   -2   -2   -2    2    2    0    0 
   310:    0    0    0    0    0    0    0    0    0    0 
   320:   -1    6    7    4  -10  -22   24   -7  -10   18 
   330:   -7    7    2   -5    4    7  -22   23   -9   12 
   340:   27  -18   38  -34  -21    2   14   38  -26   -2 
   350:   -5    0    0   -2    0   -2   -2   -3   -4    1 
   360:    0    0    0    0   -1    0    0    0    0    0 
   370:    0    0    3  -29   14   -7   -3  -14   -5   -8 
   380:    4   26    9   -6   -9  -19   16  -18   10   -3 
   390:  -17   14   -4   19  -20   23  -41   34   11   17 
   400:  -34   25   -3    0    0    1    0    0   -3    0 
   410:   -3    0    0    0    0    0    1    0    0    0 
   420:    0    0    0    1  -11   14   -7  -11   17  -11 
   430:  -18   -5   32   -9   37  -26  -34   21   21    6 
   440:   -7   17    8  -32   25   -5    0    9  -14   21 
   450:    9  -15   -1    9   -5   -2   -1    0    7    7 
   460:   -3   -1    1    0    0    0    0    0    0    0 
   470:    0    0    0    0    0   -2  -17    2    1  -21 
   480:   14  -24    3  -10   11  -16   43    1    3   22 
   490:    6    4    1  -24    5   -2   -7   -9    7  -13 
   500:  -16   17    7  -21   -9    7   -6   -5    1   -1 
   510:    1    1    1    0    0    0    0    0    0    0 
   520:    0    0    0    0    0    0    0    5    0  -19 
   530:   20  -10   26  -11   26  -26  -12  -18   11  -24 
   540:    8    8    7   -5   40   -8  -26   40  -36   -7 
   550:   -3   31    2   13  -24    3   40   -8    0   -5 
   560:    0    3    0    0    0    0   -1    0    0    0 
   570:    0    0    0    0    0    0    0    0    0  -10 
   580:   26    0    0   -6   -7   -4  -16   12  -18   18 
   590:  -13  -12  -10    4    3   12    1   -6  -26   26 
   600:  -16   -7   11  -22   10    4  -23   11    3  -10 
   610:    5    1    0    0    0    0    0    0    0    0 
   620:    0    0    0    0    0    0    0    0    0    0 
   630:   -1   -5   17    3   14   12   13    7   -5   17 
   640:  -19   14  -17   11   25  -20   -5   44  -24    0 
   650:   -3   -3   10   -6    6  -11   18    5  -28   28 
   660:   -1  -25   24   -4    0    0    0    0    0    0 
   670:    0    0    0    0    0    0    0    0    0    0 
   680:    0    0   -2   14    1   28   -1  -14   -4   37 
   690:  -18   26  -34  -18   -4   -6    0    2  -31    0 
   700:   14   21    5    0    0   12    9   16    5  -19 
   710:  -12    0  -34   19    0   -1    0    0    0    0 
   720:    0    0    0    1    0    0    0    0    0    0 
   730:    0    0    0   -1    5   -9   -6  -39    0   15 
   740:  -39    3   21    8  -11   13    1   -5  -24   14 
   750:    7   -1   10    0   -3    0   16   18    6    9 
   760:    5  -20    0    7   21   22  -18   -2    1    0 
   770:    0    0    0    0    0    0    0   -1    0    0 
   780:    0    0    0    0    0    0    0    4   25    4 
   790:  -17   15   16  -29  -14    8    2    4   22  -18 
   800:    0   -9   10    8   -6  -11   16   -4    2   11 
   810:   -3   -9   21  -25   14   36   -5  -18  -31    6 
   820:    3    0    0    0    0    0    0    0    0   -1 
   830:    0    0    0    0    0    0    0    0    1    2 
   840:   14    5    2  -15    3   23  -24   15  -12   12 
   850:   18    5   -3   -4    8   -3  -24    9    3   -7 
   860:    3  -11   -1  -16   -4  -13   15    5  -34   24 
   870:    9    0    1    0    0    0    0    0    0    0 
   880:    0    0    0    0    0    0    0    0    0    0 
   890:   -1    5    7   15  -17  -27   28  -33   17   -9 
   900:   -6   -9   15    1   21   -3    2   22  -27    9 
   910:    7   -2   -5    8   14  -16    3  -15    2  -11 
   920:   29   -1   20   -3    0    0    0    0    0    0 
   930:    0    0    0    0    0    0    0    0    0    0 
   940:    0    0   -2   11    7  -11   -5    3  -39   41 
   950:   -2    7   -4   -7   -1   -2   -4    1  -10   25 
   960:   -3  -23   -5   -3    8    5    4   -6   15  -13 
   970:  -12   33   22  -26  -19    8    0    0    0    0 
   980:    0    0    0    0    0    0    0    0    0    0 
   990:    0    0    0    0    0    1  -10  -24    2   29 
  1000:   -5   -8    7   12   15    2    0  -10  -42   10 
  1010:   26   24   11  -18   -2    0   -7   15   15    2 
  1020:  -17    9   -5   36   10  -13  -24    9    0    0 
  1030:    0    0    0    0    0    0    0    0    0    0 
  1040:    0    0    0    0    0    0    0    1   -1   21 
  1050:    2    8    6  -19    8   16   33  -26  -12  -12 
  1060:   -6   30   32    0   -9   -3   10    8  -24   21 
  1070:   -5    9  -54   48  -39    9   39  -25  -27   11 
  1080:    0    0    0    0    0    0    0    0    0    0 
  1090:    0    0    0    0    0    0    0    0    0   -4 
  1100:   25    7   -6   14  -25   10   15   10  -18  -12 
  1110:   -9   17    9   -5   15  -14   -9   -7    5   22 
  1120:  -30   38  -25    6  -21  -18    2  -38   33   15 
  1130:  -26   -9    3    0    0    0    0    0    0    1 
  1140:    0    0    0    0    0    0    0    0    0    0 
  1150:    0   -2   10   15   -6  -26    2   24    3   -1 
  1160:  -15  -13    5   20  -19    6   -5    3    2  -10 
  1170:    3   -5  -29   21    8   54    7   -4   -3    0 
  1180:   17   27   23    2   -1    0    0    0    0    0 
  1190:    1    1    0    0    0    0    0    0    0    0 
  1200:    0    0    0    1  -13    8    2   11   28  -21 
  1210:  -13   16   -5  -13   28  -16   14    3   -2    6 
  1220:   -8   -4  -11    8   17  -32  -12   15   14   -1 
  1230:    5  -12  -12    0   19   -4    0    0    0    0 
  1240:    0    0    0    0    0    0    0    0    0    0 
  1250:    0    0    0    0    0    0    6   -2    1    9 
  1260:   -3   -6   -9    5  -20   -2  -10   -5   10   -2 
  1270:   -1    9   12    1  -18    1    0   -3   -1   -2 
  1280:   -7   -4   -1    0  -15   12   21   -8    1    0 
  1290:    0    0    0    0    0   -2    0    0    0    0 
  1300:    0    0    0    0    0    0    0    0    3   10 
  1310:  -18   21   30  -10   -3    9    1    7  -16   -5 
  1320:   -9    0  -20    9   -8    1    7   -4    3   -5 
  1330:    8   -7    7   25   -2  -18   11    6    9    1 
  1340:    0    0    0    0    0    0    0    0    0    0 
  1350:    0    0    0    0    0    0    0    0    0    0 
  1360:   -3    5   15   -2    6   -1   37   -5   -9    8 
  1370:    1   -2   31  -13   -5   18   -7  -18   18   -9 
  1380:   10   -1    4    7  -20   -5    1    6    9   16 
  1390:  -13    0    0    0    0    0    0    0   -1   -1 
  1400:    0    0    0    0    0    0    0    0    0    0 
  1410:    0    1   -7    7    5    8  -17   23   -9    8 
  1420:  -12    6   -6   -6  -32   27    4    2   -1    4 
  1430:   -5  -13    3    1    1   -4    0   -2    8    6 
  1440:   -1   15    5   -1    0    0    0    0    0    0 
  1450:    0   -1    0    0    0    0    0    0    0    0 
  1460:    0    0    0   -1    5   20   -1  -27    5   25 
  1470:    1  -10  -18   10   20  -12   -7   14    3   -6 
  1480:    4   -4   -8    4    9   -4  -23    1   10    6 
  1490:   -2   21   -7   13   -2    0    0    0    0    0 
  1500:    0    0    0   -1    0    0    0    0    0    0 
  1510:    0    0    0    0    0    0   -4   19   31   -9 
  1520:   -7    6   10    4    5   -1    7   -2   18   10 
  1530:  -12   -1    3    0    1   -1    3   -1   -4    7 
  1540:   -9   10    8    1   12    6   -1    0    0    0 
  1550:    0    0    0    0    0    0    0    0    0    0 
  1560:    0    0    0    0    0    0    0    0    0   16 
  1570:   -6    7  -16   -3   37    2  -13   -1  -17   14 
  1580:  -10  -14   -8  -14    0    4    0  -11    5   16 
  1590:   -5    0    0   -5    1   -3    4   -1    0    0 
  1600:    1   -1    0    0    0    0    0    1    0    0 
  1610:    0    0    0    0    0    0    0    0    0    0 
  1620:    2    2    1    9  -14   13   24  -23   -2   -6 
  1630:  -21   22    0    1   -5   10   -1   -9  -10   14 
  1640:   -7    9    2    2   -4    7   -8    2   -2    0 
  1650:    0    0    0    1    0    0    0    0    1    0 
  1660:    0    0    0    0    0    0    0    0    0    0 
  1670:    0    0   -1   -1  -14   -4   33   -1    3   15 
  1680:    7  -19    1    8   -7   -7   36   -9   -2    0 
  1690:   12   29   -8   -9  -15   -9   29   15  -28   -1 
  1700:    5    3    0    0    0    0    0    0    0    0 
  1710:    0   -1    0    0    0    0    0    0    0    0 
  1720:    0    0    0    0   -5    9   24  -12  -12   -5 
  1730:   -3    5   35   -2    1   -3   14   -9   11   -2 
  1740:    7   25  -23   13   -8    3  -12    8    5   11 
  1750:  -25    0    2    0    0    0    0    0    0    0 
  1760:    0    0    0   -1    0    0    0    0    0    0 
  1770:    0    0    0    0    0   -1    5   -8    7    5 
  1780:   14  -16   -4   -8   24    6  -12   17   -7   16 
  1790:  -20  -10   19   -7   -7    5    2   -2  -13   -6 
  1800:    6    0  -14   -9   -7    1    0    0    0    0 
  1810:    0    0    0    0   -1    0    0    0    0    0 
  1820:    0    0    0    0   -1    0    0   -1    6  -17 
  1830:  -10   11   -7   -2  -17   23   11  -21  -21   -5 
  1840:    2  -22   11  -24   27  -30    9    1  -13   21 
  1850:  -19    1   15   -1   -2  -17    7   -3    0    0 
  1860:    0    0    0    0    0    0    0    0    0    0 
  1870:    0    0    0    0    0    0    0    0    0    1 
  1880:   -3    2   -7   -5   -7    6  -10   -5   -5   -4 
  1890:   -3    2   16  -13  -21   11    6   18  -18   -2 
  1900:  -12  -16    0    1   -3    8   -7   20    1   -1 
  1910:    0    0    0    0    0    0    0    0    0    0 
  1920:    0    0    0    0    0    0    0    0    0    0 
  1930:    0    1  -12   16   21   15  -24   -1   -6  -32 
  1940:   27  -23   -1  -11  -16   15  -30    5   15    7 
  1950:   -6  -22  -11   -2   19  -10    6    0   -2    0 
  1960:   -6    0    0    0    0    0    0    0    0    0 
  1970:    0    0    0    0    0    0    0    0    0    0 
  1980:    0    0    0   -1    7  -11   26  -32    1    9 
  1990:    4   -9   -6    9    9  -12  -14  -17    5  -25 
  2000:    1   26   16  -10   -1  -26    5   15   -6   -6 
  2010:    3   18    4   -3    0    0    0    0    0    0 
  2020:    0    0    0    0    0    0    0    0    0    0 
  2030:    0    0    0    0    0    1   -5  -17   10  -11 
  2040:  -11    4    7  -21   26    0   10    6   21  -13 
  2050:  -20   22    3   -2   -6  -19    7  -27  -10    3 
  2060:    3   -3    0    6    3   -3    0    0    0    0 
  2070:    0    0    0    0    0    0    0    0    0    0 
  2080:    0    0    0    0    0    0   -1    4    2   13 
  2090:   -5  -11  -11   16   14   -7  -16   22    6  -17 
  2100:   -5   24    4    5   -4   -7    9   16    4    9 
  2110:    6    6   -5   -3    2    6    1   -3    0    0 
  2120:    0    0    0    0    0    0    0    0    0    0 
  2130:    0    0    0    0    0    0    0    0   -1    9 
  2140:   -7   12   -8    8   -3    6   -9    6   29  -23 
  2150:  -15    5  -19  -11   17   -3    3    5    8   -2 
  2160:    3  -13    3   15    1   -1  -18   12    9    0 
  2170:    0    0    0    0    0    0    0    0    0    1 
  2180:    0    0    0    0    0    0    0    0    0   -1 
  2190:    3    5    1  -10    4  -27    7   -8    0   32 
  2200:  -14    1   26   10   -8   11   -3   15  -19   17 
  2210:   -6    3   -3    8   -7    5    6   -5   15  -12 
  2220:   -6   14   -2    0    0    0    0    0    0    0 
  2230:    0    0    0    0    0    0    0    0    0    4 
  2240:   -3   -2   10    6  -27   12   16   -1   40  -18 
  2250:   14  -21  -12    8   26   22  -21   15  -34  -14 
  2260:   17   -7   11   -7  -15    0  -14    3   20   -9 
  2270:   11    0   -1    9   -2    0    0    0    0    0 
  2280:    0    0    0    0    0    0    0    0    4    0 
  2290:    2   -8    3   -4   -5    8   13  -14   24   -5 
  2300:   -5   13   22  -23  -13   45   20   19   -5   -5 
  2310:    3  -16   16   -8   15   12   11   -7  -19   13 
  2320:    2    4  -11    6    4    1    0    1    0    0 
  2330:    0    0    0    0   -1    1    1   -1   -5    4 
  2340:    1    5   10  -28    3   11  -13   -1    3  -18 
  2350:    4   14   -2   -7   -5    5  -12    8   13   -5 
  2360:    1    1   10    4    4   -9   10   -2    2   -1 
  2370:    1    5   -6    5  -11    8    2   -1    4    1 
  2380:   -3   -5    1    0   -1    1    0    1   -2    8 
  2390:  -17    8    0    3    9   -2   -1   -1    6    0 
  2400:   20   -2   -2    6   10    5   -5   -4    2    0 
  2410:   -5    3    2    0   -2   -2    1    5   -4   -3 
  2420:    1    1    3   -1    0    3   -5   -4   -3    7 
  2430:    1    1  -11    6   -1    1   -2    0    1    1 
  2440:    2   12   -2   -1    8    3   28   -3  -12    8 
  2450:   -2    0    7   -2    0   -4    8   11  -11   10 
  2460:   -8    1    1    1   -3    1   -1    1    1   -5 
  2470:    5   -2   -9    8    5    3   -1    1    0    7 
  2480:   -2   -9    1    1   -3   -4    3    1    0   -1 
  2490:   -1   -3    4   16    4   -6 
