     0:    2    1    1    0   -2    0    0   -1    0    0 
    10:   -1    0    1    0    0   -1    2    0    0    1 
    20:    0    0    1    0   -1    0    1    0    2   -1 
    30:    0    1    1    0   -1   -1    0    1    0    1 
    40:    0    1    2    0    0    0    0    1   -1    1 
    50:   -1   -1    0    0    0    0    0    0    0    0 
    60:    0    0    0    0    0    0    0    0    0    0 
    70:    0    0    0    0    0    0    0    0    0    0 
    80:    0    0    0    0    0    0    0    0    0    0 
    90:    0    0    0    0   -1    1    0    0    0   -1 
   100:    0    0    0    0    0    0    0    0    0    0 
   110:    0    0    0    0    0    0    0    0    0    0 
   120:    0    0    0    0    0    0    0    0    0    0 
   130:    0    0    0    0    0    0    0    0    0    0 
   140:    0    0    0    0    0    0    2    0    0    0 
   150:    0    0    0    0    0    0    0    0    0    0 
   160:    0    0    0    0    0    0    0    0    1    1 
   170:   -1    0    0    0    0    0    0   -1    0    0 
   180:    0    0    0    0    0    0    0    0    0    0 
   190:    0    0    0    0    0    0   -2   -1    4    2 
   200:    0    0    1    1    0    0    0    0    0    0 
   210:    0    0    0    0    0    0    0    0    1   -2 
   220:   -6    8   -2   -3   -1    0   -2    1    6   10 
   230:    1    1    0    0    0    2    0    0    0    0 
   240:    0    0    0   -1   -1    0   -3    0    4    4 
   250:    1    0    0    0    3    0    0    0    0    0 
   260:    0    0    0    0   -1    0    0    0    0    0 
   270:   -2   -3    4    2   -3   12    1  -10    1   11 
   280:    8    2  -12  -11    2    2   -2   -4    0   -1 
   290:    2    1    1    0    0    4    4    0   -4   -2 
   300:   -2   -4    3   -3   -5   -1   -1    1    0    0 
   310:    0    0    0    0    0    0    0    0    0    0 
   320:    0    1   14    6   -7   -6  -14   -7   -9  -15 
   330:  -11   -4   -3    1   10    4   -4    2    9    9 
   340:    9   -1   -9   -1   -6    7    6  -11   -8    0 
   350:    6    0    0    1    1   -2    0    2    1   -1 
   360:    0    0    0    0    0    0    0    0    0    0 
   370:    0    0    1   -1  -12   -3   17   14   14    4 
   380:  -13   -3    4   -9   -3    3    1    5   14    8 
   390:   -1    7    7    7    7   -4    5   -3   -5    0 
   400:  -12   -7   -2   -2    0    0    2   -1   -1   -1 
   410:    0    0    0    0    0    0    0    0    0    0 
   420:    0    0    0    0   -2   -5  -10   -7    0  -10 
   430:    0    5    5   -5   -1   -1   -4    4   -6    3 
   440:    4  -10   -8   15   -8   -5  -11    4   15   -6 
   450:   -9  -23    7   -9   -5    1    0   -1    1   -1 
   460:   -1    6    2    1    0    0    0    0    0    0 
   470:    0    0    0    0    0    0   -1    0    1    6 
   480:   -1   -6   -6  -12    8    7   -5   10    4   -7 
   490:  -18   -2   -3    8   10   -7   -6   -5   -3  -20 
   500:    7    6  -20    0   11   -1   -4   -5   -1   -1 
   510:    1    0    0    0    0   -1    0    0    0    0 
   520:    0    0    0    0    0    0    0    2   11    2 
   530:  -10   12   16   28    6    0   15    7    6  -13 
   540:  -13   12   14    0   -4  -14   -1   -4    0   10 
   550:   -5   14   14   -9    7   10   13    1    2    0 
   560:    0    1   -2    0    0    0    0    1    0    0 
   570:    0    0    0    0    0    0    0    0    0   -3 
   580:  -16  -17   25   37   25   25   28    0   11   -2 
   590:  -22  -20   -8  -10   -1    9    2   -1   -5   -7 
   600:   -2    2   -9  -15   -9   -5   -4   -3   -4    5 
   610:   -5    0    0    1    0    0    0    0    0    0 
   620:    0    0    0    0    0    0    0    0    0    0 
   630:    0    5   14    5  -10  -29   -3  -22  -16   -5 
   640:   13   -4    3  -22  -17    6   -2    1  -12  -14 
   650:    6   -5   -3   14   15    6    4    0   -5    4 
   660:    4   -1    6    1    0    0    0    0    0    0 
   670:    0    1    0    0    0    0    0    0    0    0 
   680:    0    0    0   -3    6  -14  -18   -4    6    3 
   690:    5    4    6   11   -1    8   -8    7   14    5 
   700:    4    1   -2   -1    5   -1    0   -5   -1   -4 
   710:   -4    3   -3    0    5   -1    0    0    0    0 
   720:    0    0    0    0    0    0    0    0    0    0 
   730:    0    0    0    0    0   -2    7   19   22    2 
   740:   -2   -7  -12   -7   -8   -6   -2   -9   -2   -3 
   750:   -9    2    4   -2   -2   -3    2   -5    3    0 
   760:   -8   -3    5    7    5   10   -7    0    0    0 
   770:    0    0    0    0    0   -1    0    0    0    0 
   780:    0    0    0    0    0    0    1    4   -7    1 
   790:  -14   -7    2   13   -1    7   11   12   -5   -4 
   800:    0    0   -1    5   -1   -2    1    3    1    8 
   810:    3  -18    2    4    0    7    2   -1    4   -1 
   820:    0    0    0    0    0    0    0    0    0    1 
   830:    0    0    0    0    0    0    0    0    0    0 
   840:   -4    0    7    9    4   -5   -5   -3  -13   -7 
   850:   13    9    9    4   -1   -2    9    0    1   -2 
   860:    0    6   -5   -6   -3   -7    2    4    7   -4 
   870:  -14  -12    1    0    0    0    0    0    0    0 
   880:    0    0    0    0    0    0    0    0    0    0 
   890:    0   -5    3    6    7   -9  -11    8   -8    5 
   900:   17    6   -3   -5  -17   -2    8   -1   -4  -25 
   910:  -15   -2   -3  -10   -2    1    8    8   -1    2 
   920:    0    4    1    4    0    0    0    0    0    0 
   930:    0    0    0    0    0    0    0    0    0    0 
   940:    0    0    0    2    0  -12   -3    6    1  -12 
   950:    1    5    1    8    6    3    8   17   12    4 
   960:   16   17    4   -2    3    9    9    1   -4    2 
   970:    6   14    0    9    8  -11    0    0    0    0 
   980:    0    0    0    0    0    0    0    0    0    0 
   990:    0    0    0    0    0    0  -11   -1    2   -3 
  1000:   -5    4   -7    2    4    4   -8  -13  -19    1 
  1010:    9    0  -16   -4    1   -5   13    9   -3   -2 
  1020:  -10   -5   -7   -7    0    8    5  -12    0    0 
  1030:    0    0    0    0    0   -1    0    0    0    0 
  1040:    0    0    0    0    0    0    0    0    4   -4 
  1050:    0    5  -14  -25   -8    5    5    0  -14   -5 
  1060:    7   10    5    7    3    1    4   -2   -7  -11 
  1070:   -2   -4   -9    8    0   -1   -6   -5   -1   -3 
  1080:    0    0    0    0    0    0    0    1    0    0 
  1090:    0    0    0    0    0    0    0    0    0    0 
  1100:   -8   -5    2    4    1    1   -8   -1  -15    0 
  1110:    7   -7  -11  -11   -6   -3   -5   -1    9    0 
  1120:  -21  -25   -6   14   18   -1   10    8   -4    0 
  1130:    2    1    0    0    0    0    0    0    0    0 
  1140:    0    0    0    0    0    0    0    0    0    0 
  1150:    0    0    5   -8    9    4   -7    0   -4   -3 
  1160:    1    8   -8    4    5    1   -4   -1    1    4 
  1170:   -3   -3   16    0   -3  -10   -7   -2    2   -6 
  1180:   -5    2    1    3   -1    0    0    0    0    0 
  1190:    0    0    0    0    0    0    0    0    0    0 
  1200:    0    0    0    0   -1   -5    5   18   18   12 
  1210:   -6   -1   17    5    6    5    3    9   -3    0 
  1220:    0    5    6   -1  -12   18   10    3   -2   -3 
  1230:   -9   -5    2    7    9    5    0    0    0    0 
  1240:    0    0    0    1    0    0    0    0    0    0 
  1250:    0    0    0    0    0    0   -5   -5    1   -6 
  1260:  -15  -18   10    1  -10   -1   -3   -3  -11  -17 
  1270:   -7   -3   -1   -3    1   -3   -3   -1   -7  -14 
  1280:    5   19   -3   -2   -6   -1   -4    3    0    0 
  1290:    0    0    0    0    0   -1    0    0    0    0 
  1300:    0    0    0    0    0    0    0    0    1    0 
  1310:   -4    6    6   -5   -9   -1    4   12    5   -6 
  1320:    2    5    4   -6    0   -3   -2   -2   -1    8 
  1330:    4   -2    7  -10   -6   -4    2   -3   -3   -3 
  1340:    0    0    0    0    0    0    0    0    0    0 
  1350:    0    0    0    0    0    0    0    0    0    0 
  1360:    0    3   -5    0   -9    7    0    6   -4   -8 
  1370:   -6   -2   -1   -6    8    2    0    1    6    6 
  1380:    6   -3   -3   -1   -3   10    8   -2   -2    2 
  1390:    5    3    0    0    0    0    0    0    0    0 
  1400:    0    0    0    0    0    0    0    0    0    0 
  1410:    0    0    1   -4    0   -4   -7  -13    5   16 
  1420:    1   11    9    1    7   13   -3   -6   -5    2 
  1430:   -4   -7   -1   10   17    7  -11   -9   -9   -7 
  1440:    7    5    2    1    0    0    0    0    0    0 
  1450:    0    0    0    0    0    0    0    0    0    0 
  1460:    0    0    0    0    1  -10   -1   -3    2    3 
  1470:  -20   -8    1  -13   -5   -6    3   -5   -5   -4 
  1480:    0    0    1    5   -2   -1  -16   -9   -1   -3 
  1490:    6   14   -1   -7   -2    0    0    0    0    0 
  1500:    0    0    0    0    0    0    0    0    0    0 
  1510:    0    0    0    0    0    0    0    9   -1  -22 
  1520:  -11    8   13   -6   -7   -3    4   10   10    0 
  1530:    0    1    1    0    2   -1    1    2   -5    4 
  1540:    1   12   16  -15  -10    2   -2    0    0    0 
  1550:    0    0    0    0    0    0    0    0    0    0 
  1560:    0    0    0    0    0    0    0    0    0   -5 
  1570:   -8   -3    0   -1  -19  -15   -1    1    4  -10 
  1580:    0    2    5   13   -4   -3   -1    1    3    0 
  1590:    1    0   -1    0   -1    5    4   -1    0    0 
  1600:    0    2    0    0    0    0    0    1    0    0 
  1610:    0    0    0    0    0    0    0    0    0    0 
  1620:    0   10    8    5    2    4   23   16   -1   -4 
  1630:    5    8    3   10   -3   -2    3    1    9    6 
  1640:   -3   -9   -3    4    3    2    0   -3   -2   -1 
  1650:    0    0    0    0    0    0    0    0    0    1 
  1660:    0    0    0    0    0    0    0    0    0    0 
  1670:    0    0    0   12   14    4    5    5   -7  -17 
  1680:    6    5    8    8    2   14    2  -10    4   15 
  1690:    4    6   -3   16    7   -6   -6   -2    5   21 
  1700:    5    5    1    0    0    0    0    0    0    0 
  1710:    0    0    0    0    0    0    0    0    0    0 
  1720:    0    0    0    0    0    2  -16  -10    3   -1 
  1730:   -2   11   -2  -10  -13  -11   -2    7    0    2 
  1740:   -3    0    4   -1   -6    7    8   -4    9    8 
  1750:   -4    2    3   -5   -1    0    0    0    0    0 
  1760:    0    0    0    0    0    0    0    0    0    0 
  1770:    0    0    0    0    0    0    1    0   -7    0 
  1780:   14   10   -4  -21    8    2   10    3    1    1 
  1790:    8    3    2    2    6   10   12  -12  -14    2 
  1800:   -9   -5   -1    8    5    7    1    0    0    0 
  1810:    0    0    0    0    0    0    0    0    0    0 
  1820:    0    0    0    1    0    0    0    0    0   -9 
  1830:    1   -2    3    4    3    7    2   -1  -13   -6 
  1840:   -2   -6  -10   16   18   -3  -12  -11   -3   -2 
  1850:    8    3    3   -6  -10   -2   -3    1    0    0 
  1860:    0    0    0    0    0    0    0    0    0    0 
  1870:    0    0    0    0    0    0    0    0    1    0 
  1880:    0   -3   -6   -4    1   14   -3  -15  -11   -2 
  1890:    3    6    5   -5   11    5   -3   -9    6   -2 
  1900:    1    3   -4    1   -3  -14   -8   -3    8    6 
  1910:    0    0    0    0    0    0    0    0    0    1 
  1920:    0    0    0    0    0    0    0    0    0    0 
  1930:    0    0    1  -10  -12    1    0  -11    5   28 
  1940:   13    0   -2   -8   -9  -12   -8    7   18    5 
  1950:   -3    7   -1   -9    0   -6   -8   -5   -6   -7 
  1960:    6    1    0    0    0    0    0    0    0    0 
  1970:    0    0    0    0    0    0    0    0    0    0 
  1980:    0    0    0    0    0    3   11   -8  -16   -1 
  1990:  -13  -10   -8   -6   -6    1   12   -6    1   -8 
  2000:   -2    8    8    4   -3    1   -8   -6  -12    6 
  2010:    0   -6   -1    1    0    0    0    0    0    0 
  2020:    0    0    0   -1    0    0    0    0    0    0 
  2030:    0    0    0    0    0    0  -12  -10   -5    8 
  2040:   13   -1    2    1    1   -8    2   10   -6   -1 
  2050:   13   -1    9    5    4   -3    4   -3   -5   -7 
  2060:    2    4    5   -1    0   -2    0    0    0    0 
  2070:    0    0    0    0    0    1    0    0    0    0 
  2080:    0    0    0    0    0    0    0    0   -3    5 
  2090:    8   -5   -6  -18  -14   -8    5    9   18    8 
  2100:   -5   -5    1    8    2   10   -1    4   10    7 
  2110:    6   10   -4   -9   -2    1   -4   -2    0    0 
  2120:    0    0    0    0    0    0    0    0    0    0 
  2130:    0    0    0    0    0    0    0    0    0   -2 
  2140:   -4   13   14    7    6   10    7    4   14   -8 
  2150:  -18  -17  -13  -12   -8   -2   -4   -5  -18    6 
  2160:   21   19    5    3    0    7   -5   10    7   -1 
  2170:    0    0    0    0    0    0    0    0    0    0 
  2180:    0    0    0    0    0    0    0    0    0    0 
  2190:    0    0   -4   -9   -4   -3   -3    5   -7   -4 
  2200:  -15   15   12    7    4    8    7    7    7    1 
  2210:   -9  -12   10   11    3  -14  -10   -7    0   -9 
  2220:    5    1   -1    0    0    0    0    0    0    0 
  2230:    0   -1    0    0    0    0    0    0    0    0 
  2240:    0   -1    3   -5  -13   -2    5    9   -5  -12 
  2250:    6    9   13   23   -6   -1   -1  -11  -16   12 
  2260:    0    3    4    3    0   -3   -1   -4   -1   13 
  2270:    3    3    4   -7    1    0    0    0    0    0 
  2280:    0    0    0    0    0    0    0    0   -1    0 
  2290:    0   -1    0    2    1   11   -1   17   16    7 
  2300:    0   -3   -8    3   19    4   -8    2    1    5 
  2310:    4   -5    9   12   11    4   -2   -5   -5   -1 
  2320:    3   -8    4    0   -8    1   -5   -1    0    0 
  2330:    0    0    0    0    0    0    1    1    0    0 
  2340:   -1   -1    0   -5    2    2   12   -6    6   10 
  2350:    1    2  -10    0    2    6    3    5   14    7 
  2360:   -5  -17  -16    4    2    0   -4   -2    6    3 
  2370:    2   -4    3   -1    6    4   -2    1    0    0 
  2380:    0    0    0    0    0    0    0    0    0    3 
  2390:    1   -1   -3   -2   -3    4   -4   -3    0   -1 
  2400:    0    2   -2    1    5    5    0    0    3    1 
  2410:    2    7    7    4    3    0    2    3    0   -3 
  2420:    1    0    0    1   -1    2    2   -1   -1    3 
  2430:    4   -2    0   -2    0    0   -1    1    2   -1 
  2440:    2    3    2   -1    5    0   -5   -4    5    1 
  2450:    3    1    1    2   -1    3   -3   -2    2    0 
  2460:    9    8   -2   -2    0   -1    0    0    1    0 
  2470:   -2    0   -1   -1    5   -2    1    1    0    0 
  2480:   -3    0    2   -1   -1    6   -4   -1   -2    0 
  2490:    1    3    0    1    0   -2 
