     0:    0    0    0    0    0    0    0   -1    5   -3 
    10:    4    5    4   -1    6   -3    2    0    0    0 
    20:    0    0    0    0    0    0    0    0    0    0 
    30:    0    1   -3    0    2    0    0    0    0    0 
    40:    0    0    0    0   -1   -1    0    5    0   -3 
    50:    1   -5    7   -6    0    0    0    0    0    0 
    60:    0    0    0    0    0    0   -2    3   -3    0 
    70:    0    0    0    0    0    0    0    0    0   -1 
    80:    0    4   -2  -13   -7   11    6   -4    8   -7 
    90:    4   -6   -2    1   -4    0    0    2   -1    0 
   100:    0    0    1    6  -10   -2    1    0    0    0 
   110:    0    0    0    0    0   -2    6    2    0   -1 
   120:    2    4    3  -16   -7    0    5   -3   -1    2 
   130:   -4   10   -8    0   -7    0    0   -1    3    1 
   140:   -6   -5    0    0    0    0    0    0    0    0 
   150:    0    1   -1   -9   -2    0    3    7   -6    1 
   160:   -4   11   -4    0    0    4   -4    2   -3    2 
   170:   -3    4    2   -4   -8   -3    8    1    7    9 
   180:   -3    0    0    0    0    0    0    1   -4    2 
   190:   14  -12   11    6  -11    6   -7   -1   -3  -10 
   200:    3    1    1    3    1   -8   -1    7   -2    0 
   210:    6    7    3   -3    1   -4    1   -9    1    0 
   220:    0    0    0    0    1   -8   -5    7   -4  -10 
   230:    0   -2    4    5   -3   -3    5    0   -2    0 
   240:    0   -1    5    0    0   -1   -7    0   -1   -3 
   250:   10    6    0   -1    0   -3    1    0    0    0 
   260:    0    0    2    0   -1   -6    9  -12    7   -9 
   270:   -3   -1    6    6   -8   -3    4  -11    0    4 
   280:    1    4    6    6   -2    1   -3    0   -6    1 
   290:   12    5   -4   -2    0    0    0   -1    2    0 
   300:    3   -2   -5    4   -1   -3    7   -8   10    3 
   310:   -8    4   -6    2    3   -6   -3    4   -5    2 
   320:    6    3    1    5   -3    2   -1   -2   -2   -3 
   330:   -1    1    0    0    0    0    0   -5    8   -6 
   340:  -10   -5   -1   11   -4   11  -18   18   -5    5 
   350:   -3    6   -2   -5    1    1   -8   -9   -4   -4 
   360:    3    5    3   -2   -1  -13    7   -3    0    0 
   370:   -1    2    0   -4   -4    4   -4    4    1   -1 
   380:   -5    2    1   -3    0    0    3    7    0   -6 
   390:   -2   -1    1    2    8    7   -1   -5    4   -6 
   400:    2    1    3   -3   -4    0    0    1   -2    7 
   410:   -2   -1   -5    4    0    1    0   -5   -1    5 
   420:    0   -5    5    2    3    7    6    3    0    1 
   430:   -1   -3    0    4   -1    2    4   -7   -3   -3 
   440:    0    6    0    0    0    0   -3    4   -5    5 
   450:    1   -1   -4   -1    0    5   -2    0    1    1 
   460:   -7    2   -5    2    3    1    3    5   -3   -4 
   470:   -2    0   14   -3    6    1    0   -4    4    4 
   480:    0   -1    5    0   -1    4    7   -7    2    0 
   490:   -1   -2   -2    0    0    3   -1    1   -3    4 
   500:   -8    2   -8    0   -4    4   -6    2    5  -10 
   510:    9   -1   -2    0    1   -5   -5    0   -3    3 
   520:   -1   -3   -4    4    1    1    2   -2    0    4 
   530:   -3    2   -3   -8    2    0   -2    1   -2    1 
   540:    6    0    3    2    5    2   -2   11   -7    6 
   550:   -5    7   -5    7   -1    2   -6    0   -4    1 
   560:   -4    4    2    2    3   -5    2   -4   -1   -3 
   570:   -5    1    1    5   -2   -7    4   -3    3   -6 
   580:   -8   -1   -5   -8    0   -7    8   -5    2    3 
   590:    3    0    1  -12   -1   -9    3   -4   -5   -4 
   600:    1   -2   -5    3   -2    6   -2    3   -2    0 
   610:   -2   -4    2    0    9   -9    3   11    1    7 
   620:  -10    7    0   -6    8   -7    7   -1    0    3 
   630:    2    4    4   10    8   -2    4   -2   -1    0 
   640:    0    6    7    4   -2    5   -3    3    2    3 
   650:   -1   -6   13   -7   -1   -3   -6    9   -6    2 
   660:   -3  -10    3   -2    9   -1    1   -3   -3   -5 
   670:    0    2    8    1    5    2   -7   -5    3    8 
   680:   10    5   14   -7    9  -10   -1   -5    2   -6 
   690:    0    5   -5   -4   -3   -2   -2    2    1    2 
   700:   -5    6    0    0   -9   -4   -1   -6    8   -1 
   710:    3   -4    0    3   10   -5   -1   -1    3    6 
   720:  -13   10    4    3    2   -1   -1    3   -4    5 
   730:    6   -2   -2   -4   -9    4   10   -1    0    0 
   740:    1    2    0    2    0   -2    3    2    1    1 
   750:   20    8    3  -15   -1  -10  -21   15   -4   -5 
   760:    7   -5   -7   -1   -9    4    1    8    3   -9 
   770:    3  -11    4    0    1   -3    0   -2   -4   -2 
   780:   12    1   -6   -2    2   -6    2  -11  -21   -4 
   790:   19   -7    1   -5    5  -11    5   -4    3   -4 
   800:    4    0    1   -4   -9   -1    7   -2    4   -6 
   810:    8   -5   -4    0    0   -6   -1    0   -5    0 
   820:    3    8   -4    1    0   12    0  -10    2    2 
   830:   -4   -6    0   -3    4    7   -5    0    3    2 
   840:    2    7   -6    9  -12    3   -9    8   -4   -1 
   850:    0    2   -3    9    4    9   -1    2   -6    2 
   860:   -3    7  -11   13    1    0   -2    3    1   -1 
   870:    4    3   -5    1   -1   -3    3    2    4    1 
   880:   -6    7   -6    0  -12    3   -1    0    0    0 
   890:   -9   -2    0    5   -7    6    2    7    8   -5 
   900:   -6    4   -3    5   -4   -3    8    1    8    7 
   910:    1    1    1   -5   -2   -8    3    0   -3    2 
   920:   -3    6    2    0    0   -1    3    2    8   -1 
   930:   -1    1    5    0   -2    7    6   -8   -1   -9 
   940:   -2    9  -10   -7    6   -4    4   -3   -4   -2 
   950:    6   10    2    1   -1    2    0    3   -2    3 
   960:    0    0    0    1    5    3    3    3   -3    5 
   970:  -12   -3    8    0    1    2    0   -4    1    5 
   980:    5   -1    6    2    1    0   -2   -3   -4   -2 
   990:    7   -1   -3   -4   -1    4    0    0    0    0 
  1000:    0    0    6  -10   -1    5   -6   16   -3   -2 
  1010:   -3    4   -9    6   -4   -6   -9    2   11    3 
  1020:    0    7    8    2   -1    2    1   -4    1    2 
  1030:    9    3    7   -2    0    0    0    0    0   -6 
  1040:    7    1    7    0   -2    1    2    4    0   -4 
  1050:   -5   -4  -10   -1    2   -1   -2   -7   -2   -4 
  1060:   -2    3   -2   -1    5    6    9   -5    1    2 
  1070:    0    0    0    0    0    0    0    1    0   -7 
  1080:   -4  -16    0   -7   -1   -3   14   -3   -5    5 
  1090:   -7   -6   -9    0    1    1    2    0   -4    5 
  1100:    2   -4   -2   -6    0   -5   -3    0    0    0 
  1110:    0    0    0    0    0    1    2    4   -8    0 
  1120:   -4   -5    6   -6    8  -11    4   -3    3   11 
  1130:    8   -1    1    1    1    5    9   -5    9    2 
  1140:    2    0    2   -1    0    0    0    0    0    0 
  1150:    0   -1   -3    0    4   -6    2   16   -4    9 
  1160:   -4    0   -8   -4    2   -5   -6   -2   -1   -4 
  1170:    3   -3    2   -4   -3   -1  -10   -2   -4    3 
  1180:    1    0    0    0    0    0    0   -1   -3   -7 
  1190:    0   -2    2    0   -3    0   -6   -1    4    3 
  1200:    0    2    4    5  -11    6    3    0    9   -1 
  1210:    4    2   -5    0    7    2    0    0    0    0 
  1220:    0    0    0    0   -4    7   -4   13   10    0 
  1230:    9    3    0    5   -8    4   -3    0    4    2 
  1240:   -2    2   -1   -9    8   -5   -7   -4    4   -2 
  1250:    1   -5   -1   -1    0    0    0    0    1    1 
  1260:    1   -3    0    4   -3   -6    2    4    0   -6 
  1270:    5   -6   -3   -1    2    7   -5   -4    0    2 
  1280:    4   -9   -4    3    5   -7    1   -1    1    0 
  1290:    0    0    0    0    0    1    1    1    1   -4 
  1300:   -3   -4   11   -6    2    0    6   -7   -5   -6 
  1310:    7   -1    4   -4   -1    1   -3    0   -5   -4 
  1320:    0    3    0   -2    1    0    0    0    0    0 
  1330:    0    0    0   -1    1   -2    3   -2   -4    1 
  1340:   -3    3    1    0    1   -1    2    0   -2   -3 
  1350:    1   -1   -1    3    2    1    7   -2    1    0 
  1360:    0    0    0    0    0    0    0    0    0 
