     0:    0    0    0    0    0    0    0   -4   52    1 
    10:   -4    7  -21  -15    6    5    0    0    0    0 
    20:    0    0    0    0    0    0    0    0    0    1 
    30:    2    6   -1    4    3    0    0    0    0    0 
    40:    0    0   -2   -9  -22   14    9  -71   24   -1 
    50:    1    4  -37  -12   -7   -2    0    0    0    0 
    60:    0    0    0    1    0    0  -10  -12    0    0 
    70:   -1    0    0    0    0    0    0    0    1    2 
    80:   61  107   83   99  -17  -45  -42   -9  -16  -17 
    90:   20   10   -6  -12   -2   -1   -5   -7    1    4 
   100:   -3    9   17    5  -53   17   -1    0    0    0 
   110:    0    0    0    0    1  -22   84  145  164  161 
   120:   73  130  106  110   16  -31   -6    6   -8   -6 
   130:   17  -28    8   73   57  -13  -25  -67  -68  -29 
   140:   48    8   37    4   -1    0    0    0    0    0 
   150:   -2    7  -36   46  141  100 -136  -36   91    5 
   160:   55   46   60   23   -5   13   12    1  -39   68 
   170:   55   23  -21  -89  -67 -104  -81   -7   -9   67 
   180:   15   -7    0    0    0    0   -1    6   24  -71 
   190:  -66   96  -24   64  172  -93 -161 -158  -89    2 
   200:    4   -3    0   -7  -43    3   46    0  -54  -90 
   210:  -67  -43  -73  -80  -53  -53   31   12   -3    0 
   220:    0    0    0   -4   29  -35  -65   60   -3  -73 
   230:   92  -52 -220 -102   -5   -8  -80  -27    6   -8 
   240:  -40  -49   13   53   22  -38  -84  -70  -75  -80 
   250:  -78  -65  -29  -25  108    6   -1    0    0    0 
   260:   -4   17   17  -30   60    6  -82   65  -48  -16 
   270:  186  148  -32   -2   11   13  -12  -72   -6  -11 
   280:   28   51   26  -33  -61  -91  -93  -33    8   41 
   290:    1   54   -5   -1    0    0   -1   11  -50   62 
   300:   21  -34   30  -68  -29   96  -11  164 -187   -4 
   310:   91   25   14    2   30   58   -9   11   36   52 
   320:   64   51  -78 -125   12   70   59   51   23   44 
   330:   11   -2    0   -1    2    1   -2   50  -60  103 
   340:  -37   24   30  -12    8  -80  137 -159    7  -56 
   350:  -15   66   28  -34  -11    4   25   31   83  -93 
   360:  -77  106   57    8  -44 -132   77   34   -5    0 
   370:    1   13   26  -30   45  -42   48  -23   25   10 
   380:    0   18  -14  -52   68   93   25    2  -49  -26 
   390:  -46  -68  -39  -45  -48  -12  -41  -42   94   -1 
   400:  -10   14  -33   14   53   -4    0   -7   10   26 
   410:  -28   30  -44   -5    3    4   -2  -11    4    0 
   420:   -4   40 -122  -15   86   51  -49 -109    0    4 
   430:  -16   -5  -57   13    7   -6   33   11   57   40 
   440:   56   77   -3   -1  -15   23  -15  -35   34  -30 
   450:    7   17    9  -23  -10   15   -1   -4  -20   -7 
   460:  -76   44   27  -76   55  -14   70  113  107  -13 
   470:  -53  -99   74   51   37   21   77   74   10   -3 
   480:    0  -16    5  -38   12    8    1   35  -21    7 
   490:    1   24   19    2  -11   -5   12   57   28  -57 
   500:   58   57  -92  -24  104  156  -17   -2  -98  -54 
   510:  149  -17  -33   10   56   12   -7    1  -29    1 
   520:  -11   -7    7    5    1  -10   10  -11    8  -14 
   530:   -8   31   19  -16    1   11   28   49  -56  -42 
   540:  -44  -34  -65   32   42  -24 -123   82  -47  -33 
   550:  -50  -17  -67  -26    8  -20   35  -17  -15   35 
   560:  -12   -3    5   -2  -25   -6   -4   12  -29   28 
   570:    1  -29   20    9    2  -86   20  168   32   10 
   580:   95  131   53  -55  100   21  -13  -59  -25    4 
   590:  -14    3  -12    0    0   23   -4   19   -4    2 
   600:   -5    0    1    5    2  -16   -4    2   27  -69 
   610:   12    7  -84 -191   47  115  111  148  137  179 
   620:  -46  -72  129   10  123   75   40   34   -4   53 
   630:  -30   25   48  -12  -31    6    8    6  -11   18 
   640:   -9   16   -6   23  -49   92 -126   94   54 -122 
   650: -111  -24   68  -35  -20   59   18   26 -110  -28 
   660:    0   37  146   90   29   -7   26    1  -16  -34 
   670:   23  -27   15   -7   23  -25   -2  -14   -1   -3 
   680:    4  -29  111 -178  121  128    9  -47   -5   24 
   690:  -45   25  -13 -101 -116  -79  -94  -98  -57   84 
   700:   55    0    3   39   73  -13  -98   73  -57   20 
   710:  -16   -1    9   11   -1  -21  -18    9  -13   83 
   720:  -25 -109   59  -51  -32   33   -5   -8   25  -48 
   730:  -35  -81  -84  -94  -20   29   50  -58   -9    4 
   740:   11   90   46  -72  113  -54  -73   -6   -6   14 
   750:  -22   12    3    1   -3  -69    5  190   70  -43 
   760:  -69   40   20   -6   -8  -43    4   -8  -40   10 
   770:   62   35  -10    1  -39   -8    3   -6   63   30 
   780:   30  110  -72   12   42  -38  120   -7    0   14 
   790:    0   35   18 -123    9  -26   -6   36   36  -20 
   800:   -5  -11  -25    2  -24  -39   54  -27  -40  -68 
   810:  -68   22    5   -1  -14   38   63   89   55   86 
   820:   79  -31  -42  -28   11  -19   10   -5  -11   15 
   830:  -42  -13   48   17  -36  -13   12   -4   43    2 
   840:   23   41   17   23  -30   28    4   32   45   -3 
   850:    0  -11   87   71    6  -33   11  -10  -27   18 
   860:   34  -11   18   12   -8    0   19   41    3   31 
   870:   23  -10  -27   -6    9    5  -19   -5   18    5 
   880:    2   16    0  -19  -25   -5    0    0   19   50 
   890:   40    7  -41   -3   52  -18   17   -6    0   -5 
   900:  -16    2   25   13  -10  -23    2    0   14  -28 
   910:   -2   -1   14  -10   -1  -31  -10   54   66  -11 
   920:  -26    0    4    0    0  -10   -8   49  -14  -34 
   930:  -14    0  -13   -9  -24  -22   14    1  -16   17 
   940:   55   -4    0    4    0  -35   28   11   12  -25 
   950:   -4   22  -44   15   61   16   -8  -25   14    4 
   960:    0    0   -4   57    7   38   14  -23   -1   30 
   970:  -20    2   -5    8  -25   -1  -29    1   20  -40 
   980:  -44   -2  -43   23   44   12  -23  -28   -2   18 
   990:    3    1    3   -1    6   13   -1    0    0    1 
  1000:   -6  -60  -11   35    1  -30  -20    7   10  -41 
  1010:  -38   34  -10  -21    6   18  -14  -14   22   37 
  1020:    1  -35  -12   -5   -5    5  106   56  -20    0 
  1030:  -14  -31  -27    1    0    0    0    0    6  -35 
  1040:   22   23  -23  -17    3  -21  -18   18   14  -64 
  1050:  -10   31   35  -18   46   34   20   32   20   -5 
  1060:  -23   33    6   24   -3   27   46   11   -8  -10 
  1070:    1    0    0    0    0    0    3    8   13  -11 
  1080:  -25    1   20  -35   13   24  -27   14   16  -60 
  1090:  -21   -9   -6    8    0   11   -5    0    0   19 
  1100:  -20  -43   10   -2   15    0   13   -2    0    0 
  1110:    0    0    0    0    1  -14  -27   60  -23   -6 
  1120:   -9   -5    7  -16   41   60   -1   33  -48    7 
  1130:    1    6    4   15  -38  -41    0  -40   33   -4 
  1140:   -9   10    3   -3    0    0    0    0    0    0 
  1150:    0   -5    4  -26  -26   24    6   34  -46  -39 
  1160:  -54    0   28    7  -12   32    1    7   -8  -35 
  1170:   52   -2   -3   59    2   16  -22   12   12    1 
  1180:   -1    0    0    0    0    0    0  -11  -18    3 
  1190:  -29   25   29    5   22  -16  -24   -3   11   -1 
  1200:   -2    5   27   17   22  -14   -6   23   28  -58 
  1210:   14   54    8   -2   10   22    0    0    0    0 
  1220:    0    0   -3    7   31  -14  -31   -4  -18  -23 
  1230:  -39  -17    1   20  -13   21    2    8  -29   -4 
  1240:    4   12  -31  -21  -61   16   34  -94  -70   13 
  1250:   -1    2   12    0    0    0    0    0   -2    8 
  1260:   65   -8  -13    1    3  -17  -16   43  -38  -53 
  1270:  -16   35   31   -6  -47  -54    9  -22  -52  -25 
  1280:   15   45   18   96   12   20    5   -1   -1   -2 
  1290:    0    0    0    0    0    4    2   26  -23   27 
  1300:   13  -28  -35    3   28    1  -10   -4  -25  -11 
  1310:   -6   17   42  -15  -27  -65  -27   12  -15  -67 
  1320:  -53  -11   11    5   -1    0    0    0    0    0 
  1330:    0    0    4   -7   23   -8  -36    0    1  -49 
  1340:  -30   27   13   -1   18   29  -26   11   28   18 
  1350:  -14  -21  -16    9  -29  -36  -33  -19    1   -1 
  1360:   -1    0    0    0    0    0    0    0    0    3 
  1370:    3    9  -13  -24    2    0    5    4   -8   -1 
  1380:    2   -4   -3    6   -4   -9   -6    2    5    7 
  1390:    2    5   15   10    4    1   -1    0    1    0 
  1400:    1   -1    3    1   -1   -2 
