     0:    0    0    0    0    0    0    0   -3   17  -16 
    10:   30  -22   -6    0    8    0    4    1   -1    0 
    20:    0    0    0    0    0    0    0    0    0    0 
    30:   -1    3   -1   -2   -6    1    0    0    0    0 
    40:    0    0   -1   -1    1   30  -10    6    0  -30 
    50:   10    9   -2  -28   -1    3   -2    1    0    0 
    60:    0    0    0    0   -2    0   -2    6   -6    1 
    70:    0    1    0    0    0    0    0    0    0    2 
    80:   19   -6   13   -3   -5    5   -8    1    2   -6 
    90:    8  -34   25  -19    0   -1    0    2    0   -2 
   100:   -2   10    1   -8   21  -18    8    0    0    0 
   110:    0    0    0    0    0  -11   23  -18   -9   -9 
   120:    0   29  -11   -5  -38   22   -5    8   -1   -5 
   130:   -9   -7   -9    6  -10   -8    8  -20    6   24 
   140:   -8  -49   34    5    1    0    0    0    0    0 
   150:   -1    5  -27  -10   11   -5  -35   26  -53   46 
   160:  -19   12   14  -23    6   -7    2   -7   25  -28 
   170:   14    1   -3   23   -3    5   -7  -43   13   17 
   180:  -45    7   -3    0    0    0    0    1   -2  -30 
   190:   97 -107   95   42   -6  -16    0  -13  -13  -12 
   200:   14  -19   -7    2   22    7   -5    3   33    6 
   210:    9   15    0   14  -31   -4   31  -27    6   -1 
   220:    0    0    0   -2   10  -65  -61  153 -113   54 
   230:   17  -98   59    4    1  -20    5    1  -19    6 
   240:   -8    5   -5    5   21    9    0   -4    0    6 
   250:  -12  -19   12  -10   -4   23    0   -1    0    0 
   260:   -2    5  -59  -42  104  -41   11   12   -1  -40 
   270:    7  -34   24    3  -44    0  -22   -1   -9    7 
   280:    5   -8   -8   -9  -11  -24   -4   21  -17   -9 
   290:   20   64   -1   -3   -1    0   -1    4  -39   21 
   300:  -15   31  -79   91   -9   38  -24  -88   -3   69 
   310:  -59   20  -18    9    0    7   12   11  -12  -10 
   320:   24    8  -75   11    9   -5   15   -8   31  -21 
   330:  -14    2   -1   -1    0  -19   23    5    9  -38 
   340:   70   -6   67   -8  -80   64 -114   96  -24  -17 
   350:   15  -13  -40   30   10   34   24  -28   25   -3 
   360:   45    8    3  -34  -31    6    1  -29   10   -3 
   370:    1    4   43  -27   -4  -25  -12   55    6   12 
   380:  -42  -18   61 -164  151  -98   65   22  -20  -18 
   390:  -33   -4  -38  -45  -33  -21  -27    8   42  -72 
   400:    1   14  -30   46  -51   15   -3   -5   21   13 
   410:  -18  -53  -22  -49  -20  -17  -14  -12   54  -28 
   420:  -58   65  -40   31   -4   20  -32   40   -6   31 
   430:   50   61   12   38  -17  -16  -26  -12  -11    9 
   440:   14   -6   23   -3  -11   45   19  -35   10    1 
   450:   -8   28  -17  -17  -21  -14  -13    4  -26   12 
   460:  -27   44    5   49  -13  -44   -7  -29  -30  -31 
   470:   21  -13   63  -18   11    1    0  -30   39    8 
   480:   -1  -12   33  -42  -31   41  -13  -48    0  -19 
   490:   17  -26  -33    0  -10  -10    9   10   32    2 
   500:   -3    6  -22   78  -38   27  -63  -14   41   29 
   510:  -41   47  -49   -1   -5  -10    6   -3  -21   64 
   520:  -45  -51  -40   24  -16   -5  -11   46   -2   10 
   530:   41   -8   17  -34    7   36   21  -29   -3   -5 
   540:   38  -43   54  -12   32  -15 -103   96  -48   15 
   550:    8   38  -22   34   -4  -16   36    0  -58   15 
   560:    2   33    3   18    3    5   12  -35   -9  -36 
   570:  -95  -46   22   25  -21 -124   92  -74   30   10 
   580:    3   13    1  -29   64  -99   46   -8   43  -21 
   590:   25   -3  -17  -71   -3  -41   70  -31   11  -10 
   600:   10   13   -9    8  -16   15 -106 -104  -99  -53 
   610:   77 -100  -75   -4   41  -45   -1    0   -3   22 
   620:  -70   33   -9  -11   69  -53   -6   -7    8   41 
   630:  -87   14  -27   76   78   14  -12    0   -2   24 
   640:    3   25   77  -12  -78   17  -36   30  -59   19 
   650:    1   15  -39    5   31  -34   31  -47   32   14 
   660:  -19   21  -31   15  -13    5   19  -25   -3    3 
   670:   41  105  -34   17  -16    8  -10  -50   52  125 
   680:   27   21  102  -15   68  -48   26  -64   10   -3 
   690:   21   -2  -27   10   32    7  -17   17  -32  -30 
   700:  -40   46   -1   28  -70  -10   -6   17   28   19 
   710:   58  -16   15   12   84    9   82   70  124  189 
   720: -146   84  -82   17  -17   27   -9   35  -20   22 
   730:  -12   23    5   31    1  -22    7   -6    8    0 
   740:    7  -26    4  -15  -11  -28   65  -14    9  -54 
   750:  148  142   63 -107  -47  -76  -59  -33   19    5 
   760:   18    4   -8   20   -8   21    4   -7    2  -17 
   770:  -25  -20   23  -12   23    3   -1   -7  -33    8 
   780:    0  -11  -40   39  -45   22  -14   92  -66 -120 
   790:   76   50  -64   44   39  -42   -4    0  -30   13 
   800:  -24  -11   40   -9  -23   24  -48    4  -10  -17 
   810:   16    4    3    1  -14  -16  -13    4   12    8 
   820:  -12   27   -7   38  -33  -16   73  -22  -52   19 
   830:  -41    9  -45   19   12    3   -1   -8   12  -27 
   840:   11  -36  -17    3    1   17   22  -13  -25   13 
   850:   -2  -11   43  -20  -23   20   -9   21    6   10 
   860:   -6    5    6  -13  -17   -2    2  -25   10   -8 
   870:   -5   15    6  -17  -19  -11  -15   12    8   -5 
   880:   31   10   15   -6  -17   -8   -1    0   12  -32 
   890:   25  -29   13   18  -13   -4  -17   25  -34   17 
   900:   -1   16   -9    3    7   15    4  -13   16    4 
   910:  -32    3    7   16  -18   11    2   21   21  -14 
   920:  -12   -5   -5    1    0   -7   15  -16   15   -2 
   930:    6    2  -19   16  -26   32  -28   13    4   22 
   940:  -38  -13   18    2   29  -39   38  -18  -25  -14 
   950:   15   22    8    5    8   -2   30    2   11    0 
   960:    1    0   -5   23   -4   11  -11   13  -12    9 
   970:  -33   -5   11  -22   11   -4  -43   -1    1  -12 
   980:   36   26  -14    5  -24  -64   -7   12  -19   -4 
   990:   13    4   -5   -2  -11  -21    3   -1    0    1 
  1000:   -1   -9   12  -29  -11    9   13   -1  -13   23 
  1010:  -35    5  -30    8    1    3    2   -9   29   21 
  1020:    9   31   58  -17  -34    1  -42    7    4    9 
  1030:  -25  -17    0   -7    1    0    0    0    1  -16 
  1040:   52  -31   21    7  -14   14   12   33  -22  -39 
  1050:   13  -17  -22   29  -10   50    1  -18  -21   18 
  1060:  -27   -2  -29    5   10   27   29  -56   -9    6 
  1070:   -2    0    0    0    0    0    1   -2    6  -18 
  1080:    2  -35  -33  -23   19   -3   47    9  -15   10 
  1090:   40  -10  -16   -7   -3    7  -13   15  -37  -31 
  1100:  -13  -28   17  -50  -14  -37  -32    3   -1    0 
  1110:    0    0    0    0    1   -3   19   30    7    8 
  1120:  -62    9   38   -5   -5  -25    2  -36   -6    6 
  1130:    4    5  -14    4   12  -50  -15  -17  -25   13 
  1140:   -9  -18  -17    3   -1    0    0    0    0    0 
  1150:    0   -2    6  -17    0   10   -4    2   -7   11 
  1160:   17   32   17  -18  -23    3   20   41   31  -18 
  1170:    5    1   35  -10   -1   21  -10    1  -18   -2 
  1180:    1    0    0    0    0    0    0   -1   -4  -22 
  1190:    3   12    1    7   -8   11   -7    3  -15   10 
  1200:    0   -1   17    7  -26   11   20   34   11   -3 
  1210:   27  -21  -12   -3   -5  -10    2   -1    0    0 
  1220:    0    0   -2    3  -15   18  -24   20    3  -12 
  1230:    5  -24   16  -22  -12    2   16  -26   24  -11 
  1240:   18  -24    0  -23   -2   30  -10   37    0  -36 
  1250:   10    7   14    5    0    0    0    0    3    5 
  1260:    8  -26   46  -14   32  -12   44   18  -30    7 
  1270:   10  -20    8  -17   -4   14   17  -28  -16  -39 
  1280:   -7  -16  -20  -18    5   10   -4    2   -2    0 
  1290:    0    0    0    0    0    4   15    9   38  -12 
  1300:  -15  -19  -35  -45   28  -17   28   -9  -12  -16 
  1310:    4   -7  -11    6    9  -12  -25   23   10  -15 
  1320:   14   -1    3   -5    1    0    0    0    0    0 
  1330:    0    0    5   12    1  -29   20  -13  -11   14 
  1340:  -16   15   10   10   -3  -10    1   15   -5   -4 
  1350:   -6   27  -24   14   17   -5   32    4   -3    0 
  1360:    1    0    0    0    0    0    0    0    0    7 
  1370:   13    4    0   -7    5  -10    2    3   -4    0 
  1380:   -2    0    1    0   -5    4    0    0   -6    1 
  1390:   -2   -3    2   -3   -1    0    1    0    0    1 
  1400:    0    3   -1    1   -1   -1 
