     0:    0    0    0    0    0    0    0    0   12   -2 
    10:   -8    8   10  -18  -16    1   -1    0    1    0 
    20:    0    0    0    0    0    0    0    0    0    0 
    30:    0   -2    9   -4   -6    0    0    0    0    0 
    40:    0    0    0    0   -5    4   -7  -24  -14   -7 
    50:  -11  -27    6   -5    8   -3    0    0    0    0 
    60:    0    0    0    0    1    0    0    0    1    0 
    70:    1    1    0    0    0    0    0    0    0    0 
    80:    5   -2   -4  -21  -10   -3  -27   38   37  -11 
    90:  -26   16   24    2    9   -2    1    1    0    1 
   100:    0   -3   -2    1    3  -13    0    0    0    0 
   110:    0    0    0    0    0    0  -11    2    2  -10 
   120:   -7  -27   -4    7   29   63  -30   -9    1   16 
   130:    7   13    7    2   -7   -6   -8    1   18   11 
   140:   -2    4   -3    0    0    0    0    0    0    0 
   150:    0   -1    4   15   -4   -2    0    6    5  -21 
   160:  -44   60   18  -12   -1   -5   -7   12    9    9 
   170:   26   17  -11   -3  -10   -7   -5    3   -8    2 
   180:   -4    1    0    0    0    0    0    0    4   11 
   190:   19    6   -8    3  -15   -1    3   11  -22  -49 
   200:  -12   23    9   -2   -3   -6    2   -5   -9   -3 
   210:    6   -4    9    4    6   -9   -1    1   -3    0 
   220:    0    0    0    0    0   -7    6   -8   -6   16 
   230:   -9  -10    2    4   14    6    7  -21   -3   -9 
   240:   -9   -6    8   -9   -2   -6    1    0   -6   -3 
   250:   -1    0   15   19    1    0    0    0    0    0 
   260:    0    0    2    2   -1    3   -4    0   30   16 
   270:    5   -8  -40  -37   27    6   10   34    2    3 
   280:    2   -1   -7    7   16  -15    3   -2   -3   -5 
   290:  -13   11   11    0    0    0    0    0   -5   -4 
   300:    0    3    3    3   19  -15  -12   10   11   12 
   310:   39  -16   15   33   -6   -5    1    2   -4   -4 
   320:   12  -15  -14   -8  -19    5   25   -3   -5  -13 
   330:   -1    0    0    0    3   -2   -2   -2    3    8 
   340:   12  -31   -7    8  -13    8  -10   10   12    3 
   350:   -7   64   47    3    0    7   -2   11   -3    5 
   360:   -9    0   -3    9  -12   -5    3    3    0    0 
   370:    1   -9   -3   -6  -11   -3    5   -9  -16   -1 
   380:   18    2   -6   10   -3  -11   20    0   -7   15 
   390:    2   -4   -5   -2    0    3    6   -7    7  -11 
   400:   -5    4   14   10   17    0    0    0    2    6 
   410:    9   12    3   -1   -2    1   -6    7   -8   -8 
   420:    2   -1   -5  -28   30  -20   18  -14   -9    6 
   430:    1    2   -2    9   -6  -12    0   -2   -2    2 
   440:  -15   15    0    0    0    7    7   -6    5   -2 
   450:   -4   -3    4   -3   -8   -4   -1   -3    0   -2 
   460:  -18   -2   -9    6    7   15    9    2   16   -7 
   470:  -22  -13    8   -7   -8   -7  -10    0    0    7 
   480:   -2    0   11  -11   -4    0   -2    8  -11    2 
   490:    3    1    3   18    4   -8   -6    0    5    5 
   500:  -14    2    6   -3   -6   -6    6   -6  -10   -4 
   510:  -13    6    6    6   -8   -9  -13    3    0    8 
   520:    2   -3    0   -2   -9    3   17   -4    2   -5 
   530:  -15   -1   -1   -1    9   -7   -3   -1  -18   -6 
   540:    1    9   40   -3  -12    1  -18    7   11   -3 
   550:   -2   -9  -17    1    1   -2  -20    2   -1    1 
   560:    0   -2    1    6   21    7    4  -10   18   14 
   570:    2   -4    5   -5   -4    0    6   28   -5   -8 
   580:   -2   -2    3  -14  -24    0  -13   -7    3   -3 
   590:  -23    2   -3   -2    2    0   -2    9    3   -7 
   600:    6   11    5    1    6    5    8   -2    3   -2 
   610:  -10    9    4    6    7   -9  -13   -9   -5  -14 
   620:  -15    0    7   13  -19  -11   -6    6    3   -3 
   630:  -11   -1   -6   -4    6    5    2    0    0   -3 
   640:    6    7    8    3    4    5   -1    0   10    0 
   650:    7    3   -5   -4    3    1   11    5   16   11 
   660:    6    2   -2    5    8    0    0   -1   -4   -5 
   670:   -4    7    7    7    0    0   -3    2   -1    0 
   680:    3    3    1   -2  -11  -12  -19  -16    4   10 
   690:   14   -4   -6   -9   -7    2   -1   -8   -5    3 
   700:  -15    4    2    4    7   -4   -8    2   -3   -3 
   710:   -3   -2    5   -6   -9   -4   -4   -2   -8   -7 
   720:    7   12    9    6   39    0   -1   13    2   15 
   730:   -7   -3   -7   -6    8   -3  -23    2    4   -1 
   740:    2    7   -5   -3   -1   -3   -7   -3   13    7 
   750:  -10   -1   10    8   -3    4    0   -5  -28  -39 
   760:  -18    0   13    6    4   -2    0   47   24    8 
   770:  -10   -4   29   17   -7    2    1   -1    2  -10 
   780:   -5   -1   -2    4    3  -17  -11   -3   -5  -11 
   790:   -4  -23  -14  -22  -12   40   37   57   -1    6 
   800:   -3   12  -23   -1   -8    5  -20   25   -1  -31 
   810:  -33   -4   -1    0    0   -6    1   -4   18  -27 
   820:  -29  -21   10   -1   17    7    3   -6  -13   26 
   830:   34   -6  -49   47  -23  -18    9   -1   14  -10 
   840:    4    9   -2   15  -17   23    1   -1   -6   -2 
   850:    1   -3    1   -8    6  -16  -15    0    6   15 
   860:   -2  -22  -41  -69  -53  -24  -33  -17   90   -9 
   870:  -27   -9   34  -10  -10   17   -5    5    1   17 
   880:  -10   12    1   -5    5   -2    1    0    1  -25 
   890:  -20  -20   27   -5    2    2   -9   -4  -34  -38 
   900:  -81  -48  -72  -68    8   70  -26   -6   -1   -6 
   910:  -11  -24    6    2   -1    1   10  -12    3  -29 
   920:   10  -15    6   -1    0    0    8   14   16  -19 
   930:   31    0    0  -14   -1   24  -16   16    1   66 
   940:  -11   26    8   -1  -14  -22   -7   -7    9    4 
   950:    2    2    6   -2   -6  -11   15  -14   28   -7 
   960:    0    0    3  -30  -44  -16   29   -5  -10    7 
   970:   27  -17  -46   15  -21    3   60  -55    7   12 
   980:   21    4  -12  -28  -22  -25    2  -10   11  -15 
   990:    9   19  -22   -7    3   -2   -1    0    0    0 
  1000:   -2    9  -45   13   22   -6    3   36  -19   23 
  1010:  -16   -5  -19   40  -19   -6    9   18    8  -12 
  1020:   17  -30   14   23   -4    1    5   25   11    6 
  1030:    7  -11   -3   -2    0    0    0    0   -7    3 
  1040:   15    3   11   15   24  -19    0  -15  -10    3 
  1050:   -7   20   16   11  -23    4   23   -7   -6   14 
  1060:    0    8    0   16    2  -10    1   13  -23   27 
  1070:    2    0    0    0    0    1    0  -18   14  -38 
  1080:  -10   -9   11   -6  -15    5    8    2   -1   10 
  1090:  -21   -3    9   -3   -1    3    0    1  -14   11 
  1100:  -20  -42   -2  -37    9   -5  -14    2    0    0 
  1110:    0    0    0    0    1    3    6  -11   -2   15 
  1120:  -27    1   20    0   -9   18  -20  -28   13    9 
  1130:   14    1  -10    9    6  -52   11  -42    7  -28 
  1140:    6   13    3   -4    0    0    0    0    0    0 
  1150:    0    0    3    6  -31   -2   -4    5   34   10 
  1160:    5  -16  -10   39  -10   39  -20   21   -3  -26 
  1170:   37  -21  -25   37   18   37  -48   11    0  -20 
  1180:    3    0    0    0    0    0    0    1    3  -18 
  1190:   30  -63   32  -22    3   -2   11   -5   -8   26 
  1200:  -21    8  -45   35   12   -7   23  -26   -3    4 
  1210:  -17   19   19  -10  -16    6   -5    0    0    0 
  1220:    0    0    0   -2    9    1  -17  -32  -26    5 
  1230:   -6  -19   20    4   11    1   -5  -22  -21  -11 
  1240:   17  -34   -6  -29  -24   -4   13    6  -25    0 
  1250:   -8   -6    6    0    0    0    0    0    0   -1 
  1260:    9   29  -11   11    7   38   -1   31   -6  -84 
  1270:   12   18    3   40    7   14  -31    2   27  -13 
  1280:   -9   51   11    4  -10  -13   18   -1    0    3 
  1290:    0    0    0    0    0    5    6  -35  -13   17 
  1300:  -11  -19    8   -4   15    2   36   64   -1  -12 
  1310:   25   59    6   -6    0   -2    0   -9  -28  -28 
  1320:    3  -11    9    7   -1    0    0    0    0    0 
  1330:    0    0    0    7   -5   38   11    2   17   34 
  1340:   41  -13   -6   30  -26  -27   20   18  -23  -38 
  1350:    2  -19  -18   25   13   44   21    6    3   -2 
  1360:   -1    0    0    0    0    0    0    0    0    0 
  1370:   -3    3   -7   -2   -4   -5   -1   -9    4    2 
  1380:   -4    7    5   -4   -3    9    9   -2    5    1 
  1390:   -5   -2   -9   -5   -2   -2    1    1    0    0 
  1400:    0    0    0    0    0    0 
