     0:    0   -2    0   -2    2    1    0    1    1    1 
    10:    3   -2   -2    1    0    0    0    1    1   -1 
    20:    2    1   -1   -1    2    2   -2    0    1   -1 
    30:   -1    0   -1   -1    1    1    1    0   -2    1 
    40:   -1    0   -3   -6    0    1    0    2    2    0 
    50:   -1    0    0    0    0    0    0    0    0    0 
    60:    0    0    0    0    0   -1    0    0    0    0 
    70:    0    0    0    0    0    0    0    0    0    0 
    80:    0    0    0    0    0    0    0    0    0    0 
    90:    0    0    0   -1   -2    2    0    0    0    0 
   100:    0    0    0    0    0    0    0    0    0    0 
   110:    0    0    0    0    0    0    0    4    1    0 
   120:    0    0    0    0    0    0   -1    0    0    0 
   130:    0    0    0    0    0    0    0    0    0    0 
   140:    0    0    0   -1    0    1    0    0    0   -1 
   150:   -1    0    0    0    0    0    0    0    0    0 
   160:    0    0    0    0    0    0    0    3    0  -23 
   170:   -6    0    0   -1   -2    1    2    1    2    0 
   180:    0    1    0   -1    0    0    0    0    0    0 
   190:    0    0    0    0    0   10    6   -9    3   -1 
   200:    0    0    3    0    0    0    0    0    0    0 
   210:    0    0    0    0    0    0    0    0   -1    0 
   220:   12   27   -2    0    5    3   13  -12  -14  -11 
   230:  -14    1   -1   -1    2    3    0    0    0    0 
   240:    0   -1    0    0   -1   -1    3   -1   23   -2 
   250:    0    4    4  -21    1    1    0    0    0    0 
   260:    0    0    0    0    0    0    0    0    0   -1 
   270:   -5    9    3   -5   -6  -14   11  -24  -31  -43 
   280:   -3  -12    1   -7  -10   30   -5  -27   -9   -3 
   290:    1   -4    1    9    3    4    7   -1   -5   -5 
   300:   -2   -8   -6   -1    6    4    1    0    0    0 
   310:    0    0    0    0    0    0    0    0    0    0 
   320:    0   10  -15   -1   -6    1    4   10   -2    6 
   330:   -2  -29   -5  -15   21   -2   -9   33   -4  -45 
   340:  -17  -14  -19    7   -2    1   -1   11  -10   -2 
   350:   -1    0    1    1   -2   -2    1   -2  -10    0 
   360:    0    0    0    0    0    0    0    0    0    0 
   370:    0    0    1   -9   -9   -6  -11  -19   -9  -25 
   380:   -6   32   -9  -28   -1  -18  -15  -13   -2   16 
   390:  -37   22   75   11   59   -9   15    7    2    0 
   400:  -18   -4    7    2    0    0    5   -6   -3    1 
   410:    4   -1    0    0    0    0    0    0    0    0 
   420:    0    0    0    0    0   15  -18    7  -21  -12 
   430:    2   17  -16   10  -19    0   25   51   30    7 
   440:    7  -80  -61   70  -27   -2  -26   10   13  -34 
   450:   12   -5   -4    5   -2    0    0   -1    0    0 
   460:   -9    6   -1    1    0    0    0    0    0    0 
   470:    0    0    0    0    0    0   15  -24   -6   -4 
   480:   -4    5    2   10    1   -6    7  -18   -4   -5 
   490:  -27   -8   -2    9   22   -8    8   -3   13    1 
   500:    0    4  -28    4   -4    7    1   -4    0   -2 
   510:    2    1    4    0    2    0    0    0    0    0 
   520:    0    0    0    0    0    0    0    3    6    5 
   530:    5   -9    1   -4    1    7  -18    9  -13    4 
   540:   -4   -8    7   -2  -17   -1  -18   13  -10   12 
   550:   -9   -5    0   -9   11   14    9    2    4    6 
   560:    1   -2    1    0   -1    0    0    0    0    0 
   570:    0    0    0    0    0    0    0    0    1   -3 
   580:  -14   18   -8   -1   -2   11   -4    2    3    0 
   590:   13    6  -15   14   -6   16   -1    4   -2    3 
   600:  -15  -12   14   -4    3    1    0    1    1    6 
   610:    1    0   -3    5    1    0    0    0    0    1 
   620:    0    0    0    0    0    0    0    0    0    0 
   630:   -1    0   19  -12    2   -2    5   -7   -3    1 
   640:    2  -18   -7    1   -1    1   22    6  -14    5 
   650:   -9   -5    7   -2    2    5   -5   17   12   -7 
   660:   13  -17    0    1    0   -1    0    0    0    0 
   670:    0    1    0    0    0    0    0    0    0    0 
   680:    0    0    0    5   -4   -1   -7   -5  -12    7 
   690:   -4    4  -10    1    5  -10   -1   20   -4    5 
   700:   -3   -8    3   -5    3   -6  -11    7    2    4 
   710:    1   18   -2   15    9    2    0    0    0    0 
   720:    0    0    0    0    0    0    0    0    0    0 
   730:    0    0    0    0   -1   10    0   -8   -4    6 
   740:   -4   -7   -7   10   -5  -35   -9    9    6   -6 
   750:   -2   13   -3   -1    2   12   -1   -4    5    0 
   760:   -2    3   -4   -9    9   17    1   -5    0    0 
   770:    0    0    0    0    0    1    0    0    0    0 
   780:    0    0    0    0    0    0    0    2   17   12 
   790:   -2    9   10   -8    2  -17  -13    8    5  -24 
   800:   10   -9  -18    8    0    2    4   -4   -4    9 
   810:    1    1    4   -1   -5   -4    0    6    2   -6 
   820:    0    0    0    0    0    0    0    1    0    0 
   830:    0    0    0    0    0    0    0    0    0    7 
   840:  -19   13   10    0   -3   15   16    3   -4    5 
   850:  -26   17   14    7    2    4   10    1   -9   -2 
   860:    5   13    5    3   -8  -11    3  -15   11    7 
   870:   12    3    0    0    0    0    0    0    0    1 
   880:    0    0    0    0    0    0    0    0    0    0 
   890:    1   -7   -8   11   26  -11   13  -10    1    5 
   900:    6   -5   -6   -1   -2    4   -6    8    5   10 
   910:   -1    0    1   -1   15    5    1   -7  -15  -20 
   920:    0   14  -11   -1    1    0    0    0    0    0 
   930:   -1   -1    0    0    0    0    0    0    0    0 
   940:    0    0    0   -4   10   11   -4    6   -1   -7 
   950:  -20   -2   -5   -4   14    5  -23   16  -11    2 
   960:    8  -16   -1   -9    1   -4   -4   -8   -4  -12 
   970:    8   11  -20   -6    9   -5    0    0    0    0 
   980:    0    0    0    1    0    0    0    0    0    0 
   990:    0    0    0    0    0    5  -13   -1   16   -1 
  1000:    2   -8   -4  -16   -5    0    1  -12    9   11 
  1010:    9    8  -14    0   29   14  -12    1    1    7 
  1020:   -4    4    5    3   -6   -6    4    0    0    0 
  1030:    0    0    0    0    1    0    0    0    0    0 
  1040:    0    0    0    0    0    0    0   -2   18  -15 
  1050:  -13   -8    6   15   -4   21   14  -13   -3   -9 
  1060:    7   12   19   12   15  -15   -6   10  -10   -4 
  1070:    9  -13    6   10  -11   -6  -23  -14   32  -10 
  1080:   -1    0    0    0    0    0    0    0    0    0 
  1090:    0    0    0    0    0    0    0    0    0    0 
  1100:   -3   17    4   17    0   13   23   -5  -14   -9 
  1110:   -4    1    5  -14   10    9   -3  -16   38   -6 
  1120:  -17   11  -12   19   25    2   -7   19  -12   -8 
  1130:   34   19   -3    0    0    0    0    0    0   -1 
  1140:    0    0    0    0    0    0    0    0    0    0 
  1150:    0   -2   28   24  -21    6    5   30  -23   29 
  1160:    3    5    4    1   -1   11   11  -10    0    0 
  1170:   -7   13   45  -10   -2  -18    5  -12    7  -22 
  1180:  -32   -6   -1  -12    1    0    0    0    0    0 
  1190:    0    0    0    0    0    0    0    0    0    0 
  1200:    0    0    0   -1    5   11   21  -13   10    7 
  1210:   19    1  -11   -8  -27   14   -7   -4    2    2 
  1220:    8    7   18  -28  -55   14   32   13  -52  -21 
  1230:   -3    4   24    4   20    4    0    0    0    0 
  1240:    0    0    0   -1    0    0    0    0    0    0 
  1250:    0    0    0    0    0   -2   20   20   -5    4 
  1260:   15    9  -20  -20   -9   27  -30   -4  -33  -42 
  1270:   -1    5   -8    9   11    1   -8  -27   -7  -15 
  1280:    0   27   18   11  -14   -6  -15    8   -1    0 
  1290:    0    0    0    0    1    2    0    0    0    0 
  1300:    0    0    0    0    0    0    0    0    7    9 
  1310:   -8  -21    1    0   -4    0   -7   -4    1   -3 
  1320:  -22   -5    4    0   -3    5    5   -1   -4   34 
  1330:    0   13   40   -7   18   49   33    4   -4    1 
  1340:    0    0    0    0    0    0    0    0    0    0 
  1350:    0    0    0    0    0    0    0    0    0    1 
  1360:  -10  -18   18  -18    0   -8   -3    8   -2   13 
  1370:   -9   -3   17    8    3    3   -2   -7  -17    9 
  1380:    2  -11   -8   10   -5   14    8  -14  -21  -10 
  1390:   -5    2    0    0    0    0    0    0    0    2 
  1400:    0    0    0    0    0    0    0    0    0    0 
  1410:    0    0   -3    1   -2   -6  -16  -10    6    0 
  1420:  -11   -6    8   -2  -17  -10  -13    7    2  -25 
  1430:   -7  -14   -3  -10   16   -2    8   16  -17  -33 
  1440:    1   49    6    0    0    0    0    0    0    0 
  1450:    0    0    0    0    0    0    0    0    0    0 
  1460:    0    0    0    1   -6    3    7   -8   33   15 
  1470:  -17   19    3   -9   -2   -4   -9    8    4    0 
  1480:   -3    6   13    9   -5  -37    0    4  -11   -9 
  1490:   32   13   -2   16   -5   -1    0    0    0    0 
  1500:    0    0    1    0    0    0    0    0    0    0 
  1510:    0    0    0    0    0    0    1    1    4   -5 
  1520:   -1    6    2    4  -18   -3  -15   -9   -2  -28 
  1530:   -1    7   -2   -4   -1   -4    9   -3   16    6 
  1540:   -4    6    1   10  -12  -31   -4    1    0    0 
  1550:    0    0    0    0    0   -1    0    0    0    0 
  1560:    0    0    0    0    0    0    0    0    0    6 
  1570:   15   33   -1   10  -26   -7   -8   -3    8   -2 
  1580:  -10  -15   -3    0   -3    5   -1   10    2    3 
  1590:   -1   -2   -1   -5   -1    1    2   -4    0    0 
  1600:    0    1    0    0    0    0    0    1    0    0 
  1610:    0    0    0    0    0    0    0    0    0    0 
  1620:   -1   -2   10    2  -12   15   12   -2  -21    5 
  1630:   -4    0   26   31    4   -7    5   -1   -7    0 
  1640:   -3   -1    2    4   -2    1    0    2   -2    0 
  1650:    0    0    0    0    0    0    0    0    0    0 
  1660:    0    0    0    0    0    0    0    0    0    0 
  1670:    0    0    2  -18   36   13   17    1    4  -16 
  1680:   -4   24  -13  -10   -3    9   12    2   -3    0 
  1690:   -9    5   -5   11   14   14   -8   -8    3  -30 
  1700:   16    6    0    0    0    0    0    0    0    0 
  1710:    1    3    0    0    0    0    0    0    0    0 
  1720:    0    0    0    0    1    2  -11  -12   22   -7 
  1730:   -4   -4  -19    2    0   -5    5    1   17   -3 
  1740:    2  -12   12   26   12  -13   17   -9  -13   26 
  1750:   -3  -15   -6  -22    0    0    0    0    0    0 
  1760:    0    0   -1   -1    0    0    0    0    0    0 
  1770:    0    0    0    0    0    0    1   17    2    6 
  1780:   15  -29   -5   27   -5    5    1   43   34  -19 
  1790:   43   21  -21    1   -1   32   22    2    7    2 
  1800:   -8   -1    7   18    9    4   -1    0    0    0 
  1810:    0    0    0    0    0   -2    0    0    0    0 
  1820:    0    0    0    2    3    0    0   -1    7   -1 
  1830:    6  -10    8    9    1  -21    1   23   -2  -28 
  1840:   -3  -31  -36  -18  -26  -14    0   17   15    5 
  1850:   15    4   -8    5  -10  -19   -2    1    0    0 
  1860:    0    0    0    0    0    0   -1   -1    0    0 
  1870:    0    0    0    0    0    1    0    0    0    0 
  1880:   -3   -9   12    4    5  -15    7   -6    0   18 
  1890:  -19   11   34    0   21   15  -27  -42   12  -10 
  1900:  -16   -4  -19  -38   12   24   -5   -7   10    0 
  1910:    0    0    0    0    0    0    0    0    0    0 
  1920:    0    0    0    0    0    0    0    0    0    0 
  1930:    0    0   -1   -4   -8  -19  -10    5  -21   16 
  1940:   -2    8  -11  -14   10  -39   -7   45   18   13 
  1950:   -4    9   13    9  -14  -37  -34   -4   -9  -19 
  1960:    9    0    0    0    0    0    0    0    0    0 
  1970:    0    0    0    0    0    0    0    0    0    0 
  1980:    0    0    0    0   -1  -19    2    9   13  -19 
  1990:    2  -15  -11  -14   -5    0   15  -19   27  -25 
  2000:  -12  -25  -10   49   -2    0  -14   -9  -11    3 
  2010:   21   -6  -11    3    0    0    0    0    0    0 
  2020:    0    0   -1    0    0    0    0    0    0    0 
  2030:    0    0    0    0    0   -1    8    7   12  -34 
  2040:  -14   28  -10    8  -19    5    4  -15  -27   -3 
  2050:  -12  -16   -5   23  -11  -22    7   -1  -23  -25 
  2060:   -7   -9   36   18   -5    2    0    0    0    0 
  2070:    0    0    0    0   -1    0    0    0    0    0 
  2080:    0    0    0    0    0    0    0    3   -3    0 
  2090:   11   27  -10   13   28   18   15    1   12    6 
  2100:  -27    2    8   34   26   36    9  -26  -31  -34 
  2110:   15    8    7    5   20   -8   -6    6   -1    0 
  2120:    0    0    0    0    0    0    1    1    0    0 
  2130:    0    0    0    0    0    0    0    0    1  -14 
  2140:    6   -1   -4   19   10   14  -11    1  -11    2 
  2150:   -8   23   -6  -16   16   17   -3  -12  -45    9 
  2160:   43    6    0   -2  -24    0   26   -4    9   10 
  2170:   -1    0    0    0    0    0    0    0    1    1 
  2180:    0    0    0    0    0    0    0    0    0    0 
  2190:    0   34    5   -5   -5    4   28   -1  -35  -18 
  2200:   -5    6   12   -7  -34   16    1   -5  -16  -21 
  2210:  -29    5   38   53   45  -22   -4   -3  -10  -11 
  2220:    6    1    0    0    0    0    0    0    0    0 
  2230:    0    1    0    0    0    0   -1    0    0    1 
  2240:   -1    0   -6  -42   31  -17  -43   -3   -5   10 
  2250:   32   -1   26   -3    5    6   -3   -2   -6   21 
  2260:   -4   13  -12   12  -31   27   40   41   -3    6 
  2270:    9   -9    2  -10    1    0    0    0    0    0 
  2280:    0    0    0    0    1    0    0    0    2   -3 
  2290:    1   -7    6    2    4    4  -23   -6   15    3 
  2300:  -31    7   14    7  -16   -1   -8   -3   -7    1 
  2310:   20   -5   28   -1    1  -20  -19  -20    7   -2 
  2320:   11   -5   -5   10    0   11    0    0    0    0 
  2330:    0    0    0    0    0    2   -6    0    3    0 
  2340:  -12    1    4   -5  -10   -5  -22    0    9    9 
  2350:   11    0   16   -3   10    8   -1   16    3  -16 
  2360:    5   -7    6   25   20  -10   -1   -7   19   18 
  2370:   -1   -5    4   -8   16   15  -17    8   -9    0 
  2380:    0    0   -1    0    1    0    0   -2    9   10 
  2390:   -2    0  -11    2    8   -3   -7   -8    7    0 
  2400:  -10   -9    4    8   -4    8   -4    5  -12   -6 
  2410:    5    1    4   -1    0   -2   -4   -1    0   -2 
  2420:   -1   -5    5    2   -4   -1   -5   -7    5   12 
  2430:   -4   -1    2   -4    9   -1   -7    2   -2   11 
  2440:    5   -9    0    2   -6   -3   -2   -2    3  -22 
  2450:   -3   -6   -9    5   -6   24    1    2   -1   -9 
  2460:    9   -8   -1    3    8   -2    1    1    2    3 
  2470:   -1   -5   -2    2    1   -1    2  -12   -1    0 
  2480:    0   -2    1   -5    0   -8    2   11    0    2 
  2490:    4    3    1    2   21   14 
