     0:  121  113  115  115  108  110  112  102  112  110 
    10:  115  118  109  106   97  107   94   82   87   86 
    20:   87   79   66   53   60   48   37   47   27   18 
    30:   24   14   20   14    7    0    3    1    3  -18 
    40:   -2  -21  -47  -49  -42  -70  -68  -40  -43  -61 
    50:  -59  -79  -23  -23  -21  -22  -22  -22  -22  -23 
    60:  -24  -24  -24  -25  -25  -26  -25  -24  -25  -27 
    70:  -25  -24  -25  -25  -25  -24  -24  -24  -23  -24 
    80:  -25  -24  -24  -26  -25  -26  -24  -25  -24  -24 
    90:  -25  -25  -26  -26  -24  -33  -25  -22  -24  -20 
   100:  -19  -23  -22  -22    0    0    0    0    0    0 
   110:    0    0    0    0    0   -1   -5  -27  -32    2 
   120:   -1    0    0    0    0    1    3    0    0    0 
   130:    1    0    1    1    1    1    1    1    1    1 
   140:    1    1    0   -1  -30  -33  -20   21    2   -2 
   150:  -28  -21    8    0    1    2    0    0    0    0 
   160:    0    0    0    0    0    0   -2    4    0  150 
   170:   41  -23    1   -8  -13  -16  -26  -15  -29  -32 
   180:   -8  -13    1   -4   -4    1    0    0    0    0 
   190:   -1   -1    1   -1    6  -11  255  153  162  -32 
   200:  -10   26  242  199   -1    6    0    0    0    0 
   210:    0    0    0    0    0    0    0   -1   -3   -6 
   220:  -12  -79   56 -100   10   28   36   40   34    0 
   230: -308  224   23   74  -36  -10   -2  -17  -21  -16 
   240:    1    0  -21  -17  -21   -2   18  -51 -247  226 
   250: -147  -27   62 -180   96   23  -14    1    0    0 
   260:    0    0    0    0    1    0    0    0    0    5 
   270:   11   62  -37  -34  -22  -22 -117  -53  -33   47 
   280:  -99  -34   -3  118   84  -21 -196  211   17   13 
   290:   88  129  -23  -21  138  137   -9   15  -12   60 
   300:   17  100   46   30  -75  100  -41  -20    0   -1 
   310:    0    0    0    0    0    0    0    0    0    0 
   320:    1   -5   57   -1  -48   65  122   92  -53    7 
   330:   75   29   -5   30  155  -22  172   38  197   44 
   340:  242 -102  -65 -175 -142  -83   52   76 -127   70 
   350:   -6  -10    1  -18   10  -15   -1  -34   37  -41 
   360:   13   -2    0    0    4    1    0    0    0    0 
   370:    0    0    3  -15  104  -61  173 -164 -129 -146 
   380:  -86 -144   95  -17    3  -98    1   13   15 -148 
   390:  -82   46  179   61 -220   79 -144  137   87   42 
   400:  -60    7  117  -42  -50    2    9   -4   38  116 
   410:  -73   32  -10    1    0    0    4    0    0    0 
   420:    0    0    0    4  -13   31 -101   53  -83   17 
   430:   67   52  -46  -35  -55  151   96  -33  -33  -24 
   440: -189  -88  108 -199   15  -36 -198  -51   81  -82 
   450:  212 -124  146   74  -52   -8   -5    4  -24   -3 
   460: -122 -296  115  -31    2    0    0    0    0    0 
   470:    0    0    0    0    0   -1    9   21  -97   15 
   480:  105  -29   77  132   98   23  -18   61   17  -52 
   490:   26   61  250  145   25  -23 -112   19   95   32 
   500:  -87   56   52   91  -50  -52 -170   43   72  -31 
   510:   36  -11   42   17  -20    1    4   -1    0    0 
   520:    0    0    0    0    0    0    1   -2  -54  -92 
   530:  -13   41 -133   52  -18   -2   44  -41   14    5 
   540:  138  -72   -6  101  -63   -8 -101  -37  -66   61 
   550: -166 -177   27  -68 -147  -34   37  -45   81  102 
   560: -169 -254 -184   36  -12   -2    0   -1    0    0 
   570:    0    0    0    0    0    0    0    0    0    9 
   580:  -85   98  -55   23  -65  -34  -21  -86   29  -26 
   590:  -43  -74   16 -161    9   29 -104  -29  -18   38 
   600:  -62 -138   72   68  -32  -42 -299  -39 -118 -120 
   610:    8 -140   35  187   10   -2    0    0    0   -2 
   620:    0    0    0    0    0    0    0    0    0    0 
   630:    2   -7   34   29   34 -109   87  -56   -8  -33 
   640: -114  -39   62   25  -61   26   33  -10   27   -4 
   650:   -8 -201 -177    7 -143   96   41   40   48  -82 
   660:  -70   29   21  -23  -13  -15   -3    0    0    0 
   670:    0   -1   -2    0    0    0    0    0    0    0 
   680:    0    0    0    7   30   45   99   -9   -8  120 
   690:   12   98   87    6  -59   31   59   37    0   65 
   700:   93   49  116   85   40  -14   16    7   39  -20 
   710:   30   76  -23   21   73  -33   28   -7    1    0 
   720:    0    0   -1    8    4    0    0    0    0    0 
   730:    0    0    0    0   -4    5 -120   18  -20   92 
   740:   -6  -36   18   -6  -94   80   20  -13   17  -78 
   750:  -99   -8  -44   46   -4    7  -32  -11 -120  168 
   760:   77  -21   75  -36  190   68  -64  107  -17    6 
   770:    1    0    0    0    0   -2  -11    1    1    0 
   780:    0    0    0    0    0    0    5  -11  148  -52 
   790: -240  -83 -169 -118  -69  -10  -64   59  -44   63 
   800: -161   -5  -10   -3  -55   15  -70  -72  -16  130 
   810:  -39 -111  -76   -9  -37   62 -101  -71  -23 -173 
   820:  -57   -1    0    0    0    0    0    0   -4    1 
   830:   -2    0    0    0    0    0    0    0    3   -3 
   840:   65  141    7  -43  187   71   55   55  122 -123 
   850:   80   78   23  -17   58  -27   12   10 -133   72 
   860:  -15  -83  -67  -73  -47   62 -121  -10  -49   82 
   870:   78  142  -55    2    1    0    0    0    0    3 
   880:    6    0    0    0    0    0    0    0    0    0 
   890:    4  -13   78   -9   44   64  -99  -60  120  120 
   900:  -45   13  -18   66  -21   28   61   -6   16  -94 
   910:   98 -113   56   20   98   13   82   46  121    1 
   920:  100  -81  -45   44   77   -3    0    0    0    0 
   930:    0    1   -2    0    0    0    0    0    0    0 
   940:    0    0    0    0   18   45   18  -82 -129  -22 
   950: -148  -81   78  -31  -54   60   42   33 -122  -34 
   960:  -54   22    9  138  -66  -39  -78  -21  -73   16 
   970:  -24  100  -44    7  -85  144 -101   15   -2    0 
   980:    0    0    0    2   -4    0    0    0    0    0 
   990:    0    0    0    0    0    3  -48  -22 -110  -47 
  1000:  -67  102 -149  -66   39  -11   89 -137  -55   10 
  1010: -123   52  -13  -65 -140   34   22  -46  -81 -139 
  1020:   93   10   40 -116   53  -48  -17 -113  -49   -1 
  1030:    3    0    0    0   -1    6    0    0    0    0 
  1040:    0    0    0    0    0    0    0   -2   24  -36 
  1050:  113  -24   84   31    2  113  -36 -124  -42  -45 
  1060:   -5   76    5   29  107   15  -48  -97  -71  138 
  1070:   38  152 -101   27   15  105   51   -4   96   11 
  1080:  -55    3    2    0    0    0    0    5    7    0 
  1090:    0    0    0    0    0    0    0    0    0    1 
  1100:    4   29   92  -78  -45  140  -19   54   61 -107 
  1110:  -47  -63   22  -83   57  -24  -57 -181   21   22 
  1120:  -15 -156  -58  -71   92 -135  -74  -10  -74    4 
  1130:  -74   21  -28    1    0    0    0    0    0   -2 
  1140:   -5    0    0    0    0    0    0    0    0    0 
  1150:    0    3  -16  182   84 -227   69  -80  -64 -117 
  1160:   50  -80   10    0    6   23   77  -13 -134   68 
  1170:  117 -142   66  121   10   51 -186   41    7  -28 
  1180:   24  -78   -4   72   33   -3    0    0    0    0 
  1190:   -1    7    2    0    0    0    0    0    0    0 
  1200:    0    0    0   -6   25 -164  -36   50   -3  -30 
  1210: -190   -2  -33 -213 -204  217 -182   52 -107   34 
  1220:    0 -217   84   45   36  -90 -168   42   -8   24 
  1230:   10  115  -70  -88 -104   38    7    0    0    0 
  1240:    0    0    0   -4    0    0    0    0    0    0 
  1250:    0    0    0    0    0    4  -16  111  -76   83 
  1260:  -25  199  128  136  104 -295  -98   70   45  170 
  1270:   21   27  103   30  -58   74   40 -135  272   33 
  1280:   18  -16   -6  -94   28  119 -100   53   12   -3 
  1290:    0    0    0    0    0    0    2    0    0    0 
  1300:    0    0    0    0    0    0    0    6  -14  132 
  1310:  231   46  -16   54 -222 -253  -87   19  155  -35 
  1320: -110   72  201 -144  -76 -206   22   88  -27   83 
  1330:   56 -104  -67   46  -99   71   37 -132  -11   83 
  1340:  -15    4    0    0    0    0    0    0    2    0 
  1350:    0    0    0    0    0    0    0    0    0    0 
  1360:   -9   37 -240 -158 -411 -269 -166 -398 -163  182 
  1370: -108 -199 -446 -355 -145   17    6   12 -215  133 
  1380:  -31  108  -36  -90   26  -69   30  -37  -52 -104 
  1390: -153   44   -6    2    0    0    0    0   -1    3 
  1400:   -2    0    0    0    0    0    0    0    0    0 
  1410:    0    0   -2   40  -67  -85 -125  263  483  338 
  1420:  -14   34   59  -97 -497 -250   17  156  112  210 
  1430: -113 -179  -91   16 -167  106  -38   56   13  -26 
  1440:    8  239  183   49    3   -1    0    0    0    0 
  1450:    0    3    2    0    0    0    0    0    0    0 
  1460:    0    0    0    0    0  -15   -5   19  109 -147 
  1470:  -81 -211    0  183  165  221  219  141  143  105 
  1480:  -35   -6   31   45   81 -289 -137  258 -115   97 
  1490:  -13    6   28   20  119   -1    4    0    0    0 
  1500:    0    0    0    2    2    0    0    0    0    0 
  1510:    0    0    0    0    0    0    1   -2  -19  -78 
  1520:   47    1  210  169  287  278  129  -89  -78 -235 
  1530: -264    6   43   75   32  -32  -45  -20   42  188 
  1540:   23  -71  -19 -209 -124  -25 -302   16  -10    0 
  1550:    0    0    0    0    0   -6   -3    0    0    0 
  1560:    0    0    0    0    0    0    0    0   -2   -1 
  1570:  -14 -200   56  157   64  247  -26  -59  -97  -68 
  1580:   34  230  -57   97 -115   38  -12  -14  -91  206 
  1590:   93  -54  -21  -36   29  -44  159  127   10    2 
  1600:    0   -2    0    0    0    0    0    2    0    0 
  1610:    0    0    0    0    0    0    0    0    0    0 
  1620:    1   -5  -27 -166  294   -9 -153   88 -204  128 
  1630:  -19  237   46  -35  161 -152  206 -222  157  -64 
  1640: -276  166   46   55    0  161   92   49  113  -18 
  1650:   12    0    0    0    2    0    0    0    0   -1 
  1660:    1    0    0    0    0    0    0    0    0    0 
  1670:    0    0   -7    6 -251   46  -67   23  -52 -258 
  1680:   -2  -79   48  130  -10   54 -105   41  -14   62 
  1690:  -81 -117 -213  -79  -63 -221 -115  -37 -103 -223 
  1700:  -51 -136 -107    4    1    0   -1    0    0    0 
  1710:    0    4    4    0    0    0    0    0    0    0 
  1720:    0    0    0    0   -6    9 -124  124  -39   18 
  1730:   73  100 -279  -59    0 -146  166  -52  -56 -100 
  1740:  274  223  281   -8  188   20 -116   30   32  -39 
  1750:   -8  -13   94  -17   -2    1    0    0    0    0 
  1760:    0    0    0    1    1    0    0    0    0    0 
  1770:   -1    0    0    0    0    0    1   41  164  199 
  1780: -184 -184 -494  -73 -164  232  -15 -272  -60  110 
  1790: -188 -123  109  207  113   61  176   82   64 -109 
  1800: -266 -133   86  129  -59  -43   35   -1    0    0 
  1810:   -1    0    0    0    0   -3   -3    0    0    0 
  1820:    0    0    0    2  -12   -1    0    0    7   30 
  1830:  243   28  -77  118   71 -132  -99  -35   98 -237 
  1840:  -17   73 -127  -48  -77  -18  -27  212 -305  -62 
  1850: -282  -63  133  -70 -162  135   73   94   -6    2 
  1860:    0    0    0    0    0    0    0    2    4    0 
  1870:    0    0    0    0    0    0    0    0    0    0 
  1880:    0   -3   11   11  -32  -11 -155  195   74  -84 
  1890:  -53  101  -77  257   55   73   48 -100  102  -54 
  1900:  -11   -8  -36  -63   31   91    9   80  -96  -89 
  1910:    7   -2    0    0    0    0    0    0    1   -9 
  1920:   -5    0    0    0    0    0    0    0    0    0 
  1930:    0   -1    0   15   19   54  -54  171  149  375 
  1940:  225  -55   46   -8  136   10   73 -154 -111   26 
  1950:  105 -138  133  -40   16  185  -35  280  -60  -79 
  1960:   18  -89   14   -3    0    0    0    0    0    0 
  1970:    0    0    2    0    0    0    0    0    0    0 
  1980:    0    0    0   -1    4  -73 -323 -327   33  145 
  1990:  251  -12 -231   21   38   -3  -12  -63  173  174 
  2000: -113  -35 -116  162  -86   12   46   21   16  -15 
  2010:  -11    3 -165  228  -37   10    0    0    0    0 
  2020:    0    0    0    1    3    0    0    0    0    0 
  2030:    0    0    0    0    0    5  -19  107 -376 -106 
  2040:   29  431  -90   75   42   39   69 -164 -376  -71 
  2050: -196   55 -169   98   31   73   -1  100   53   98 
  2060:   78 -113  -79   95  309   47    2    2    0    0 
  2070:    0    0    0    0    1   -7   -4    0    0    0 
  2080:    0    0    0    0    0    0    0   -2  -22 -148 
  2090:   20  193  -80  153 -156  274 -173 -169  -64   -3 
  2100:  121   26   23   64  140   90  165   -7  -27 -130 
  2110:  -18  -98  -45  -62   10   69  -11 -180    9   -5 
  2120:    0    0    0    0    0    0   -1    5   -3    0 
  2130:    0    0    0    0    0    0    0    0    2  -12 
  2140:  171  213   97 -367    0  167 -249   -8 -200  -64 
  2150:  -27   43  203  -28 -214 -162   36 -138   94  -65 
  2160:  239   12   32   -1 -239   14   49 -103   66   38 
  2170:    4    2    0    0    0    0    0    0    1   -6 
  2180:    1    0    0    0    0    0    0    0    0    0 
  2190:   -1  -30  -80 -316 -313 -311 -108 -114   20  262 
  2200:  290  111  160   99  157   17  142  -26 -120   56 
  2210:  -38 -125  -90   99   75  -64  -11  -23  -24 -157 
  2220:   94 -192   51   -7   -1   -1   -1    0    0   -1 
  2230:   -1  -11   -4    0   -1   -2  -16   -9   -7   -4 
  2240:  -18  -30  -19 -107 -102 -166  173   25 -119   63 
  2250:   75  -54 -187 -101 -124  -98   98 -122 -238  228 
  2260: -117 -125   17  -40   47   99   -8  -32   66 -133 
  2270:   33   78   13  -91  111  -20    3    0    1    0 
  2280:    0    0    0    0    3  -18   -9   -8  127   20 
  2290:   -5    8   15  108   63  -40  330 -275   96  -74 
  2300: -146  114  -27 -131 -155 -103  -80   35  242  189 
  2310: -286  145  202  115  115  -58    9  182   66   13 
  2320:  138 -271   66  -18   66  -92   79  -41    6    2 
  2330:    1    2    2    2    1    4    7   51   35   42 
  2340: -590  -94   57  -60 -185 -488 -452  198 -351 -320 
  2350: -189 -689  -74  317  -22   26 -321 -496  259 -262 
  2360: -479   10  -30   55   65  191   24  -87  109  -70 
  2370:  214   17  147   69  181    5  191   -4  104   10 
  2380:  -12  -25  -32  -58  -60  -66  -64  -63  -23  -29 
  2390:  -84 -153  201  219  258   55  227  339  143  242 
  2400:  -95  376  223  380  -14  100  102  162  265  178 
  2410:   18   70  122   59  129  119  128   33 -172 -159 
  2420: -212 -283 -206 -154 -165 -170 -157 -147  -46 -114 
  2430: -112 -231 -324 -320 -402 -306 -303 -269 -266 -225 
  2440:   63  249   78  279  747   88  230  278  368 -185 
  2450:  619  244  725  185  185  -79  652   74  139  187 
  2460:  -19  366  402  192  256  233  322  320  318  282 
  2470:  178  271  217  221  281  282  311  213  222  228 
  2480:  211  213  146   98  123  200  356  334  228  190 
  2490:  188  156  226   67  143  -71 
