     0:    0    0    0    0    0    0    0    0   -1   -2 
    10:    0   -3    2   -6    1    0    0    0    0    0 
    20:    0    0    0    0    0    0    0    0    0    0 
    30:    0    0    0   -2    0    0    0    0    0    0 
    40:    0    0    0    0    0    4    8    7    1   -1 
    50:    8    1    0    0    0    0    0    0    0    0 
    60:    0    0    0    0    0    0    0    0    0    0 
    70:    0    0    0    0    0    0    0    0    0    0 
    80:    0    0   -9    4   -1   -5    6   -5    4    2 
    90:   -4    2   -1   -1    0    0    0    0    0    0 
   100:    0    0    0    0   -1    0    0    0    0    0 
   110:    0    0    0    0    0    0    0    0    2    1 
   120:    1    0    0    3    6   -4    2   -3    2   -3 
   130:   -3    2    1    0    0    0    0    0   -3    4 
   140:   -3    7   -5    4    0    0    0    0    0    0 
   150:    0    0   -2    0    2   -2   -1    1    4    2 
   160:    2    1    2   -2   -1    4   -1    5   -5    2 
   170:    0    2    0    3    4    2    3   -2    1   -4 
   180:    5   -1    0    0    0    0    0    0    0    4 
   190:    3    2    6   -5   -1   -4    3    2    0    2 
   200:    2   -2    4   -1   -4    1    0   -3   -1   -6 
   210:    0   -2   -5    7   -5    6   -6    1    0    0 
   220:    0    0    0    0    0   -1   -7    1   -2   -1 
   230:    8   -6    2   -5    3    0   -2    1    1    0 
   240:   -3    0    0   -3    1   -4   -3    3    0    5 
   250:    1   -5    5   -5    0    1   -1    0    0    0 
   260:    0    0    2   -4    1   -4    3    0    0    2 
   270:    2    0   -4   -6   -3    2    3    5   -3    0 
   280:    0   -4    0    0    0   -1    2    6   -3   -5 
   290:   -3   -8    2   -4    0    0    0    0   -1   -2 
   300:   -5    5    3    0    0   -1   -7   -4    4    1 
   310:   -7    1   -2    3   -3    4   -1    0   -5    1 
   320:    1   -1    0    3    5   -1    0   -2    2   -2 
   330:   -1    0    0    0   -1    0   -2    0   11   -4 
   340:    6   -4   -7    2    0    1   -2   -7    0   -2 
   350:    0   -2   -3    1   -1   -5   -1    1    0   -5 
   360:    2   -2    0   -4   -3    4    1   -1    0    0 
   370:   -2    1    0   -3    0   -6   -1   -4   13   -1 
   380:  -10    5   -3   -1    4   -3    7    3    0    8 
   390:    0   -1    6   -3    1   -3    5    4    3    1 
   400:   -2   -3    5   -4    0    0    0    1   -4    1 
   410:   -1    0    7   -3    1   -7    2    1    3    7 
   420:   -3    0    2    0   -5   -1    0   -2   -3    1 
   430:   -1    0   -1    2   -1   -5   -2   -2    3    9 
   440:   -7    1   -3    0    0    0   -8    9    1    3 
   450:   -3   -2   -5   15    1   -2   -4   -5    4    5 
   460:    0    6    1    6   -4    5   -3   -1   -3   -2 
   470:   -2    9   -1   -4    0  -11    0   -6    0   -1 
   480:    0    1   -4   -2   -4    4    2   -4   -6    7 
   490:    6    2    9  -16   11   -3    3   25   -2   -3 
   500:   -3   -1   -5    4   -3   -1   -1    4   -3    3 
   510:   -1    2   -2   16   -5    2   -1    0   -2    5 
   520:   -8    4   -2   -6    4    8   -9   11    0  -13 
   530:    4  -15   -2    0   -2   -3    5    6    2   -4 
   540:   -1   -3    2   -1   -4    1   -8    4    5   -3 
   550:   -1   -2    0   -5    0   -1   -2   -6  -10    8 
   560:    6    2   -8   18  -10   25  -12   15    2   16 
   570:   -2    0   -2   -7    2   -5    2    0   -2    1 
   580:    0    7   -6   -2    3   -1   11   -7    5   -3 
   590:    3    0   -2    0    3    3   -2    5    2  -14 
   600:   15    2  -21   -1    9  -20  -12    2   -2    8 
   610:    1    6    1   -1    0   -5    1   -1    2    2 
   620:   -9   -2    4  -16    0    3   -7   -2    1    4 
   630:   -6   -5   -6   -8   -1    7   -5   -8   -8    1 
   640:   -7   -4   -8    5    0    4   -6    7    3    0 
   650:    4   -1   -4   -2    1    1   -2   -3   -3   -4 
   660:   -1    6   -3    0    0    2   -3   -2   -2   -4 
   670:    6   -8   -2  -14   16  -17   -2    4   -3   -5 
   680:    0    3   -4   -3    0    1    2   -3    8    0 
   690:    4   -6    1    3    3   -7   14   -2    4    3 
   700:    1   -2    0   -5    0   -5   -1    0   -5   -1 
   710:    0   -1   15   -4  -11    1    0    1    5    0 
   720:    1    0   -3    3   -6    3   -6   -3    4    2 
   730:   -3   -2   -4   11    6   -4   -2   -7    1    0 
   740:    0   -2    1    5    0    5   -1   -1   -3    5 
   750:   -1   -5    7   -4   -2    2    0   -3    4   -1 
   760:   -5   -3    2   -7   -1   -5    3    4   -4    3 
   770:    3   -8    0    6    4    4    0   -4    2   -5 
   780:    2   -4   -1    0   -3   -8    4   -2   -5   -2 
   790:    4   -2   -1   -1    1    1   -1   -3    0   -2 
   800:    0    2   -5    2    4    1   10   -1    4   -1 
   810:   -2    4   -1    0   -1    5   -5    3    6    3 
   820:   -1   -4   11    4    1   -4    1    0    0    5 
   830:   -1    3    1    4   -6    5   -1   -3    0   -3 
   840:    7    6    0   -5    6   -7   -4    5    1    3 
   850:    0    0    6    0    1   -8    0    1    7    0 
   860:   -3    3   -7   -8    2   -2    2    4   -2    2 
   870:    0   -4    3  -10   -5    0   -2    0    3   -5 
   880:    7    1    5   -2   -2   -5    1    0   -1    3 
   890:    3    3   -4    0    5   -7    7    4    8   -3 
   900:    0    3   -2    4    1   -1   -3   -1    4    2 
   910:   -3   10    2   -2    7    3    4    3    0   -1 
   920:    3    2  -11    1    0    0   -3    3    0    0 
   930:   -5   -3    3    2    2   15   -4   -4   -4    0 
   940:  -10    3    3    0   -1   -3   -4    5   -2    5 
   950:    4    3    3    3    4    0    1   -2    5    2 
   960:    0    0   -1    5   -4    2   -6   -5   -6    5 
   970:    1    2    2   -4    2   -1    0    3    1    1 
   980:   -2    0   -2   -1   -7    2    9   -1   -2   11 
   990:   -5   14   -1  -10    6    3    0    0    0    0 
  1000:    0    3   -1    2   -3    2    5   -4    5    4 
  1010:   12    2    5   -3   -6    0   -3    1  -12    4 
  1020:   -1   -4    1    1   -6    3  -10  -10    7    6 
  1030:   -2    0    4    1    0    0    0    1   -3    6 
  1040:   -4    1    1    1   -2    1   -7    4   -5   10 
  1050:    0    2   -2   -1    3    1   -4   -4    7    1 
  1060:    3  -11    4   -6    8    1   -2   -6   -5   -3 
  1070:   -1    0    0    0    0    0    0    0   -1    1 
  1080:    7   14   -5   -5   10   -7   -8   -5  -10    8 
  1090:   -5   -8   -2   -8   -4   -5    3    2   -2    9 
  1100:   -8   10   -1    6   -9    5   -7    1    0    0 
  1110:    0    0    0    0    0   -1    0  -10    7    3 
  1120:    2    4  -15    8    7    1    0    3   -6   -3 
  1130:    0    0    2   -6    3    1    5   -7   -4   -4 
  1140:   -2   -5  -11    3    0    0    0    0    0    0 
  1150:    0    0    0    1   -3    2   -2   -1  -11    7 
  1160:    2  -17   12  -12   13   -9   -1   -3   -4   -3 
  1170:   -5   -5   -9    9   -5   -2   -2    7   -5    1 
  1180:   -2    0    0    0    0    0    0    0    1    0 
  1190:   -3   -6  -12    1    0    5   -6   15    0    0 
  1200:    9   -4   -1    5   -9   -2    2   -4  -11   -4 
  1210:    0    2   11    4    1   -8    7    0    0    0 
  1220:    0    0    0    0    0   -3   -8   -6   -2   -5 
  1230:   10    5    5   -4   -1    7   -3   -4  -13    5 
  1240:   -7    0    1   -5    4   -8   -3    9    0   -9 
  1250:    3  -13    6    0    0    0    0    0    0    0 
  1260:    0    2   -7    0    0    8   -3   -5    1   -2 
  1270:   -1   -1   -1   -2    5    0    3    6  -19   -5 
  1280:   -5    5   -3   -8   -9    8    2    6    0    5 
  1290:    1    0    0    0    0    0    0   -7   -4   -1 
  1300:    0   -9    7   -7   -2    3   -3   -7   -2    7 
  1310:   -5    6   -2    6  -14   15   -2    4   -2    0 
  1320:  -16  -10   -2    1    0    0    0    0    0    0 
  1330:    0    0   -8   -7  -17  -10   -2   -9   -3    1 
  1340:   -5   -2   -2    6    4   -1    2    3    2   -7 
  1350:   -2    6   -1    4    0   10    9  -14    1    0 
  1360:    1    0    0    0    0    0    0    0    0   -5 
  1370:   -2   -1   -1    0   -1   -3   -3    0   -1    0 
  1380:    0   -1    0    0    1    1    0    0   -1    0 
  1390:    0   -1    0   -1    0    0    0    0    0    0 
  1400:    0    0    0    0    0    0 
