     0:    0    0    0    0    0    0    0   -1    0   -8 
    10:    2   -8   -7    4    0    0    0    0    0    0 
    20:    0    0    0    0    0    0    0    0    0    1 
    30:    0   -1    3    0    1    0    0    0    0    0 
    40:    0    0    0   -1   -6    4   -5   -4   -2    0 
    50:   -1    0   -1    0    0    0    0    0    0    0 
    60:    0    0    0    0    0   -1    1    0    0    0 
    70:    0    0    0    0    0    0    0   -1    4   -8 
    80:    1  -13    7    3   -9    0    1   -3    4    0 
    90:   -1    1    0    0    0    0    0    0    0    1 
   100:    0    6   -6   -2    0    0    0    0    0    0 
   110:    0    0    0    0    1    4   -7    0   -3   -8 
   120:   -1   -1    8    2   -5   -3    1    8    0   -1 
   130:    1    0   -1    2   -4   -2   -4    2    3   -4 
   140:    0    0    0    0    0    0    0   -3   19   -8 
   150:   -1   -3    1   12    3   -6    3    0   -5   -1 
   160:    5   -2    0   -1   -2    0    1    4    4    1 
   170:   -2   14   -3    1    2   -2    2    0    0    0 
   180:    0    0    0    0    6   -3  -13   18  -11  -17 
   190:   -1    4    4   -6   -4    5    0   -1    2    1 
   200:    0   -3   -8    3    5   -7   -2    0    6    5 
   210:   -2    7   -5    1    0    0    0    1   -6   13 
   220:    4   -3    1   -5  -10   10    2   13    3    0 
   230:    0    0    3    0   -2    1    5   -4   -2   -4 
   240:    1   -3  -11    4   -3   -2    1   -7   10   -4 
   250:    0    0    0    0    8  -10    2    5    0   -2 
   260:   11    0   -8   -3   -8  -16    5    4   -3   -4 
   270:   12   -2    0   -2    4    1   -2    6    8   -4 
   280:   11   -6  -10    4   -5   -2    0    0    0   -3 
   290:    4    5   14   10   11    0    4  -10   14   -6 
   300:    4   12   -9   -3    1   -7   -2   12  -13    6 
   310:   -7    6    2   -8    6   -3   -9   -3   -4   -1 
   320:   -7    2   -1    0   -1    4   11   -8  -11  -17 
   330:  -12   -4  -17  -13   -4    3  -11  -15   21    6 
   340:   -2    1    2   -1   -1   -1    2    0   -1    9 
   350:    6    2    0    7    3   -1   -8   11    0    0 
   360:    1   -1   -4    0   -2   13   -6   -9    4  -12 
   370:   10   -6  -12   13  -13   -3    4    3    0   -2 
   380:    3   -2    6    0    0    1   -1   -2   -1   -4 
   390:    2   -1   -5   -1    8   -1   -2    1    2    4 
   400:    5   -2    4    5   -2   -4   -5  -11   -2    5 
   410:    5    7   -2    2   -9    6    1    2   -2   -6 
   420:   -4   -4   -9    5   -6   -1   -7   -2    0    2 
   430:   -2    0    1   -6    0   -8    2    6    1    2 
   440:   -4   -1    6   13   -2    0   -4  -14   17   -4 
   450:   13  -21    0    1    3    1  -12    4   13   -1 
   460:    2    5  -10   -5   -2   -1    3    0    1  -10 
   470:   -4   -6   -1    6    2    3    1    1    2    4 
   480:    1   -3    4   -3   12   10  -21   18   -1   -7 
   490:    3    3    8  -13    4   -3    2   -2    2   -9 
   500:   -4    1   -2    0   -1   -3   -2   -1    2   -5 
   510:   -1    4    2   -2   -7    2   13    0   -7    1 
   520:   -9   -3    3   -8    5   -9  -11   -1   -1   10 
   530:   -7   -4    1   -3   -1    0   -3    9    6    0 
   540:    4   -9    2    0    1    0    2    2  -12    2 
   550:    6    2   -2   -7    3    6    2   -3   -8   -3 
   560:   -4    2    1   -2    4   -8    8   -8    1    4 
   570:    3  -11    5    0   -2    0   -8   14   -3   10 
   580:   13   -7   -1    2    1   -2    0   -7   -9   -1 
   590:   -7   -2    2    2   12   -8   -8    0    5    1 
   600:   -2    6   -6    1    1   -5   -6    9    5   12 
   610:   -9    5    4   -9   12   -4  -11    4   -1  -10 
   620:    3    2   -5    6   -3    5    3   -7    2    0 
   630:  -21   16   -7    2   -5   16   -6  -11    6  -10 
   640:   15   -4    0  -10   -3   -1   -4   -1    0   16 
   650:   -5    5    7    4   -3    5    1  -11    2   -1 
   660:    1   -5   -1    0   18   10   -8   -3    6   -4 
   670:    5   -2    7    1   -1    5   -8    5   -6    4 
   680:    3    0    3    1    8   -8   10   -9   -8  -18 
   690:   -7    5    0    0   -8   -5   12  -10    0    1 
   700:    4   -2  -13    3   -4   -9   -2   -2    5   -6 
   710:   -5    1    9    0    7   -8    5    0   -2   -2 
   720:    7   -6   -2  -12  -13   11    8   -3    0   -8 
   730:    2   -2  -21   36   -7   -2   -1   -6   25    0 
   740:   -7    0    0   -9   -3    8   -1   -3   -5   -8 
   750:    3   -2   -3   -3    0    3  -13    1   -4   -2 
   760:    0   27   -8    3  -13    0   -4    5  -15  -19 
   770:   30   -4    3   -7   -8  -14   -2   -5   -3    7 
   780:   -3  -14   -1    5    6   12   -5    3    4   -2 
   790:   -7    1   -2   12   -6   -9    5   -8   -5   -3 
   800:   -2  -10   -4    9    0    0    0  -17   14    4 
   810:   -7   -1    8    0    7  -10    0    4   -2   -4 
   820:    2   -5   -2   -4   -9   -3    5   -1   -8    5 
   830:    7   -3   -7   14    4    0    2   11    1   12 
   840:    6   -5  -13   10    1   -3   -1    0   -4    8 
   850:    1    0   -3   -3    0   -2   -1   -1    5   -3 
   860:   -3    6    1    0   -1    0   -6    4    6   -3 
   870:    1   -2   -4    5    3    2   12    1    5    1 
   880:    1    3   -7   -3    1    3   -7    8   -5   -4 
   890:   -2    2   -2   -7    1    8   -7   -8    5    0 
   900:    1    5   15    3   -1    0    1    2    0   -6 
   910:    0    7   -9   13   -5    0    2    1    3    0 
   920:    9    6    0    0   -3   -6   -3    1   -1    3 
   930:   -5   -3   10    1    2    0    0    5   -6    1 
   940:    1   -4    0   -6    3    0    4    0    0   -8 
   950:   11  -10    3    0    0    0   -6    9    5   -3 
   960:   -1    5   -6    9   -6   -5    9  -13    0  -10 
   970:    0    0   -1    4    7   -5   -4   -1   -6    5 
   980:    4   -5   -3    2    2    3  -11   -4    3    9 
   990:   -4    0    8    2    7    0   -2   -3   -2   -4 
  1000:   -2   -3    3   -3   11    0    0    0    0    0 
  1010:    3   -2  -10    4   -5   -6    0   10   -9   -9 
  1020:    4  -12    4   -3   -6    9   10   -1    7    3 
  1030:    6   -3   -4  -10   -4   17    0    3    9   10 
  1040:   -7   -4    1    0    0    0    1   -3   -4    1 
  1050:   -6    3   -4   -2    3   12   -8   -5    6    7 
  1060:    7    7   -1   -2    7    4   -2    1    1   -1 
  1070:    6   -8    2   11  -15  -12    0    0    0    0 
  1080:    0    0    0    0    0    2    3   -9  -18   12 
  1090:    7  -16   13   -6   -2  -20    5    2   -2    3 
  1100:   -4   -1    0    2   -3    1    3   -1   -7   -6 
  1110:    1   10   -4    0    0    0    0    0    0    0 
  1120:    0    0    2   -5    1    0    2    1   -7   -5 
  1130:   17    2    3   -8   -5   -8    5    3   -6   14 
  1140:    0   -3    3   -6    0    3    2   -5   -7    1 
  1150:    0    0    0    0    0   -1    1   -8    5   -6 
  1160:   11   -2    0    0    1    7   -5  -12   -5    4 
  1170:   -6    5    0   -3    1    3   -8   -2    2   -1 
  1180:    6   -6    0   -1    2    0    0    0    0    0 
  1190:    0    5   -2    4   -1   -8    3    5   -4    5 
  1200:   -2    0   -7   -1    1    9   -4   -3    1    1 
  1210:    0   -4    0   -4    6   -2    1   -4    4   -2 
  1220:    0    0    0    0    0   -1    1  -10    4  -14 
  1230:  -13    5  -12    1    3  -10   -4    5   -1   -6 
  1240:    1    7    2    7    0    5   -7    1    3    5 
  1250:    1   -4    2    1   -1   -2    0    0    0    0 
  1260:   -2    7    8   -1   -4   18    4   -8   -7    6 
  1270:   -9    5    1    4   -4   -1    0    1   -5   -2 
  1280:    3  -12    1    0   -3   -7    6    4   -1    0 
  1290:    0    0    0    0    0    0    0    4   -5   -6 
  1300:   -3    5   -4   -1    4    4    4    0    0   -8 
  1310:    6   11   -1   10    9   -2    6  -14   -4    8 
  1320:   -4  -13   -1   -1    0    0    0    0    0    0 
  1330:    0    0    0    1    0    4    0   -2    2   -2 
  1340:    0    0   -1    1   -1    1    0   -2    0   -2 
  1350:    0    2   -1    2    1   -2    2    1    0    0 
  1360:    0    0    0    0    0    0    0    0 
