     0:    0    0    0   -1    0   -1    0   -1   -1    0 
    10:    1    0    2   -1    1    2    0   -1    0    1 
    20:    0    1   -1    0    0   -1    1    0   -1    0 
    30:    1    0    1    0    0    0    0    0    0    0 
    40:    0    1   -2    2    1    0   -1   -1    0    0 
    50:    0   -1    0    0    0    0    0    0    0    0 
    60:    0    0    0    0    0    0    0    0    0    0 
    70:    0    0    0    0    0    0    0    0    0    0 
    80:    0    0    0    0    0    0    0    0    0    0 
    90:    0    0    0    0    0    0    0    0    0   -1 
   100:    0    0    0    0    0    0    0    0    0    0 
   110:    0    0    0    0    0    0    0    0    0    0 
   120:    0    0    0    0    0    0    0    0    0    0 
   130:    0    0    0    0    0    0    0    0    0    0 
   140:    0    0    0    0    0    0    1    1    0    0 
   150:    0    1    0    0    0    0    0    0    0    0 
   160:    0    0    0    0    0    0    0    0    0   -1 
   170:    0    0    0    0    0    0    0    0    0    0 
   180:    0    0    0    0    0    0    0    0    0    0 
   190:    0    0    0    0    0    0    0   -1    0   -1 
   200:    0    0   -1   -1    0    0    0    0    0    0 
   210:    0    0    0    0    0    0    0    0    0    1 
   220:    0    1    0    1    0    0    3    0    0   -3 
   230:    0    0    1    0    0    0    0    0    0    0 
   240:    0    0    0    0    0    0    1   -2    3    1 
   250:   -2    2    0   -6    8   -1    0    0    0    0 
   260:    0    0    0    0    0    0    0    0    0    0 
   270:    0   -1   -1    0    1    0    0    2   -4    2 
   280:    1   -6    2   -1   -1    1    0   -2   -2    2 
   290:    0    1    0    0    0    0   -2    0   -1    0 
   300:   -2   -2    1    0   -3    0    0   -2    0    0 
   310:    0    0    0    0    0    0    0    0    0    0 
   320:    0    0   -3    0    0    1   -4    0    2   -4 
   330:    2   -4    1   -1   -1    6    1   -1    1   -2 
   340:    8   -5    4   -4    2    0    3   -2    2    1 
   350:    0    1    0    0   -2   -1    0   -1    0   -1 
   360:    0    0    0    0    0    0    0    0    0    0 
   370:    0    0    0    1   -1    0    0    1    2    4 
   380:   -1    3   -1   -1   -1   -5    0   -1    0  -10 
   390:    1   -3   -6    2    2    7   -2   -2    2    0 
   400:   -1   -2    1    0    0    0    0    0    0    0 
   410:    3   -1    0    0    0    0    1    0    0    0 
   420:    0    0    0    0    0   -1    0   -1   -2    3 
   430:   -5    0    0   -2    1    0   -1    1    2   -1 
   440:    1    1    0    0    3   -2    2   -2    1    1 
   450:   -1    1   -1    1    0    1    0    0    2   -3 
   460:   -2    0    1    0    0    0    0    0    0    0 
   470:    0    0    0    0    0    0   -1    4    1   -4 
   480:    5    0    2   -6   -1    0    0   -2    2   -4 
   490:    1    0   -5    3   -3    4   -2    7   -6    3 
   500:    3   -6    1    0   -1    1    2   -1    0    0 
   510:    0    0    1   -1    0    0    0    0    0    0 
   520:    0    0    0    0    0    0    0    0    0    2 
   530:    0    1    1    1   -2    0    2   -2   -2    1 
   540:    2    0   -2   -3    6   -4    0    1   -1   -1 
   550:    0   -1    2    0    1   -3    5    2    1    0 
   560:    0    0   -1    0    0    0    0    0    0    0 
   570:    0    0    0    0    0    0    0    0    0    0 
   580:    0    2    0   -1    2   -1    3   -4   -1   -1 
   590:    2    0    0    0   -3    2    0    2    1   -5 
   600:    6   -1    1    2   -2   -2   -3    1   -3    1 
   610:   -1    0    1   -1   -1    0    0    0    0    0 
   620:    0    0    0    0    0    0    0    0    0    0 
   630:    0    0   -2    0    0   -1    0    1    0   -3 
   640:    0    0   -2    1    2   -1    0    1    2    2 
   650:    2    1   -2   -1    0   -1    1   -3    2   -4 
   660:    1    0    1    0    0    0    0    0    0    0 
   670:    0    0    0    0    0    0    0    0    0    0 
   680:    0    0    0    0    0    0    1    1    2    2 
   690:    1    2    0    1    2   -3    2    0    1    1 
   700:    0    1    0   -1   -1   -1    1    2    2    2 
   710:    0    0   -1    1    3    0    0    0    0    0 
   720:    0    0    0    0    0    0    0    0    0    0 
   730:    0    0    0    0    0   -1   -1   -1    0    0 
   740:    1   -1   -2   -2    0   -1    2   -2    1    0 
   750:   -1   -2    0    0    2   -2    1    3    1    0 
   760:   -2    0   -1    1   -1    2    1   -1    0    0 
   770:    0    0    0    0    0    0    0    0    0    0 
   780:    0    0    0    0    0    0    0    0   -4    2 
   790:    3   -2    0    0    2    2   -1   -2    0   -1 
   800:    0    3   -2    2    2   -3    2    1   -2    2 
   810:   -1    1   -2    0    1   -3    1    0   -2    0 
   820:    0    0    0    0    0    0    0    0    0    0 
   830:   -1    0    0    0    0    0    0    0    0    0 
   840:    1    3   -3    2   -1    0   -2   -2    2   -1 
   850:    0   -2    0   -1    4   -1    0    2    0   -1 
   860:   -2   -2    1    0    2    1   -2    3   -2    2 
   870:   -2   -1    0    0    0    0    0    0    0    1 
   880:    0    0    0    0    0    0    0    0    0    0 
   890:    0    0   -4   -3    1    2   -1    1   -1    3 
   900:    0   -1    1   -3   -1    0   -2    1    0   -1 
   910:    0    0    1    0    0   -3   -1   -3    0   -1 
   920:    0   -1    0    2    0    0    0    0    0    0 
   930:    0    0    0    0    0    0    0    0    0    0 
   940:    0    0    0    0    2    0    0   -3   -1    0 
   950:   -1    0    3    0    1   -1    0    0    3   -1 
   960:    1    0    1    1    3   -1    1   -1    3    1 
   970:    1    1    4    0   -1    1    0    0    0    0 
   980:    0    0    0    0    0    0    0    0    0    0 
   990:    0    0    0    0    0    0    1    0    0    3 
  1000:   -2    2    0    2   -4    1   -2   -4   -2    0 
  1010:   -4    1   -1   -2   -1    0    0   -3    3    0 
  1020:   -2   -1   -5    1   -5    0   -1    1    0    0 
  1030:    0    0    0    0    0    0    0    0    0    0 
  1040:    0    0    0    0    0    0    0    0   -1    4 
  1050:   -3   -5    1    3    0    2    2   -1   -2    4 
  1060:    0    4   -2   -2    0    0    0    0   -1    0 
  1070:    2    0    0    4   -2    0    4    1    2    2 
  1080:   -1    0    0    0    0    0    0    0    0    0 
  1090:    0    0    0    0    0    0    0    0    0    0 
  1100:    0    0    2    4   -2    0    0   -1   -1    0 
  1110:    1    3    2   -2   -1    2    0    0    0    2 
  1120:   -2    1   -3   -1    2   -4    2   -3    0   -1 
  1130:   -4    1   -1    0    0    0    0    0    0    0 
  1140:    0    0    0    0    0    0    0    0    0    0 
  1150:    0    0    0   -1    0    3    1   -1    2    1 
  1160:    5   -3    2    2    0    3    1   -5   -1   -3 
  1170:    1    4    0    0   -5    2    1    2   -3    4 
  1180:   -3    2    3   -1    0    0    0    0    0    0 
  1190:    0   -1    0    0    0    0    0    0    0    0 
  1200:    0    0    0    0    0    1    3    2   -3    2 
  1210:    0    5    0    4    0    0    0   -3   -2    5 
  1220:    1    6   -3    3   -5    0    5    1    5   -5 
  1230:    1   -1    7   -1    1    2    0    0    0    0 
  1240:    0    0    0   -1    0    0    0    0    0    0 
  1250:    0    0    0    0    0    0    0    1   -1   -1 
  1260:    3   -1    6    3   -4    5    4    1    3    4 
  1270:   -2   -3   -4    1    4    0    6    3   -5   -4 
  1280:   -3    6    1   -1    3   -4   -2    3    0    0 
  1290:    0    0    0    0    0    0    0    0    0    0 
  1300:    0    0    0    0    0    0    0    0   -1   -1 
  1310:    6   -1   -2    2   -3    0   -1    0    2   -1 
  1320:   -5   -5    2   -3   -3    0    0   -5   -4    0 
  1330:    6   -2   -4    3   -1    2    3   -2    1    2 
  1340:    0    0    0    0    0    0    0    0    0    0 
  1350:    0    0    0    0    0    0    0    0    0    0 
  1360:    0    1    1   -1    2    1    0    2    1    3 
  1370:   -1    1    5   -1   -2   -1    0    3    1    3 
  1380:   -9   -2   -3   -6    2    0    7    5    1   -2 
  1390:    3    4    0    0    0    0    0    0    0    0 
  1400:    0    0    0    0    0    0    0    0    0    0 
  1410:    0    0    0    0   -2    3   -2   -2    1   -2 
  1420:    2    0   -1    0    1   -1   -1   -6    0    0 
  1430:    1   -2    1    3   -7   -1   -9    1    3    0 
  1440:   -2   -1   -3    0    0    0    0    0    0    0 
  1450:    0    0    0    0    0    0    0    0    0    0 
  1460:    0    0    0    0    0    1   -1   -3   -1   -1 
  1470:    0    1    0    0    1   -1    0   -1    1    3 
  1480:    0   -2   -2   -2   -1    6    1   -7  -10   -4 
  1490:    7   -1    1    3    2    1    0    0    0    0 
  1500:    0    0    0    0    0    0    0    0    0    0 
  1510:    0    0    0    0    0    0    0   -1    0    0 
  1520:    2   -1    5    4    1   -2    3   -4    7   -1 
  1530:    2    0   -1    2   -1    1    0    2    2   -1 
  1540:   -5   -2    0   -1    0   -1   -3    0    0    0 
  1550:    0    0    0    0    0    1    0    0    0    0 
  1560:    0    0    0    0    0    0    0    0    0    0 
  1570:   -1    2   -6    0    0   -3   -1   -4    1   -2 
  1580:    0   -2    5    1    3   -4    3    0   -1   -1 
  1590:    0    1   -1   -1   -3   -2    3   -2    0    0 
  1600:    0    0    0    0    0    0    0    0    0    0 
  1610:    0    0    0    0    0    0    0    0    0    0 
  1620:    0    0    3   -2    1    1    0    4    3   -1 
  1630:    1   -4   -1    4    4   -1    0    4    0   -1 
  1640:    7    1   -1   -1   -1    1    1    0   -1    0 
  1650:    0    0    0    0    0    0    0    0    0    0 
  1660:    0    0    0    0    0    0    0    0    0    0 
  1670:    0    0    0    0    1    7   -7   -2    1   -8 
  1680:    3   -3    6    1   -1    0    1    1   -1   -2 
  1690:    3    0   -4   -4   -2    4    1   -4   -3    1 
  1700:   -2    2   -1    0    0    0    0    0    0    0 
  1710:    0    0    0    0    0    0    0    0    0    0 
  1720:    0    0    0    0    0    0    1   -2    4    0 
  1730:    2   -1    0   -1    1   -3   -2    3   -1   -3 
  1740:   -6    1   -4    1    1    1   -4   -3   -3    8 
  1750:    1   -5   -2    2    0    0    0    0    0    0 
  1760:    0    0    0    0    0    0    0    0    0    0 
  1770:    0    0    0    0    0    0    0    0    1    2 
  1780:   -2    0   -4    2   -2    6   -1   -1    3    4 
  1790:    2    3   -1    4   -1    4    3   -1    0    1 
  1800:   -1   -6    0    2   -1    4   -1    0    0    0 
  1810:    0    0    0    0    0    0    0    0    0    0 
  1820:    0    0    0    0   -1    0    0    0    0   -1 
  1830:    3   -2    2   -1    0    2   -5   -5    0    0 
  1840:   -1    0    0   -2    2    2    2   -1    0    1 
  1850:   -1    6    2   -1    0    0    1    0    0    0 
  1860:    0    0    0    0    0    0    0    0    0    0 
  1870:    0    0    0    0    0    0    0    0    0    0 
  1880:    0   -1   -2   -1   -4   -1   -2    0    2    0 
  1890:   -2    4   -4   -1    1    5   -2   -3   -1   -2 
  1900:   -3    6    2    0    3   -4    3    1   -2    2 
  1910:    0    0    0    0    0    0    0    0    0    0 
  1920:    0    0    0    0    0    0    0    0    0    0 
  1930:    0    0    0   -1   -4    6   -2    0    9   -2 
  1940:    5   -5   -3   -2    1   -3    6    2    7   -2 
  1950:    2    1    7    0   -4   -2    1   -5   -4   -1 
  1960:   -6    1    0    0    0    0    0    0    0    0 
  1970:    0    0    0    0    0    0    0    0    0    0 
  1980:    0    0    0    0    1   -2    1   -2   -2    3 
  1990:   -2    4   -8   11   -2    3    4   -1   -2    1 
  2000:    2   -4    2    2   -5   -2   -1   -5   -1    5 
  2010:    3    1    1   -1    0    0    0    0    0    0 
  2020:    0    0    0    0    0    0    0    0    0    0 
  2030:    0    0    0    0    0    0   -1    0   -3    0 
  2040:    1    1    1    0    3   -2   -4   -2    1   -1 
  2050:    5    2   -7    4    2    5    0    2    0    0 
  2060:   -3    1   -3    2   -2   -1    0    0    0    0 
  2070:    0    0    0    0    0    0    0    0    0    0 
  2080:    0    0    0    0    0    0    0    0    2    1 
  2090:    3    1    3   -1    4   -2   -3    1   -3    3 
  2100:   -3    4   -1    2    1    2    4   -3    0    0 
  2110:    1    0    1    0   -3   -4    3   -2    0    0 
  2120:    0    0    0    0    0    0    0    0    0    0 
  2130:    0    0    0    0    0    0    0    0    0    0 
  2140:   -1   -6    1   -1   -2    0   -4    1   -1    0 
  2150:   -1    4    0   -1    0   -1    0    6   -6   -1 
  2160:   -3    1    0    2    1   -3   -4    3   -1    1 
  2170:    0    0    0    0    0    0    0    0    0    0 
  2180:    0    0    0    0    0    0    0    0    0    0 
  2190:    0    0    0   -2   -2    6    1    7   -1    0 
  2200:    0   -1   -1   -6    3    5    1   -2    0    5 
  2210:    2   -3    0    4   -3   -1   -4    0    3   -4 
  2220:    1    0    0    0    0    0    0    0    0    0 
  2230:    0    0    0    0    0    0    0    0    0    0 
  2240:    0    0    0    3    0    0   -1   -3    0    0 
  2250:   -4    1    0   -1    5    3   -2   -2    2    1 
  2260:   -3   -3    1    0   -4   -2   -1    3    4    4 
  2270:   -3    0   -4    1   -2    0    0    0    0    0 
  2280:    0    0    0    1    0    0    0    0    0   -1 
  2290:    0   -1    1    0   -1    2   -1   -1   -4    2 
  2300:    1    5    2    0   -2   -2    1   -2   -2    3 
  2310:   -3   -6    0   -6    4   -5    2   -4    1    1 
  2320:    3    0   -4   -2    2   -2    0    0    0    0 
  2330:    0    0    0    0    0    0    0    0    0    0 
  2340:    1    0    0    1    0    0    1   -1    1    0 
  2350:    1   -1    1    0   -2   -2    4   -3   -3   -2 
  2360:    2    2   -4    7    0    0    2    0    3   -2 
  2370:    1    2   -2    5    6   -6   -4   -3   -2    0 
  2380:    0    0    0    0    0    0    0    0    0   -2 
  2390:    0   -1    0    1    1   -2   -1    1   -1    0 
  2400:    1    0    0    0    0    1    2    0    0    3 
  2410:   -1    0    3    2    0   -1   -1    0    1    1 
  2420:    0    2    0    0    2    0    1    2    1    0 
  2430:    1   -1    0    0   -2    0    1    0    0    0 
  2440:    1    0   -1    1   -3    0    0    0    1    5 
  2450:    0    0    1    0    0   -2   -1    2   -3    0 
  2460:   -3   -3    0    1   -2    1    0    1    1   -6 
  2470:   -1    5   -2   -1   -1    0    2   -2    2    1 
  2480:   -2    0   -1   -1    1   -2    0    0    1    1 
  2490:    0   -1    1   -2   -1   -1 
