     0:   -7   -4    7   -1    0    0  -11   29  -20   13 
    10:   11    9  -12    0    8  -20   -9  -13    7   21 
    20:   -9 -478   66  -69   74  -23    0    1    0   -1 
    30:    0  -16   24  -32   -2   -7  -17  -13    8    3 
    40:    9   -5    5    5   12  -35  -10 -669    5  -57 
    50:  134  -36    0    0    0   -2  -11  207 -146  370 
    60:  -43   85  212   40  -48   22  -19   26  -12  -14 
    70:  -60   15   57 -359 -132 -359  129  -37    0    0 
    80:    0  -10  -38  -71  -43   12 -195   38   36 -101 
    90:   39  240  343 -220   48  150  194 -896  200 -313 
   100:  201 -663  146  -33    1    0   -2  -87  548   10 
   110:  152   11 -115  129  -62  229   32  250    1   20 
   120:    8 -168 -251 -423   89 -311  218   72  101  -35 
   130:    0    0    1  -78 -577   -9  108  202  171   33 
   140:  -75   68 -156   26 -142 -231 -126  -84 -258  468 
   150:  379  191  -92 -135  129  -33    0    0  -26  137 
   160: -497   87  -17  -64  -31  -32  129 -117   12 -111 
   170: -135  -74  -23 -146 -152  314 -180    9   -2  -94 
   180:  114  -31    0   -2  -73  586 -339    5  -83    4 
   190: -147   69  -10  -22  -32 -217   81  -28  119 -154 
   200:  -41 -312  -59   10  -11 -104  126  -32    0   -2 
   210:  -56  418 -329   32    0   30 -179   35  -16   48 
   220:  -38    2  158  162  -50 -162  -20 -463   15  -10 
   230:  -10  -96  129  -31    0    0  -23   83 -632  190 
   240:   13  -95  -17   59  -90  -25  116  -30 -119  245 
   250: -107 -211   29 -378   51  -15  -10 -112  114  -31 
   260:    0    0   -1  -63 -475  -51  206  250  -43 -115 
   270: -119  134 -153   37  -13    2  171 -139   37 -362 
   280:   16   -8  -10 -119  110  -30    0    0    4 -113 
   290: -166  211 -133  -62 -105  100  118  105 -138   33 
   300:  101   77  163 -118 -129 -234   26  -10  -11 -130 
   310:  117  -32    0    0    1 -100  208  108  124  175 
   320:   -6  -99   51    5 -162  -85  -37   85  -29 -225 
   330:   68 -163  -74    4  -10 -136  100  -28    0    0 
   340:   -1  -69  315  -91  176  176 -183  175   22   65 
   350:   36  -45  -33   13   26  -34  145   60  -77    3 
   360:  -10 -138  103  -28    0    0   -1  -50  369  -90 
   370:   -6 -178   87  232   -6    0   55  157   58   66 
   380:  -36  -30  -13  246  -39    0  -10 -131  108  -29 
   390:    0    0   -2  -41  351 -139  -79  173  -17  223 
   400: -124   68  147  149  -16    5  -20  123 -196  114 
   410:  -14    5  -12 -144  113  -31    0    0   -1  -43 
   420:  358 -209  -31   45   35   57 -227  105  -81  144 
   430: -166   -2  -59   52   49    4   -2    4  -11 -155 
   440:  105  -29    0    1   -1  -37  305 -341 -199  -67 
   450: -237  -88   71  -93  -65 -221 -173  -95  -46  -68 
   460: -232   62  -12    2  -11 -157  108  -29    0    3 
   470:    1  -58  396  -16 -142  144  127  -22  101  -63 
   480:  -48 -118 -295   90  120  375 -219  -59    4    1 
   490:  -11 -169  100  -27    0    0   -1  -57  261 -138 
   500:  -77  240   -4   32  338  234  119   38  197 -129 
   510:   61 -120  -40  -44    1    2  -12 -187   96  -26 
   520:    0    0    4  -99 -298   -7   95  -80  -69  -79 
   530:   61   26  -58  286  219  130 -227   82   45  -50 
   540:    1    2  -13 -191   98  -26   14  -27  -22  231 
   550: -269  126   49  -90  -83  -96 -116  168 -190  -28 
   560:  118  118   38   27 -296  -48    3    4  -13 -221 
   570:  114   -5    7   93 -149  249  185 -163  199   18 
   580: -163  -32  287  -22  147  115  292  358  482   70 
   590: -131  361  -53    2  -15 -207  -14  -47  330 -709 
   600:   85  475 -559  -98  791  612 -449 -219  -73  -63 
   610:   51  120 -190  -36  -98  -30  -95  124   15  -22 
   620:   23 -421  234  655 
