     0:    0    0    0    0    0    0    0   -1    0  -12 
    10:    3  -10   -5    3    0    1    0    0    0    0 
    20:    0    0    0    0    0    0    0    0    0    1 
    30:    0    1   -1    0    0    0    0    0    0    0 
    40:    0    0   -1    0    9   -2    7   -7    6    9 
    50:   -3    2   -2    1    2    0    0    0    0    0 
    60:    0    0    0    0    0   -5    4    0    0    0 
    70:    0    0    0    0    0    0    0   -2    7   16 
    80:    0    6   10   -4    0   16   -3   -7   -2   -2 
    90:    7    1    0    0    1    0    0    0    2    1 
   100:    3   -9   -3   -3    1    0    0    0    0    0 
   110:    0    2   -8    1    7    2   -1   -4   -1    7 
   120:    2    2    7   -2    1   -4   -1   -7   -1   -2 
   130:    8   -1   -4    1    3    0    0   -3   -1    8 
   140:   -3    0    0    0    0    0   -1    2   12    5 
   150:    7   -1  -19   17   -3   -3    0    2    5   -7 
   160:   -2    0   -7    0   -3    6    5    6    3   -1 
   170:    5   -6   -2    3   -3   10  -10    1    0    0 
   180:    0    0    3   -4  -17   16  -20  -11    6   14 
   190:  -21   -8  -13   -5   -5    0    0   -3    4    3 
   200:   -1   -1    0    2    5    8   -8   -4   -6    4 
   210:    5    9  -20    3    0    0    0   -1    4  -14 
   220:  -13   25  -23    0    7  -28  -14    8    7    4 
   230:   -8    5    7   -1    2   -4    0   10   -3   10 
   240:   -6    2    2   -4   -4   -8   -7   24   -1   -7 
   250:    1    0    0    1    8    2  -16   21  -20  -22 
   260:   -2    7   10   21   -6  -13    8    4    6   -1 
   270:    4    3   -9    1    0   11   -8    7   -4    9 
   280:   -6    4   -2   16  -12    2    1    0    0   -5 
   290:   13   32  -17    5    3   -3   13   -3    9   -5 
   300:  -32   19    1   -5    0    6   -6    3  -12    1 
   310:   -1    4   13    5  -20    0   15   10   -6  -10 
   320:    6   -1   -2    0    0   -3    0   -8    4   -2 
   330:   15    0    6    7    4  -15    7   -4  -10    3 
   340:   -1    8    7   -4   -6    3   -3    0    6  -16 
   350:   -8   14   11   -6    3    3    3   19    7   -1 
   360:   -2   -8   19  -25    7   -5   -4   -3  -12    2 
   370:   -2  -17   12  -18   25    0   -9   -5   -2   -8 
   380:   -2   -2   -4    2  -13    0   -4   -3   15    3 
   390:   -5   -3   -2   11    4    0   -7    1    3    7 
   400:  -24   21   -4    0    3   -9    3   16    5   -6 
   410:   20  -13    2   22   -8    2    8   -5    2    0 
   420:   11  -14   -1   -1    4   -4   -7    8    3    5 
   430:   -1    0  -10    2   13    8  -12    6   -6    6 
   440:   -7    0   -3  -14    1    3   -2    4  -10   -9 
   450:   15   10   -1   10    1    4    3  -16    5   -6 
   460:   22   -6   -3   -3   -6    8   -6    0   -4    4 
   470:   -3    6   14    9   14  -20  -26   10    2    3 
   480:   -5    1   -3    1  -22  -22    8  -27   12  -30 
   490:   17   14    5   -1   -5   -2   25   10  -19   -8 
   500:   13    5   -1   -3   -9   30   -5  -10    6   12 
   510:    2    3   -3    5   18    3  -10   -2   -1    8 
   520:   -6    9  -18   18  -13   -4    6   -7    0  -12 
   530:   -6  -13  -13   10  -14    9   -5    4  -12    3 
   540:    1    2   13   -7    2    9    6   -5    6    7 
   550:  -14   12    7  -11    2   -3   -3   11  -15   23 
   560:  -31   18  -10    0   -9   -2   14   -9  -10   18 
   570:   -8   -6  -11    2  -12   -4   -4   -7    0   -2 
   580:   16  -19    4    8   -2   -8  -13  -23   -3   -8 
   590:   -4    2   17  -13   10    9  -26  -13   20   -7 
   600:    4    9   16   13  -22   11   15  -24   18  -14 
   610:    6   -4   10  -20   24  -29    8   -3  -11  -11 
   620:    6   12   -2   -4    4   -3   -6   11    4  -20 
   630:   25  -10  -18  -12    6   -9    0   15   -1   21 
   640:  -14    1    7    7   12   11    3    1   19    1 
   650:   -8   21  -15   21    4  -10  -16  -30  -11   33 
   660:  -11  -12   14   -8    6  -24   33  -23   14   -3 
   670:    1    4   -8   -2   11   -1  -15   -6  -16    3 
   680:    5    4    3   -2   14    2   -4    5    2  -13 
   690:    8   -6    1  -33   21   -2    8   -7    6   -8 
   700:   20  -26   10   -4    7    4   -2    1    5    4 
   710:    0   -6   -7   -9   -8    5   -5  -10   20    3 
   720:   12    2   -7    6   17  -12    0   -8   10  -14 
   730:   12   15  -32   30   -9  -10   11   17  -10  -15 
   740:   -2   -7    5  -10   -1   -1    0   -1    4   -2 
   750:   -4   -1   13    2   -2    0    1   11   -5   10 
   760:    4  -12   19   -1   13   -4   -1   -3   -5    8 
   770:    0  -18    8    7    3    8   -4    4    6   -9 
   780:    0    7    2   -9   -3   -4    2    1  -10  -11 
   790:    1   -1   -5    1    9   -2    2   -4   -1   -5 
   800:   -3   14   -5  -10    7   -7    2   12  -15   -4 
   810:    5   -1   -8    0   -1    6   12    1  -12    5 
   820:   -2    8    0   -1    3   -1   -4    0    4   19 
   830:   -2   -3  -10    5   -2    1    0    2   -7    5 
   840:   -4   -2    0    5   -8   -4   13    6    1    9 
   850:    2   -1  -15   17  -13    4   -3    7  -11   -1 
   860:    5    1   -2    0    1    2    1  -10    3    0 
   870:   -4    0  -12   -7  -10    6   -1   -7   14    3 
   880:  -10    5    8   -5    7   16  -13    5   -1    0 
   890:    2   -1   -2   -3   -2   -1    6    2   -1    0 
   900:   -7  -14    4   -1   -3    1    5   -4    4   -2 
   910:   10   -3   -4    4    9    0   -7   12    0   -6 
   920:    6    7   -5  -11    4    3   -9  -14   14    6 
   930:   -7    9    7  -12    0    0   -1    2   -9    2 
   940:   -4    5   -2   -1   -6    5  -11    0    0    8 
   950:    1   15  -11   -2    6    0   12   -8   -2   -3 
   960:    8   12   -4    0   -1   15    1    8   -4    1 
   970:    0    0    0    1    1   -2   -7   -3    0   -1 
   980:   -1   -5    0    0   10  -12    8  -21    7  -10 
   990:    3    9   -9    3  -29   -6   13   -4   12   -3 
  1000:    0    8   23  -17  -16    5    0    0    0    0 
  1010:    0   -3    0   -4    2    6    0  -12    4   12 
  1020:   10  -12   -1   -4   13    7   26   -3   14   16 
  1030:  -10    3   -2    6    3   -4  -10    8   10  -17 
  1040:    5   -1    0    0    0    0    0    1    0    3 
  1050:    2  -10  -11    5    0    0  -12    9  -10    0 
  1060:    2    5    3   -1    2    0    3    1    8    1 
  1070:   -3    3    4    5   10    8   -4   -3    0    0 
  1080:    0    0    0    0    0   -1   -1    5   18   10 
  1090:   -3    7    4   11    0   -3    7    1   -7   11 
  1100:   -8   -3   13    6    2   -5    8   -9    3    3 
  1110:  -13    4   -1    0    0    0    0    0    0    0 
  1120:   -1    3   -6    8   23    8   -9    1    5   -5 
  1130:   -1  -13   -1    6   -2   -4  -20    4    6    0 
  1140:   -2    0    0    1    1  -15    8    6    4   -1 
  1150:    0    0    0    0    0   -2    1  -24   13  -15 
  1160:    3   12    6    4   -1   -8   15    6   13  -11 
  1170:   -3   14   13   -5    3    1   18  -11  -12    5 
  1180:  -10    1    3   -8    0    0    0    0    0    0 
  1190:    4   13    6  -11   11   -2    0   -6    6    3 
  1200:    9   -5   14    0    4   -8  -14    6    0   -4 
  1210:   -6    3    4  -10   -8   -1   -2    2   -2   -5 
  1220:    0    0    0    0    1   -4    9  -19    1    2 
  1230:   -2    4   -4    9  -11   -7    4   -7    3   -9 
  1240:    4    6   -6    4   14   -9    0   -2   -3    9 
  1250:  -11   -1    0    0    0    0    0    0    0    0 
  1260:    1    4  -17    0   11   -4    0   -2    9   -1 
  1270:   26   -1    1   13    0   -5   11    5   11   -5 
  1280:    2    4   10    2   -5  -14   -6   -3    0    0 
  1290:    0    0    0    0    0    0    0    0    4   -3 
  1300:   -3   -3    2   -3    0    0    0    0   -3    6 
  1310:   -3   -8    1   -7   -3    4   -5   10    5   -7 
  1320:    7    4    1    0    0    0    0    0    0    0 
  1330:    0    0    0   -2    2   -9   -2    2   -2    1 
  1340:   -1    0   -1    1    1   -3    1    1   -1    1 
  1350:    2    1    2   -3   -1    1    0   -1    0    0 
  1360:    0    0    1   -1    0   -1   -1    0 
