     0:    1    0    1    0   -1    0    0    1    0    0 
    10:    0   -1   -1    0    0    1    0    0    0   -1 
    20:    0    0    0    0    0    0    0    0    0    0 
    30:    0    0    1    0    0    0    0    0    0    0 
    40:    0    0   -1   -1    0    0    0    0    0    0 
    50:   -1    0    0    0    0    0    0    0    0    0 
    60:    0    0    0    0    0    0    0    0    0    0 
    70:    0    0    0    0    0    0    0    0    0    0 
    80:    0    0    0    0    0    0    0    0    0    0 
    90:    0    0    0    0    0   -2    0    0    0    0 
   100:    0    0    0    0    0    0    0    0    0    0 
   110:    0    0    0    0    0    0    0    0   -1    0 
   120:    0    0    0    0    0    0    0    0    0    0 
   130:    0    0    0    0    0    0    0    0    0    0 
   140:    0    0    0    0    0    0    0    1    0    0 
   150:    0    0    0    0    0    0    0    0    0    0 
   160:    0    0    0    0    0    0    0    0    0    2 
   170:    2    0    0    0    0    0    0    0    0    0 
   180:    0    0    0    0    0    0    0    0    0    0 
   190:    0    0    0    0    0    0    0    1    1   -1 
   200:    0    0    0    0    0    0    0    0    0    0 
   210:    0    0    0    0    0    0    0    0    0    0 
   220:   -2   -1   -5   -1   -1    0    0    0    0    1 
   230:    0    0   -1   -1    0    0    0    0    0    0 
   240:    0    0    0    0    0    0    0    2   -3    0 
   250:    0    0    0    0    1   -1    0    0    0    0 
   260:    0    0    0    0    0    0    0    0    0    0 
   270:    0    0    1    4    2   -2    1    3    1    1 
   280:   -1    1    1    3    3    3   -4    1    1    0 
   290:   -1    0    0    0   -1    2   -1    1   -1    2 
   300:   -1    2   -3   -2    2    0   -1    1    0    0 
   310:    0    0    0    0    0    0    0    0    0    0 
   320:    0    0    1   -5    4   -2    1    0   -3    2 
   330:   -3    2    1    0    3    0   -7    4   -4    4 
   340:   -1   -1    2   -2    0    1   -5   -3   -1   -1 
   350:    0    2    0    0   -1    2    0    0   -1    4 
   360:    0    0    0    0    0    0    0    0    0    0 
   370:    0    0    0    0    3    3   -3    1   -1   -1 
   380:   -2    2   -4    4   -2    2    1    0    0   -2 
   390:   -2    1   -2    1    0   -1   -1    3   -3    3 
   400:   -1    3   -2    3   -1    0    0    0    2    0 
   410:    0    1    0    0    0    0    2    0    0    0 
   420:    0    0    0    0    0    0   -2   -1    5   -2 
   430:    3    5    0   -2    0   -3   -6   -1   -5    1 
   440:   -5    2    2   -3   -2    5    1    4   -1    1 
   450:    2    0    5   -9    2    2    1    0    2    0 
   460:    0    2    0    0    0    0    0    0    0    0 
   470:    0    0    0    0    0    0    0    1    1   -1 
   480:   -3    4   -2    5    2    0    1    2    0   -4 
   490:    5   -4    4    1    0    4   -2   -3   -8    6 
   500:   -2    1    9    1  -12    6    2   -2   -1    0 
   510:    1   -1    2    0    0    0    0    0    0    0 
   520:    0    0    0    0    0    0    0    0    0   -2 
   530:    3    1   -1    0   -3    4    0   -4    2   -6 
   540:    3   -3   -2    1   -1    0    0   -5    0    2 
   550:    7   -3   -1    0    4   -1    2   -5    0   -2 
   560:    1   -2    2    0    0    0    0    0    0    0 
   570:    0    0    0    0    0    0    0    0    0    0 
   580:   -1   -5    0   -2   -4    4   -5   -1    3   -7 
   590:    6    0   -3   11    4   -7    0    0    2    3 
   600:   -5    3   -6    7   -1   -3   -1  -11   -1    0 
   610:    4    0    1    0    0    0    0    0    0    0 
   620:    0    0    0    0    0    0    0    0    0    0 
   630:    0    1    1    0   -3    5   -3   -2    6   -1 
   640:    0   -5    0    6    1   -5   -8    4    3   -2 
   650:    5   -3    5   -5    1   -6   -2    2    0    0 
   660:    2   -2   -3    0    0    0    0    0    0    0 
   670:    0    0    0    0    0    0    0    0    0    0 
   680:    0    0    0   -1    3   -2    5   -7    2   -6 
   690:    7   -3    2   -3   10    1    1    3   10    0 
   700:    0    0    0   -4    3    1   -1    0    3   -5 
   710:    6   -6   -2   -5   -2    2    0    0    0    0 
   720:    0    0    0    0    0    0    0    0    0    0 
   730:    0    0    0    0    0    0    3    2    4    2 
   740:   -1   -2   -2    0   -4    3   -6   -4    1    0 
   750:    3   -1    2    4    3    6    0    6    5    3 
   760:  -10    2    0   -1   -1   -2   -4    2    0    0 
   770:    0    0    0    0    0    0    0    0    0    0 
   780:    0    0    0    0    0    0    0    1    1    1 
   790:    1    3    1    1   -1   -1    5   -3    4   -6 
   800:    4    1   -2    0   -2    0    2   -1    2   -4 
   810:    1    2   -3    2    2   -6   -1    2    8   -1 
   820:    0    0    0    0    0    0    0    0    0    0 
   830:    0    0    0    0    0    0    0    0    0    0 
   840:   -4   -3   -4    4   -1   -1    2   -2   -3    3 
   850:  -10    6   -3   -4   -2   -1    0    3    1   -2 
   860:    4    2   -2   -2   -1   -1    6   -2    1    3 
   870:   -1   10   -2    0    0    0    0    0    0   -1 
   880:    0    0    0    0    0    0    0    0    0    0 
   890:    0   -1    4   -5    1   -3    2   -3   -1   -1 
   900:    0   -1    9  -12    8   -1   -8    3    6   -8 
   910:    3    2   -4    7    2    4   -9    2   -3    4 
   920:   -6    2   -3   -3    1    0    0    0    0    0 
   930:    0    0    0    0    0    0    0    0    0    0 
   940:    0    0    0    0   -2   -6    5    1    3    0 
   950:    0   -1    0   -1   -2    1   -1   -3    1    3 
   960:    3    1   -4    0    7   -3    1   -2    2    2 
   970:    1   -1    2    3   -4    1   -2    0    0    0 
   980:    0    0    0    0    0    0    0    0    0    0 
   990:    0    0    0    0    0    0   -2    4   -7   -5 
  1000:  -12    3    2    4    1    2    0    0   -2    1 
  1010:    0    2    1    1    0   -1    6   -4   -2    3 
  1020:   -5    0   -7    6   -5    3   -4    5   -3    0 
  1030:    0    0    0    0    0    0    0    0    0    0 
  1040:    0    0    0    0    0    0    0    0    2   -4 
  1050:    1    8    0   -2   -4   -4    8   -2   -1   -7 
  1060:   -1   -1   -4    0   -1    3   -4    2   -4    2 
  1070:   -4   -2   14   -2   -2   -2   -3    1   -1    3 
  1080:    0    0    0    0    0    0    0    0    0    0 
  1090:    0    0    0    0    0    0    0    0    0    0 
  1100:   -2    0   -4   -3    2   -1    2   -1   -2    1 
  1110:   -6    6    2   -1   -1    2    1    0    3   -4 
  1120:    0   -5    2   -4   -2    4   -2   -2   -2    1 
  1130:    0    4    1    0    0    0    0    0    0    0 
  1140:    0    0    0    0    0    0    0    0    0    0 
  1150:    0    0    1   -7    2   -3    4    1    4    1 
  1160:    4   -3    0    1   -3    1   -2    4   -2    3 
  1170:   -3    2    0   -5   -1    0    0   -2    2    0 
  1180:    2   -1    0   -5    1    0    0    0    0    0 
  1190:    0    0    0    0    0    0    0    0    0    0 
  1200:    0    0    0    0    0   -2    3   -2    2    6 
  1210:   -4    8   -3    3   -1   -2    6   -1    0    2 
  1220:   -1    1   -1   -3    1    7   -2    1    2    3 
  1230:    1    4   -2   -3   -2   -3    1    0    0    0 
  1240:    0    0    0    0    0    0    0    0    0    0 
  1250:    0    0    0    0    0    0   -1    3   -9    7 
  1260:   -4    0   -3    0    2    5   -4   -6    2    1 
  1270:    1    3   -1    0    0    1    4    3   -3    1 
  1280:    5   -3    2   -2    1    2   -1   -4    1    0 
  1290:    0    0    0    0    0    0    0    0    0    0 
  1300:    0    0    0    0    0    0    0    0    0   -6 
  1310:   -6   -1   -3   15    2   -1    1    2   -7    1 
  1320:    3    0    1   -2    1   -2    3    3   -2    2 
  1330:   -3    2   -1    1    3    2    1    3   -3    2 
  1340:    0    0    0    0    0    0    0    0    0    0 
  1350:    0    0    0    0    0    0    0    0    0    0 
  1360:    0    1   -5    4    3   -4   -1    4   -7    4 
  1370:   -2    0   -2    0   -1   -2   -3    2    0    6 
  1380:    6    3   -1    0   -1    1    5   -2   -1    0 
  1390:    0   -2    0    0    0    0    0    0    0    0 
  1400:    0    0    0    0    0    0    0    0    0    0 
  1410:    0    0    0   -2    6   -1   -5    1    2   -5 
  1420:   -1    0    2    2    5   -2   -1    0    1    3 
  1430:   -4    0   -2   -2    0   -3   -2    1   -3    0 
  1440:    1   -5    0   -1    0    0    0    0    0    0 
  1450:    0    0    0    0    0    0    0    0    0    0 
  1460:    0    0    0    0    1   -3   12   -3    5   -2 
  1470:   10   -1   -3   -3   -2   -2    0    0   -2    2 
  1480:   -1   -2    5   -2    4    1    2   -3    0   -2 
  1490:    1   -3    2   -2   -1    0    0    0    0    0 
  1500:    0    0    0    0    0    0    0    0    0    0 
  1510:    0    0    0    0    0    0    0    2   -3    3 
  1520:    6   -7   -8    2    5   -2    1    6    1    0 
  1530:    2    1    0    0   -1    0    0    1   -2    0 
  1540:    0   -3   -2    1   -2    1    2    0    0    0 
  1550:    0    0    0    0    0    0    0    0    0    0 
  1560:    0    0    0    0    0    0    0    0    0   -1 
  1570:    3   -2   -5    2    0   -4   -2    6    5   -3 
  1580:    4   -2    2   -1    2   -2   -1    1   -1    0 
  1590:    0   -1    0    3   -1    0   -4    0   -1    0 
  1600:    0    0    0    0    0    0    0    0    0    0 
  1610:    0    0    0    0    0    0    0    0    0    0 
  1620:    0    3    1   10    0    2   -1   -1    1    0 
  1630:    2    0   -2    6   -3    8    0    4    5   -1 
  1640:   -2    6    1    0   -2    0    0    0    0    0 
  1650:    0    0    0    0    0    0    0    0    0    0 
  1660:    0    0    0    0    0    0    0    0    0    0 
  1670:    0    0    0    2   -5   -1   -5   -4    2    0 
  1680:   -1   -4   -3   -2    3   -6    1   -4    3   -2 
  1690:    2   -2    2    1   -3    0   -1   -2    0   -3 
  1700:    2   -1    0    0    0    0    0    0    0    0 
  1710:    0    0    0    0    0    0    0    0    0    0 
  1720:    0    0    0    0    0    2    4    2    1   -4 
  1730:   -1   -1    4    1    2  -10   -2    0   -1    3 
  1740:   -5   -3    3    3   -1    6   -6   -2    0    0 
  1750:    1   -2   -2   -3   -1    0    0    0    0    0 
  1760:    0    0    0    0    0    0    0    0    0    0 
  1770:    0    0    0    0    0    0    0    0    0    0 
  1780:    0    0    3   10    0    1   -4    2   -6    7 
  1790:    3    4    3   -6    4    2   -1    4    3    0 
  1800:   -3    2    4    2   -4    0    1    0    0    0 
  1810:    0    0    0    0    0    0    0    0    0    0 
  1820:    0    0    0    0   -1    0    0    0    0   -1 
  1830:    3   -2    3    0    0    0   -2   -9    5   -1 
  1840:    2   -3    2   -2   -2    5    1    1   -1    0 
  1850:   -3   -1    0    3   -3   -5   -1   -5    0    0 
  1860:    0    0    0    0    0    0    0    0    0    0 
  1870:    0    0    0    0    0    0    0    0    0    0 
  1880:    0   -1   -1   -3   -3    3   -1   -2    4    4 
  1890:   -2    2   -1   13   -1    9    0    4   -2    1 
  1900:   -2   -1   -1    4   -2    0    3    0    4   -4 
  1910:    1    0    0    0    0    0    0    0    0    0 
  1920:    0    0    0    0    0    0    0    0    0    0 
  1930:    0    0    0   -2    6    5   -7    6    1   -1 
  1940:    4   -4    4   -1    2   -2    4   -4   -5    6 
  1950:   -2   -4    1   -1    5   -5   -2    1   -1    0 
  1960:   -1    0    0    0    0    0    0    0    0    0 
  1970:    0    0    0    0    0    0    0    0    0    0 
  1980:    0    0    0    0    0   -4    4   -3    8    7 
  1990:    4   -3   -1    3   -3   -6    0    0    0   -6 
  2000:    0    1   -1    0    0    0    6    3    3   -5 
  2010:    1    5   -2   -1    0    0    0    0    0    0 
  2020:    0    0    0    0    0    0    0    0    0    0 
  2030:    0    0    0    0    0    0   -2    6    7   -5 
  2040:   -2   -4    3   -1    1   -3    1    0   -5    5 
  2050:   -2    9   -4    1   -5   -2    2   -4    8    0 
  2060:    1    2    1    3   -5    2    0    0    0    0 
  2070:    0    0    0    0    0    0    0    0    0    0 
  2080:    0    0    0    0    0    0    0    0   -1    0 
  2090:   -5    1    0    3   -2    1    2    0    1   -2 
  2100:    2    7    1   -3    0   -1   -3   -5   -5   -1 
  2110:    4   -1   -2    3    3    1   -2    1   -1    0 
  2120:    0    0    0    0    0    0    0    0    0    0 
  2130:    0    0    0    0    0    0    0    0    0    0 
  2140:    2    0    4    4   -2   -4   -3   -3    0    2 
  2150:   -3    2   -2    0    5   -1    9    3    1    3 
  2160:    0   -5    2   -4    1    2    4   -1   -1    0 
  2170:    0    0    0    0    0    0    0    0    0    0 
  2180:    0    0    0    0    0    0    0    0    0    0 
  2190:    0    0   -6   -3    1    0    1   -2    5   -4 
  2200:    2    2   -6    0    3   -4    3   -1   -2   -1 
  2210:    1   -1   -1    4    2    1    2    0    2   -5 
  2220:    4   -4    1    0    0    0    0    0    0    0 
  2230:    0    0    0    0    0    0    0    0    0    0 
  2240:    0    0    0   -1    9   -6    8   -2   -1    0 
  2250:   -7   -5    6    4    5    8    0   -5    7   -1 
  2260:    1   -2   -5    4    5    5   -4    2   -1   -1 
  2270:    1    2    2    0   -3    0    0    0    0    0 
  2280:    0    0    0    1    0    0    0    0    0    1 
  2290:    0    0    1   -2    1    3    4    7    1   -4 
  2300:    1    1    2   -3   -5    0   -6   -1    3    7 
  2310:   -1    1    3   -3   -1   -2   -1   -4   -5   -3 
  2320:    2   -3    3   -2    2   -3    0    0    0    0 
  2330:    0    0    0    0    0    0    0    0    0    0 
  2340:   -1   -1    1    0    1   -2    1    2   -3   -3 
  2350:    3   -1   -6   -1    0    7    0    0    0   -1 
  2360:   -2   -3    4   -7    6   -5    3   -2   -3    0 
  2370:    1    0    3    2    2    0    4    0   -2   -1 
  2380:    0    0    0    0    0    0    0    0    0    1 
  2390:   -2    0    4    0    1   -3   -1   -2    3    0 
  2400:    2   -2    0    3    0    0    2   -1    0   -2 
  2410:    0   -1   -2    1    0    1   -1   -1   -2   -1 
  2420:   -2    0   -1    0    1   -2   -1   -3   -4    0 
  2430:   -1    1    0   -1   -1   -1    0    0    0    0 
  2440:   -1    0    0    0   -9    0    1    5    0    1 
  2450:   -4    0   -1   -1   -2    2    0    1   -1    3 
  2460:    0   -3    0    0    1    1    0    0    0   -1 
  2470:    0    1   -2    2   -1    1   -1    0   -2   -1 
  2480:    3    1    0    0    0    0    0    3   -1    0 
  2490:    0    0    0    2   -1    1 
