     0:    0    0    0    0    0    0    0    0    1   -1 
    10:   13  -11    0   -7    2    4   -4    0    0    0 
    20:    0    0    0    0    0    0    0    0    0    0 
    30:   -1    3    0    4   16   -5    1    0    0    0 
    40:    0    0    0   -1   -3   11  -20  -29   -6   14 
    50:  -24  -16  -19    2    0    0    0   -1    0    0 
    60:    0    0    0    0    0    0    1   -2    0    1 
    70:    0    1    0    0    0    0    0    0    0    2 
    80:    0    7  -53   -4  -19   21   -9  -21  -73   22 
    90:  -60  -10   -3    0    1   -1    1   -1    2    0 
   100:    0    1    0   -5   12  -10    2    0    0    0 
   110:    0    0    0    0    0    1  -17  -25  -34   14 
   120:  -10  -21    5   35  -59   -3   34  -14  -29    1 
   130:   -8  -18   -1   -2    2   -5    0   -3   -3   -3 
   140:   11  -39   18  -10    3    0    0    0    0    0 
   150:    0    3  -13   32  -20   15   -8   10    0    1 
   160:   44  -98   29  -16   16   15    5   11    0  -14 
   170:   40  -42   51  -10   -1   -2  -28   -7   -8   45 
   180:    9   -2    1    0    0    0    0    1   -4   18 
   190:    4   35  -17   24  -17  -26   19    4  -11   -4 
   200:   32   -7   -6   -7  -32   12    0   -1    9   17 
   210:  -11  -19  -36  -63   10   15   20    5  -17    1 
   220:    0    0    0    1    1   -8   49  -20   13   54 
   230:  -11  -29   19    3   13  -19  -17    7    4   -7 
   240:   10   -3  -13   16   -4   13  -17   -2   14    6 
   250:   19   40  -23    0   17   30   -8    2    0    0 
   260:    0   -5   18  -45   10    8   -3   -6    2  -11 
   270:   22   -6  -10  -18   -7  -12   20  -51   14   15 
   280:    8   20  -27   -1  -18  -52  -40  -32   18  -19 
   290:  -48   19    4    3    0    0   -2    4   -6  -15 
   300:   67   -8   36  -37  -61   -3  -60    9  -25   11 
   310:   -7  -18   15   26  -16  -20   13   -4   12  -16 
   320:   20   43   20  -53   -6    0   30    5   41   33 
   330:  -35    5    0    4  -14   49    0   26   13  -43 
   340:  -31  118    1   -6    1  -12    0    5   28  -42 
   350:  -11  -10    4  -22    2    5    5   -1   29  -10 
   360:  -39  -17   12   24   -2  -50   56   26   -5    0 
   370:   -9   36  -81   10  -48   51   23  -49   61  -99 
   380:   -2   37  -42   -9    6   11   13  -31  -44  -22 
   390:   15   -4  -24    3  -19   38   -9   -3   33   20 
   400:  -18  -63   16  -15  -10    6    0    3  -29   18 
   410:   79  -15   15 -106   90  110  110   58  -45   -2 
   420:   23  -27  -22   49   -5   22   14  -41   -1   21 
   430:   12   24    3   22  -28  -28   -4  -79   55   -3 
   440:  -40  -17   -2   -1  -26   82  -47 -128   42    4 
   450:   66  -70  -69 -163 -115    3   32  -57   -8   84 
   460:   16  -20   10   20   14  -11  -11  -23  -37   57 
   470:  -45  -19   49  -51   17   -4  -16   -8   29  -15 
   480:    2   -9   10   85    2  -65   36   25    7   63 
   490:  122  138  -19 -152  184  -77 -203   99   58   16 
   500:  -77    9   22  -98    4  -10  -24   -3   40    0 
   510:   -8   -6  -19   15   23   16   10   -1   -9   16 
   520:  -10  -59  104   22   54   97    0 -133 -156   69 
   530:   17 -135  128 -222 -143    0  -24   -2  -46  -15 
   540:   26   -2  -10  -31  -40  144   31  -19   -6  -34 
   550:   -3    7   -1   14   -4   -9   64   -1    6  -44 
   560:  -45  -67   84  -33  -50  -31  146  -15   -9  -21 
   570: -133   74    0   49  -86   21  -23  -24   29   21 
   580:   28    9   11  -71   25  -87   -8    3   45  -23 
   590:  -23    1   30  -17   24  -47  -20    6   49   97 
   600:  -78  -12  -41   18  -37  175    8  -10    0   58 
   610:   -5   81  -16    7   15    2  -15  -14    6   14 
   620:   18   -4   -6   19  -57   -5 -109   19   -1   26 
   630:  -21    2    0    1   39  -95 -215 -127   58  -72 
   640:  -50  -14   20  -32   24  -27  -65   29  -33   -7 
   650:  -18   27   19  -12  -22    7    7   13   -1   17 
   660:   -8   45   -3   36   19    7   16   15  -34  -32 
   670:   -1  -16  162   78  -17    8   85   36    1    2 
   680:   21   -2   11    3   -6    1   20   22    9   14 
   690:    5   10  -40   -7   36  -14  -10   26  -45   18 
   700:  -25  -34    7   28    5   24   13  -30   31  -42 
   710: -139   26  -58  -50  -38   15   -8  -33   12  -13 
   720:    6    6  -10   -2  -38   34   21  -45   43  -16 
   730:   -2    7  -20   34  -50  -17   82   -8  -16    8 
   740:   26   10    6    4    8  -10  -25   55   65   21 
   750:  -11   30  105    6    7  -24  -14    4   -1   28 
   760:  -36    7  -15    7  -11   -6  -14  -32   30   35 
   770:   -4   19  -10  -15  -14  -46    1   26   16   -5 
   780:   17  -12    1   38 -145 -179  -11   -4  -11  -22 
   790:   15   56   -6    1    0    1   -2    0  -12   -3 
   800:    1    8  -12    3   -6    8   -9   17   -4   17 
   810:   13    5   10   -2   29   26   33   -2   35    3 
   820:   -1   37   24  -13  -35   -2   27   -1  -37    8 
   830:   20   37   11  -10   65    1    7  -29    4  -54 
   840:   21  -44   -1   -8  -19   -5   53  -40  -47   17 
   850:   -5   15   -2    2  -16  -13    3    0   15    5 
   860:  -27   16   60  -74   20    2   -5    3  -26   -6 
   870:  -19   44  -28  -35  -13  -13   22  -37   -8   11 
   880:    7   27  -20   36   37   -3    0    0  -11    8 
   890:   13  -18    0   13   23   -4   13   -6  -20  -36 
   900:   25  -17   32   -3  -47   12   21   45   15   29 
   910:   68   -4  -23   -2  -58  -75  -20  -23  -13   41 
   920:   52    1  -24    0    0  -23   49  -38    3  -20 
   930:   21   11   22   -4  -31    5   44   -4   77   -6 
   940:  -52  -29   34  -15   -9   41  -25   20   49   48 
   950:   -2   25  -33    9   -3  -20  -59   31   56    3 
   960:   -2    1   -6   11   10  -40    0   14  -11    0 
   970:  -19  -20   25   20  -38   -9  -23   31  -32  -36 
   980:  -31   30    8  -66   84   18    2   24  -29  -19 
   990:  -19  -26   15  -54   25   36  -11    2    0    3 
  1000:   -4   17   20  -37   -5  -23   12   34  -14    0 
  1010:   15  -34   -1  -41  -49  -19  -11  -64   20    1 
  1020:  -53  -62   65  -42   11   -5  -31  -68   25 -122 
  1030:   50   21  -87   23   -4    0   -1    1  -17  -19 
  1040:  -13  -34    1  -28    2  -19  -42   13   -9  -36 
  1050:  -29  -26   16  -34  -41  -23   35  -44   10  -40 
  1060:   13   47  -54   30 -113   66   47    6   83   11 
  1070:    9   -1    0    0    0    3   -4   20  -27   70 
  1080:   37   -9  -34   31   64  -65   18  -29  -84   97 
  1090:   17  -45 -104    8  -36   27   -1   31   -4    6 
  1100:  -14   -6    3   42   -9   38  -35    7   -2    0 
  1110:    0    0    0    0   -3    2  -11    6   26   61 
  1120:  -32   14   27  -61  105 -137   55   -8   -8   26 
  1130:  -34    2    1  -14  -38   88  -44   33   -3    3 
  1140:   51   40  -72  -17    0    0    0    0    0    0 
  1150:    0    0    1  -14   14    9   51  -51  -26  -45 
  1160:   23    8    0  -31  -32    0   -7  -57   -3   13 
  1170:  -45   -9  -29  -51   13  -90    8   18   27   27 
  1180:   -1    1    0    0    0    0    0    2    1   10 
  1190:   14  -48   65   12   29   -9  -13   -8  -17  -15 
  1200:   19   -9   -3  -15   19   16   30  -61  -16  -77 
  1210:  -47    4   48  -34    6   -5  -31    1    0    0 
  1220:    0    0    0    1   -6    6   -8   -3   45   86 
  1230:  -11   25    1  -24   36  -15   -8  -18   28   40 
  1240:   32   21  -12    3  -55   66  -57  -19   -1    3 
  1250:    8   14   34    5    0    0    0    0    1    3 
  1260:   -4   27   34  -33 -109   -5  -14  -33    3  -26 
  1270:  -39  -19   21    0   -8  -57   14   22   14   21 
  1280:   -4   22  -21   11  -45  -41   33  -17   -1   -5 
  1290:    3    0    0    0    0    6    8    0   19   19 
  1300:   14   59    1   -2   19   29   35  -27   -7    1 
  1310:   59  -27   -5  -50  -75   28   61   14   22   57 
  1320:  -56    5  -11    8   -1    1    0    0    0    0 
  1330:    0    0   32   75  -35  -17    1   60  -43   20 
  1340:  -35  -65   18   18    5  -34    2   42   16  -24 
  1350:   -8   16    0  -10   52  -24   61  -56  -27   -2 
  1360:    3   -1    0    0    0    0    0    0    0   23 
  1370:   47  -10  -25   18   43  -25   29    3   -3   -4 
  1380:   -4    0    2   -2   -7    2    1    1  -15   12 
  1390:    0   -8    4  -12   -1    3    0    0    0    0 
  1400:    0    1    0    0    0    0 
