     0:    0    0    0    0    0    0    0   -1   -6   -9 
    10:   -5   -5    0   -6   -1    0    0    0    0    0 
    20:    0    0    0    0    0    0    0    0    0    0 
    30:    0   -2    0    1    1    0    0    0    0    0 
    40:    0    0    1   -6   -6   11  -10   -4    3  -25 
    50:    4   -1    2    0    0    0    0    0    0    0 
    60:    0    0    0    0    0    0    0    0    0    0 
    70:    0    0    0    0    0    0    0   -4    1  -11 
    80:   23    3   -4   -7    2   -7   -6   15   -8    0 
    90:   12    3    3    0    1    0    0    0    0    0 
   100:    5  -24   14   -1    0    0    0    0    0    0 
   110:    0    0   -5   12   14    9   11    4    1  -17 
   120:   -9   14  -14   11   -7    0   -1   -5    5   -2 
   130:    3    1   -4   -4    9   -4   -1    0    4   -9 
   140:    0    0    0    0    0    0   -1    8  -23    0 
   150:   19   18   -2   11   16  -16    0    3   -7   -5 
   160:   -2   -1    6   -6    1   -1    6    4    0    6 
   170:   25   16   -9   -8    5    3   -9    1    0    0 
   180:    0    0   -1   19   -8   -8   -1   28   11   15 
   190:    7   -2   -4    0    4   -9    4    7  -13   -5 
   200:   -2    6    6    6   14    9   15  -11   12  -12 
   210:    1   11   -8    0    0    0    0   -1    4    5 
   220:   11   -2   -4  -24   22   12   -6   -1  -11    4 
   230:    6   -3   -8   10    1   -1   -4   13    0  -10 
   240:   10   16    4    1   21    3   25   -3  -14    8 
   250:   -1    0    0   -4   23    4  -10   10    9  -33 
   260:    2   13  -20   11    6  -14   -4    6    0   -5 
   270:    9  -15   -3    6    2    4    4   13   -9   12 
   280:   20   -1   16   -7  -32   -5    3    0   -1    8 
   290:  -21   12   16  -17   34  -10  -21   19  -21   30 
   300:  -11   -1   -1    8    7   -4    7  -21    0    0 
   310:   -2    3   12  -14   -7   19   22  -14  -23  -21 
   320:   27   -5   -3    0   -4    8   11  -40   40  -20 
   330:   14   -5  -31   46   -5   14  -15   23  -15    4 
   340:   -2    1    3   -8  -10    0    0  -16  -11  -31 
   350:    1   23   11  -24  -18    3   13   10   -2    0 
   360:   -1    3   14   -6   25  -28   19   -3   14    3 
   370:  -16   27  -21    0    0    5   -1   -5   16    1 
   380:    2   13   -7    0    3   -2   28    7  -10  -15 
   390:    1   23   19   10    0    0  -19   37  -22    9 
   400:   32   33   -6  -17   30  -14   -4   15  -18   13 
   410:    5   -8    3    7    1  -26   30   14    7    6 
   420:   25   15   -1  -18    2   52    9    6  -19   -3 
   430:  -13    1  -18   13   45  -42   19  -31  -13   52 
   440:   -9  -11   38  -16    8    5  -12   11   38   -1 
   450:  -40   16   21   -1    5   -5   -3  -15  -27   22 
   460:   12   -5  -21  -16  -12  -12   -8    1  -17   36 
   470:   -9  -12   17  -25    0  -63  -17   13  -35   15 
   480:    0    2  -15   17   36  -63   34   32  -35    1 
   490:   28   -5  -26   21  -15    3   10  -16  -20  -13 
   500:  -11   -5    0   -1   -5   27  -22    4    4   -1 
   510:  -12   23   35   -9    7   13   -6  -34   11   -9 
   520:   10  -15   23  -48   -8   18  -10   -6  -14  -11 
   530:   -8   11   -4  -18    9   -5  -25   -2   -6    5 
   540:   -9   17   -8  -12   52   25   -7  -17   21  -20 
   550:  -19   -8    2   -6  -21   10   13    4  -40   -6 
   560:    8   24  -31  -10   12   -5  -11  -29   32  -25 
   570:    2  -10   13  -11  -10    5   -7    9    6   -5 
   580:    3  -29   -9   13  -13    5   32  -45    1   15 
   590:    0   -7   16  -14   32  -12    0    2   -5   -7 
   600:    8    3   -6  -20    8   11  -14   25    1   29 
   610:   -1  -17   18  -12  -19   37  -23   26    4   11 
   620:  -37    4  -20   88  -54   23  -30   12  -22   36 
   630:   -6  -28    9   14   21  -14    5   -6   -9    9 
   640:  -17   26   -9    4    1    0   15    4   19  -16 
   650:  -18  -22   19    1   -9   19  -43  -69  -36   19 
   660:   -7    0   -9   20  -32   31   -7  -25   18   -9 
   670:    5  -14  -12  -14    6   -6   14   12    9    3 
   680:   -2  -14   14   -1   -9    2   19  -33   35  -36 
   690:   22    2   -2   -5  -64  -33   -7   -9    7    9 
   700:  -12   -6   -4   -6   -1  -15    3   -4    6   -4 
   710:   -1    8    1    4    8   -1   -5  -15    7    2 
   720:  -18   16   22  -27   23   -3   -6  -45   14    0 
   730:   -7   -9    4  -25    5  -11    3  -15   -4   -1 
   740:   12   -4    2    8    9    5   -5   -1    8    9 
   750:    0    1   11   -4    2    0  -19   12   14   -8 
   760:   14   22  -23    4    9  -21    4    1    3   -5 
   770:   -8    8   15   -2    0   -4    3    9   -1    9 
   780:   -8   14   -2    0   -6   12   -1    0    8    4 
   790:  -16    3   -4    5    2   -8   12    6   18    5 
   800:   12   -9   -5    6   -3    0    0   -9   16   -9 
   810:   -7    1   14    3   -2    7   -6   -4   -3    3 
   820:    7    3    2   -6   23   -1   -5    1   -6   -6 
   830:    4   -1  -17   13    4    2  -15   10    1    9 
   840:    0    1   -6    0    6   -5    6   -5   -1   14 
   850:   -4   10    7   -2  -23    0    6   -4    0    3 
   860:   11    9    2    0   -2    2    4   -5  -10   15 
   870:   -1   -8   -5   -1   10   -4   -4   -1    4    3 
   880:   -2    1   -8    2   11  -14   14  -10   11    2 
   890:   -4   -3    0   15    8  -22  -13   25   -5    0 
   900:    1    4    9   16   -5  -14    0   -3  -12    2 
   910:   -6  -13   -2    1    8   -8   -4    0   -2   11 
   920:   -4  -12    4   -4    1   11    5    9   -8    0 
   930:   -2    4   10   -7    0    0    2   -5   13   14 
   940:   -9  -11    0    5  -28  -10   17    4  -10  -13 
   950:  -14    8    6    4   -3    5   -1    3    8   -1 
   960:   -2   11   31    6   17    0   10    5   -7  -11 
   970:    1    0    0    0   -9    0   17    8   -2   10 
   980:   -2   -7    0    2   -3   -8    0   -4    3   21 
   990:  -13    6   10  -16    8  -17   18  -17    7  -12 
  1000:   -7   19   -7   31    1    5   -1    0    0    0 
  1010:    4    5    1    3   -2   16    3  -22   11  -11 
  1020:   13   -7   11  -24   14   11   15   -6  -11   -2 
  1030:   12  -20    8    1   -2    3  -16    0   17   13 
  1040:    9   -5    1    0    0    0    0   -3   -2    0 
  1050:   -7   30    7   -5  -17    0   16   12  -22    3 
  1060:   -6    8    3   -1   -3   -6   -1    2   10    4 
  1070:    7    1   -7   15   15    4  -15    0    0    0 
  1080:    0    0    0    0    0    3  -32   31    3   11 
  1090:  -39   52  -17  -14    5   -4   -1  -11   -5  -14 
  1100:    4    0   27   13  -15  -10  -26  -15  -25  -16 
  1110:   14    3    6    0    0    0    0    0    0    0 
  1120:   -3    3  -11    9   -6   -5   12   19   -8    1 
  1130:    0   -9    6   -9  -14    1    3  -10    1  -14 
  1140:  -30   13   -7  -10   -6   12   -6    1    0    0 
  1150:    0    0    0    0   -1    0   19  -20   13  -16 
  1160:  -10    5  -11   19   -3   -9    0    0    2   -9 
  1170:    0  -14   21    0   19    3   30   14   10  -24 
  1180:   13    0    7    8    0    0    0    0    0   -1 
  1190:    7    2    7   -6   12  -11  -10  -16  -12   11 
  1200:   -3   11  -15   -4    9   12   -3    2  -18   25 
  1210:   13   26    1   -2   36    6   -8   -4   -1    2 
  1220:    0    0    0    0    1   -1   -3    3    2   -1 
  1230:  -18  -24   -3   11  -27   14    6   -6   19   -3 
  1240:    7    3   -9   10    9    8   19  -25   18  -17 
  1250:    1    8   -1    0    0    1    0    0    0    0 
  1260:    0    7   -9    1    5    0  -14   -4  -18   -6 
  1270:   -7   -7  -10   -9   13    5    4  -16   30    1 
  1280:   -5   10    4   14   24    5   -1    2    0    0 
  1290:    0    0    0    0    0    0    0    7    4   -2 
  1300:  -12   10    3   -5  -11    4   -1    2    3  -10 
  1310:    1    3    5    4    7  -14    7   -9  -14   23 
  1320:   -9   -6    1    0    0    0    0    0    0    0 
  1330:    0    0    0    2   -7   20   10   -9    3    3 
  1340:    2   -3    2    0    2    1   -1    1   -2    2 
  1350:   -2    2    0   -2    2   -4   -2    1    0    0 
  1360:    0    0    1   -1    0    0    0    0 
