     0:    3    0    2    2    0    4    0   -5   -3    2 
    10:    1   -3   -2   -2    1    0    1   -1    1    0 
    20:   -2   -3   -4   -1    2    2   -3   -4   -2    0 
    30:    2    3   -3    1    0    1   -1   -1    2    1 
    40:    3   -2    1    3    2   -3   -4   -6   -4   -4 
    50:    0    1    0    0    0    0    0    0    0    0 
    60:    0    0    0    0    0    0    0    0    0    0 
    70:    0    0    0    0    0    0    0    0    0    0 
    80:    0    0    0    0    0    0    0    0    0   -1 
    90:    0    0    0   -1   -1    9    2    0   -6  -16 
   100:   -3    0    0    0    0    0    0    0    0    0 
   110:    0    0    0    0    0    0   -1    0    0    0 
   120:    0    0    0    0    0    0    0    0    0    0 
   130:    0    0    0    0    0    0    0    0    0    0 
   140:    0    0    0    0    1   -1   -8   -9    0    0 
   150:   -3  -16   -4    1    0    0    0    0    0    0 
   160:    0    0    0    0    0    0    0    0    0   -2 
   170:    4    0    0    0    0   -1    0   -1    0    0 
   180:    0    0    0    0    0    0    0    0    0    0 
   190:    0    0    0    0    1    0    0   -1   -1   -5 
   200:    0    0   -3  -16   -3    1    0    0    0    0 
   210:    0    0    0    0    0    0    0    0    1    3 
   220:  -17   -9   -3   -4   -1    1    0    6    4    5 
   230:    4    1   -1   -1    1    2    0   -1    0    0 
   240:    0    1    1    0    0    0   -3    0    9   -6 
   250:   -4   -5    1    4    0  -12   -4    1    0    0 
   260:    0    0    0    0    0    0    0    0    0    0 
   270:   -4   -2    6    0  -19   -4    8  -20  -15   -4 
   280:   12   -5    6   -5   13   13  -10  -20   -4    2 
   290:    1    0    1    0   -1   -2    0    1   13    1 
   300:   -1   -1    5   18    0   -2    4  -11   -4    1 
   310:    0    0    0    0    0    0    0    0    0    0 
   320:    0    1   18    1   10   21    0   -2    1  -13 
   330:   22   25    3    2    6  -12    1   16   -4  -10 
   340:   -2  -28  -10   -4   -8    8   18    5  -12   -2 
   350:    8    2    0    3   -5    1    6   -1   -5  -13 
   360:   -3    1    0    0    0    0    0    0    0    0 
   370:    0    0    1  -10  -14   17   28   -1  -15  -19 
   380:    5  -25  -19    9   -9  -10   12   -7   -6   -8 
   390:    3   -5    2   -1    6   -3    1   16   11   -1 
   400:    0    3    5    0    0   -6  -10    2    5    0 
   410:  -12  -22   -3    1    0    0    0    0    0    0 
   420:    0    0    0    0   -3   -8    0   26   -5   -5 
   430:   14   -8   -9   -1   10   -2    7   -1   -7    5 
   440:    5   10    8    0    0    3    6   11    0   17 
   450:   -5   18   10   -4   13   10    0   -4   -6    2 
   460:    3   -1   -9  -21   -3    1    0    0    0    0 
   470:    0    0    0    0    0    0    7   -3    0   -3 
   480:   24   10    8  -15  -21  -18  -13    8   13   -3 
   490:    8    2    0   12  -12    0    6   12   11   -1 
   500:    5    1   -4   10   10    5    0    1    0   -2 
   510:  -10    0    2    0   -7  -20   -3    1    0    0 
   520:    0    0    0    0    0    0    0    1  -13  -10 
   530:   -7   10   13   -3    8    1  -13  -15    9   12 
   540:  -13   -4   -3  -21  -11   -5  -10   -3    1   -7 
   550:   -6   -7   -4   11  -12  -14   -5    3   14    2 
   560:   -4    3    1    1    0    0   -8  -24   -3    1 
   570:    0    0    0    0    0    0    0    0    0    0 
   580:    2  -10  -15  -11  -11  -10    5   25   -3   -3 
   590:  -22  -16   -8   12   -4  -13   10    3   -6    5 
   600:   -6   -9   10    5  -13   -9    0    7    4   -5 
   610:   -4   -1   -6   -1    0    0    0    1   -9  -27 
   620:   -2    1    0    0    0    0    0    0    0    0 
   630:    1  -18  -23   18    3   -3    7   -7  -16  -13 
   640:    0  -20  -11   -4    0  -15    8  -14   -6   -4 
   650:    1  -11    7   13    0    9   -4    6   -1  -20 
   660:   -9    0   -2   -2    1    0    0    0    0    1 
   670:   -9  -26   -2    1    0    0    0    0    0    0 
   680:    0    0    1  -15    1   -8  -20   -5   12   -7 
   690:    4   -2  -17   -1   13    1  -13    0    6   -5 
   700:   12   -8   -6    0   -8   -4    8   16   -9    5 
   710:    8   -9  -16    1  -10   -7    0    0    0    0 
   720:    0    1  -10  -26   -2    0    0    0    0    0 
   730:    0    0    0    0    3  -12  -17   18   18  -16 
   740:    8   -2  -27   12   18  -18  -33    5    9    1 
   750:   -9   23   24    3   22  -13   16   24   11    9 
   760:    1   -6    0   -6   -9  -18   17   22   -1    0 
   770:   -1    0    0    1   -9  -24   -2    0    0    0 
   780:    0    0    0    0    0    0    1   11    6  -14 
   790:   13   29   22   17    5   -9  -15   -9    0    4 
   800:   -3   -9   -1  -19  -27   -7   -2   -1   -3   -6 
   810:    8    6   -8    4   -9    0   10   18   19    2 
   820:    0    0    0    0    0    1   -9  -24   -3    1 
   830:    0    0    0    0    0    0    0    0   -1    2 
   840:   -6  -13    3   19   -1  -11  -15    7   11   11 
   850:   -3   28  -14    3    2   23   -3   16   18    7 
   860:    3   14    4   -1  -40   -1   24    3   -6  -11 
   870:  -17   -6    0    0    0    0    0    1   -8  -22 
   880:   -2    1    0    0    0    0    0    0    0    0 
   890:   -1   13   -3  -22  -17   -3  -12    7    1   -9 
   900:    8   13   22    3   -3  -22    3    7    4   -9 
   910:  -29   -4    3  -22  -16   18   12   -8    3    1 
   920:   10    6   15    0   -2    0    0    0    0    1 
   930:  -10  -26   -2    1    0    0    0    0    0    0 
   940:    0    0    0   -7  -30  -12    4   17   29   24 
   950:   -1   -3  -10  -16  -18   10    1  -21    3   18 
   960:   21    6   -6  -16   26   12   12  -42  -26   -9 
   970:  -21    4    0    6   -3    2    0    0    0    0 
   980:    0    1  -12  -27   -2    0    0    0    0    0 
   990:    0    0    0    0    0   -1  -15    0  -14  -17 
  1000:  -16    4   -4   -4   -7    3    9    7    4   -8 
  1010:   13    6   -8  -12  -20    0    2   11    6  -14 
  1020:    6   18   -2   -1    1   -1   -6  -12   -3    1 
  1030:    0    0    0    1  -12  -28   -1    0    0    0 
  1040:    0    0    0    0    0    0    0    2   -6  -19 
  1050:  -11   -9    3    4    0  -16    0    6   -5   -6 
  1060:    5   -5    2   11   -7   -7   -5   -4   13   -1 
  1070:  -11   -1    2    6    9    6    3    4   10    3 
  1080:    0    0    0    0    0    1  -13  -29   -1    0 
  1090:    0    0    0    0    0    0    0    0    0    0 
  1100:   10   30    4    6   -3   10   -5    2    3   12 
  1110:   -4   -3    6    4    1   -8   -1    8   -7    3 
  1120:    3    5   19    3    0   -6  -18   -7    7    3 
  1130:   20    9    0    0    0    0    0    1  -12  -27 
  1140:   -2    0    0    0    0    0    0    0    0    0 
  1150:    0    1   14    0   31   16    7    1   10   13 
  1160:  -13   -4   -6  -14  -15  -15    2   -4  -13   -6 
  1170:    3    0   -9   -3   -9  -20   -2   14   -4  -12 
  1180:   -7   -3   -4    3    1    0    0    0    0    1 
  1190:  -12  -26   -1    0    0    0    0    0    0    0 
  1200:    0    0    0    0    1  -18  -18  -15   10   -5 
  1210:   -6    9    4    5    7   16   14   -5   -5    4 
  1220:   -1    8    7    1    9   -9    8   -8   -1   14 
  1230:   14    9    4    8    3    2    0    0    0    0 
  1240:    0    1  -13  -26    0    0    0    0    0    0 
  1250:    0    0    0    0    0    0    0   -6  -13  -24 
  1260:   10  -12   -3    6    0    6   22   23  -32  -12 
  1270:   -5    5    3    1   -4   -4  -17  -14   16    4 
  1280:    0   -6    9    3   12    9   -6   -1    0    0 
  1290:    0    0    0    1  -14  -27    0    0    0    0 
  1300:    0    0    0    0    0    0    0    0    3   -5 
  1310:   -5    5    9   -2    4   -9  -12  -16  -15   12 
  1320:    5   -5    8   -7    7   10   -9    0   17   12 
  1330:   10   10   -3    4    2    0    7    8   -1   -2 
  1340:    0    0    0    0    0    1  -13  -25    0    0 
  1350:    0    0    0    0    0    0    0    0    0    0 
  1360:   -5   -8   16   -3   30   28   -2  -14  -10   13 
  1370:    2    4    8    4  -21    2   -1    6   13   -4 
  1380:    7    8    3    7    1    2   -5   -9  -20   -7 
  1390:    9    6    0    0    0    0    0    1  -13  -27 
  1400:    0    0    0    0    0    0    0    0    0    0 
  1410:    0    0   -2  -12   -5  -26  -38   12   38   -6 
  1420:   -4  -43   -6    1  -15   -7  -14  -12  -28  -16 
  1430:   13    3   -1   -3   -1   -1  -12    1    5   11 
  1440:   -4   -2    2    0    0    0    0    0    0    1 
  1450:  -14  -28   -1    0    0    0    0    0    0    0 
  1460:    0    0    0    0    1  -12    5   12  -17    2 
  1470:    1   -5   -4    1   -5   -7    1   -9   13   15 
  1480:    1  -22   -2   15  -11   -2   11    5  -16  -12 
  1490:   -6    0    5   28   15    0    0    0    0    0 
  1500:    0    1  -13  -27   -1    0    0    0    0    0 
  1510:    0    0    0    0    0    0    0    1   14   41 
  1520:   -6   -5  -11   18    6    7   25  -14   16    8 
  1530:    3    1    1   -1   -4    2   -3   -9  -13   -6 
  1540:   -8   -3   21    5    3   -5   -2    0    0    0 
  1550:    0    0    0    1  -13  -24   -1    0    0    0 
  1560:    0    0    0    0    0    0    0    0    0    7 
  1570:   21   23   12   14    0   -1  -15  -10   -3    7 
  1580:   -5    0    8  -21   -9    0   12   -1   -2    0 
  1590:    2    2   -5    0    4   -7  -19  -12    3    0 
  1600:    0   -2    0    0    0    1  -13  -26   -1    0 
  1610:    0    0    0    0    0    0    0    0    0    0 
  1620:    1  -14   -3   32    9   11    7    0  -13    6 
  1630:   -6   16    3    8    4   13    9   -2   -7  -12 
  1640:   -8   -3   -8    0    1    3    1    0    2    1 
  1650:    0    0    0   -4   -2    0    0    1  -12  -23 
  1660:   -1    0    0    0    0    0    0    0    0    0 
  1670:    0    0   -1   40   47   18   13  -37   12  -17 
  1680:   -6  -13  -21  -13  -23  -33    9   18    4   26 
  1690:   -1    6  -10   -1   16   15    3  -22  -11   11 
  1700:    6   -3    1    0    0    0    0    0    0    1 
  1710:  -12  -20    0    0    0    0    0    0    0    0 
  1720:    0    0    0    0    1    1  -14   23   30   20 
  1730:    0    4   31  -16   -3    8    9   18   -3   20 
  1740:    7   -9   21    3  -15    1  -10    8   12    6 
  1750:    2   25   40   21    0    0    0    0    0    0 
  1760:    0    1  -13  -22    0    0    0    0    0    0 
  1770:    0    0    0    0    0    0    0   32   65   27 
  1780:  -14  -38  -64  -31   -5    3  -14   17   15   -4 
  1790:  -29  -14  -12   -2   -2  -20  -19  -11  -12   -1 
  1800:   11   -6    1   32   23   23    3    0    0    0 
  1810:    0    0    0    1  -13  -24    0    0    0    0 
  1820:    0    0    0   -1   -1    0    0    0   -2   -2 
  1830:  -13    6   -2    6    9   36   12  -28  -36  -25 
  1840:   -7   -8   19   14   17    5    8   -1  -19  -31 
  1850:   -5    6  -27   -1   28    1  -18   -6    1    0 
  1860:    0    0    0    0    0    1  -12  -20    0    0 
  1870:    0    0    0    0    0    0    0    0    0    1 
  1880:   -8    9   27  -30  -12  -17    5  -12   -3   26 
  1890:  -32  -57  -36   -4  -21   -4    0    5   -7   14 
  1900:   19   12   -4    6   10    9  -17   -2  -22  -11 
  1910:    1    0    0    0    0    0    0    1  -11  -18 
  1920:    0    0    0    0    0    0    0    0    0    0 
  1930:    0    1   -2  -11  -28    3   10  -23   -5   -5 
  1940:  -38  -35  -39  -24   11   21  -14  -12  -22  -13 
  1950:  -19  -27  -27  -29   -8   16    4  -10   11    6 
  1960:  -14   -3    0    0    0    0    0    0    0    1 
  1970:   -9  -12    0    0    0    0    0    0    0    0 
  1980:    0    0    0    0    1    7  -18  -29   -4   -2 
  1990:    6   15   14   10   33    7   -1  -17   -8    1 
  2000:  -18  -25  -15   -9  -21   -7   -8    0    9  -10 
  2010:   13    7    9    2    0    0    0    0    0    0 
  2020:    0    1   -9   -9    1    0    0    0    0    0 
  2030:    0    0    0    0    0    1   15   -2  -18  -17 
  2040:   10   12    7    9    5    0   -4   -5    0   19 
  2050:    1  -24   -2   15  -11  -13  -21  -11    1   -5 
  2060:    5   -1   -3  -10   -4   -6    0    0    0    0 
  2070:    0    0    0    0   -8  -10    0    0    0    0 
  2080:    0    0    0    0    0    0    0   -2    8   49 
  2090:   -8  -12  -28  -29  -40  -35  -24  -20    0  -19 
  2100:  -13  -11   -1    9   21   16   -7   13   12  -16 
  2110:  -13   -9  -24  -19   -8   -3   15    4    0    0 
  2120:    0    0    0    0    0    1   -9  -11    0    0 
  2130:    0    0    0    0    0    0    0    0   -1    4 
  2140:   29    8  -19  -36  -45  -24   13    8   24  -16 
  2150:  -28  -31   -7   -4   -2   -9   -5   35    8   -8 
  2160:   -1    6   10    0  -10    7   -2    2   -1   -2 
  2170:    0    0    0    0    0    0    0    0   -8   -8 
  2180:    0    0    0    0    0    0    0    0    0    0 
  2190:    1    6  -14  -24  -14  -20  -26  -28    0    4 
  2200:    3  -26  -44   13   13   23   21    2   -4   -1 
  2210:    5  -11    1   -5  -25  -19   -1   17   17   -9 
  2220:   12   20    0    0    0    0    0    0    0    0 
  2230:   -6   -6    0    0    0    0    0    0    0    0 
  2240:    0    1   -2   -2  -21  -17   -2   42   -9  -22 
  2250:  -31  -23  -12    6   -1  -28  -20   -9   25   35 
  2260:   -4   12    3  -13   -7  -10  -12  -14   -2  -28 
  2270:  -21    0  -16    0    2    0    0   -1   -2    0 
  2280:    0    0   -6   -4    0    0   -1    0   -1    1 
  2290:    1    3    1   -1    2    2   12    0   12  -21 
  2300:   -4    3   -4   10   27   22   14    8  -50   -3 
  2310:   43   53   27   28   21    6    2    8   -3  -17 
  2320:  -12   -7    7    1   -4    2    2    0    0    0 
  2330:    0    0    0    0   -5   -2    1    2    2    0 
  2340:   10  -13   -4   -6   11    7    9   -4   -5   14 
  2350:    3  -20  -30   -3    5    0   19   28    5   11 
  2360:  -13  -51  -37  -15  -23   -3    6    7  -15    4 
  2370:   -1   -3   -1   -1    6    0   -6    7   21    2 
  2380:    0   -1    0    0    0    0   -4    2    1  -14 
  2390:  -16    3    4    2    7   17   -4    8   32    1 
  2400:   -3   -7  -12   22   11    0    2    0   -4  -15 
  2410:  -23  -27  -24   -5    0    2    1    1    0    1 
  2420:    1   -1   -5    1   -3    2   -1    4   -1   -3 
  2430:   -2    0    1    4   -2    0    0   -2   -5   -4 
  2440:   -2    2    7   -3  -13   -9   -3    0    4    9 
  2450:    9    2   -1    3    3    3    0  -11  -27    0 
  2460:    4   -6  -21   -6  -24   -5   -2    1   -4   -2 
  2470:    0    3   -1   -9  -17   -7    5    5   -2   16 
  2480:    5  -12   -9    5    4   -1    5    5    2   -2 
  2490:   -2   -1   -3   -3  -15  -16 
