     0:  272  257  258  261  278  285  277  235  293  287 
    10:  278  270  269  257  268  261  276  262  255  261 
    20:  216  206  243  171  162  232  -31  -29  -30  -30 
    30:  -31  -51   38  271 -146 -103  -83  -38 -120  -89 
    40:  -90  -67  -49  -60  -48  -60  378  242  -71  352 
    50:   57  -27   -2   -1   -2   -3  -10  108 -110  -58 
    60:  340  223 -132 -154  152  273  307  234   81  220 
    70:  206 -148   23 -120 -194  151   -4   11    3    0 
    80:    0    1  -12  -81 -126 -113 -196   30 -103  204 
    90:  204  -54  -78  216 -532 -280 -293  111  -89  -17 
   100:  196  -35   20   -4    3    0    1   -2   17   27 
   110:   96  132  198  -23  -90   75 -106 -105   21 -162 
   120: -162   56 -201  141  120   91   -5  154  -35    9 
   130:    0    0    0    0  -20  -35  -52    8  159  -77 
   140:  -46  139   34  124  296  189   38   21 -196   87 
   150: -102  -20  -23  -19    1   -1    0    0   -2    9 
   160:  -77  -64  -46 -113  -18  -29   -6    9   41  -43 
   170: -385   11  -79  105  -23   14  -16  -39    2   -3 
   180:    6   -1    0    0    5  -16   85   -3  122   90 
   190:  -79  -75  -79 -156  -46  135 -130   37  129  -22 
   200:  103  -15   49   -8    1    0   -4   -2    0    0 
   210:   -1    1   11  -14  -66 -100   96 -127 -150  -50 
   220:  -63  -42    8  -29   79 -132 -122 -129   73  -17 
   230:    4    0    1    0    0    0    0   -2    4 -115 
   240:   52   20    8   15   65   85   17  -59   92   69 
   250: -102  -58   15   -1  -60   10   -3    0    2    0 
   260:    0    0    0    1   18   28  -98  -28  140   24 
   270:  -85   29 -192 -235 -128 -124   40    5  -37 -127 
   280:  -82    8   -3    1   -3    0    0    0   -1    6 
   290:   47  145   68 -279   59  -16  -38   28  204  -34 
   300:   -4  277  -71  104  174  110   95  -11    3    0 
   310:    5    0    0    0    1   -4  -33 -129 -130  -83 
   320:   50   54  -70   55  -29  -44    3  -21 -102   -5 
   330:  -38   28   52   -1   -1   -1   -2    0    0    0 
   340:    0    4   -5  167  306  448 -224 -154    1  106 
   350: -185 -344 -120  -20   27   16  -48   32   27    3 
   360:    0   -1   -1    0    0    0    0   -3    4  -46 
   370:   57 -251 -663 -734  -15  446   64  257  242  -22 
   380: -234 -350 -108 -198   19   -2    0   -1   -3    0 
   390:    0    0    0   -2    3   -6 -122   49   43  -49 
   400:   10   77  123 -127 -173  -35  116  283  447  138 
   410:   -2   -5    1    0    4    0    0    0    0   -1 
   420:   10  -93    0  424  214  -18   80  324 -104  152 
   430:   80  -60 -260 -304 -333  -35   -9    1    0    3 
   440:   15   -1    0    0   -2    0   10  -31  418   91 
   450: -146 -144  278  -34  212  148  -72    1   80  -81 
   460:  -62  158  -12    1    0   -1   -4    0    0    0 
   470:    1   -5   11  -64   26 -123 -157  192  153   99 
   480: -155   89 -137   -3  397   17 -111   42   -2   -1 
   490:    0   -1    1    0    0    0   -1   -3   -7 -169 
   500:  379   33  208   56   -7  278   54 -149    9   40 
   510:   45  -10  284  -98   12    1    0    0    3    0 
   520:    2   -1    4  -32   67 -607 -257   42  401  184 
   530:  -69  311  236 -168  -33 -191  328 -140 -200  -57 
   540:   -4    1    0    1    3    0  -44  -18  -33   -7 
   550: -104 -142   -3 -130    4  135  129  -22  -70   76 
   560: -139   47  -47   61   66   94  -25  -18  -20  -25 
   570:   -8  -46 -222   77 -241 -417 -384 -204  -74 -354 
   580: -518  -90  -64 -233 -203 -163 -193 -296 -392 -462 
   590: -532 -473  132  140  171  187  -36    5 -382 -344 
   600:  117  173   39 -101 -284 -427 -314 -189   29 -443 
   610: -490 -992 -1221 -1328 -1412 -1404 -1179 -700 -444 -812 
   620: -1441 -1580 -658 -102 
