     0:    1    1    0    0    0   -1    2   -1   -1    3 
    10:   -1   -3    1   -2    3    0    1    4   -3   -4 
    20:    0    0   -1    0   -1   -2    3   -3    3   -2 
    30:    2   -3   -4   -2   -2    3   -2    0   -1    0 
    40:   -7    2    4    2    4    0    4  -14    2   -1 
    50:    0    6    0    0    0    0    0    0    0    0 
    60:    0   -1    0    0    0   -1    1    0    0    0 
    70:    0    0    0    1    0    0    0    0    0    0 
    80:    0    0    0    0    0    0    0    0    0    0 
    90:    0    0   -1   -1    4  -14    0   -1    0    1 
   100:    0    0    0    0    0    0    0    0    0    0 
   110:    0    0    0    0    0    0    0    3    2   -1 
   120:    0    0    0    0    0    0    1    0    0    0 
   130:    0    0    0    0    0    0    0    0    0    0 
   140:    0    0    0    0   -1    1    0   -5    0   -1 
   150:    2    0    0    0    0    0    0    0    0    0 
   160:    0    0    0    0    0    0   -1    4  -13   63 
   170:  -50   15   -6   -2   -4   -3   -1   -1    3    3 
   180:   -2    1   -1    1   -1    0    0    0    0    0 
   190:    0    0    0    0    3   -4   22   -8   -8   -9 
   200:    1   12  -16   11   -4    0    0    0    0    0 
   210:    0    0    0    0    0    0    0   -1   -2   26 
   220:   21  -75  133  -71   38    2   58    8   20  -29 
   230:  -94  -13   20  -16   10   -8   12   -1    3   -2 
   240:   -1    3   -4   -7    7    0   -5   18   -5    3 
   250:  -22   -8   19  -15   11   -9   -1    0    0    0 
   260:    0    0    0    0    0    0    0    0    0    5 
   270:  -42  100  -47   22   10   52  -93  143  -27  -21 
   280:  -60   58  -35    4   37  -16   26   -3  -81   40 
   290:  -44   20    2  -25   31   58   27   -3   23   -9 
   300:    0   12  -18   -5   22  -13  -17   -3    2    0 
   310:    0    0    0    0    0    0    0    0    0    0 
   320:    0   14  -59  132  -62   16  -37  116  -41   40 
   330:   17    2  -64  106  -51   13   39   25  -27   62 
   340:  -31   26    1  -32   71   -8   69  137  -69   29 
   350:  -13   11   -3   -1  -14    1  -27  -10   10   32 
   360:   -4    1    0    0    2    0    0    0    0    0 
   370:    0    0   -7   37  -91   33   33  -31   19  -90 
   380:   45  -50   22   20   12    6   18  -20  -25   35 
   390:  -41   14    1  -37   47  -53  121   -9   45  -81 
   400:   49   36  -33   55  -13    3   10    9   17   -4 
   410:    4    8   -1    0    0    0    1    0    0    0 
   420:    0    0    0    7  -33  101  -18  -61  -25  -83 
   430:  -50  -54   22  -56  137   37    6   30  -32   51 
   440:  -56   13   44  -54  -42   32  -95  115  -26  -84 
   450:  -59  -64  129  -36  149  -26    7    0  -10   20 
   460:  -16    1   -8    0   -3    0    0    0    0    0 
   470:    0    0    0    0    0    3   16   30  -52   19 
   480:  -47  -88   -7 -181  -56    6   95    5 -203  148 
   490:  -65   59  -37   31   18  -55   -5   50   32  166 
   500: -197   13 -124  104  -41 -158  122  -71  -26    9 
   510:    8  -23   -1   -1    1    0    4    0    0    0 
   520:    0    0    0    0    0    0    3  -17   90  -82 
   530:   64  -10  -45   29  -62  -33    2 -132  -28   30 
   540:  -35  139  -33  -10    8   -8 -128  -54   84 -143 
   550:  236 -124 -222   21  -69  191  -88  -70  153  -56 
   560:   -5    4  -21  -10    1    0    0    3    1    0 
   570:    0    0    0    0    0    0    0    0    3  -16 
   580:   82  -57  -10  137 -110  196 -175  100  -65  146 
   590:  -66    9  201  -32   51   60   23 -131 -289  119 
   600:  179 -276  353 -207 -300   57  120  -21  -41  -65 
   610:   70  -47    1    3   -5    2    0    0    0   -1 
   620:    1    0    0    0    0    0    0    0    0    0 
   630:    4  -13  -24   36 -137   78  -70   48  -66   -5 
   640:  -38   87   47 -100  225  -86  -57   15 -177  219 
   650: -158  -44  182 -106  -45  210 -330 -352  104  210 
   660:  -34   80  -79   61    1   -2    1    0    0    0 
   670:    0   -1   -1    0    0    0    0    0    0    0 
   680:    0    0   -6   33  -95   48 -110  -48  -20 -101 
   690:   86   50  -36   52  -75  157 -270   70   54  111 
   700:   73  -55   46   -6 -117  164 -121    5  294   20 
   710: -303 -198  234 -104  -93  164  -33    6   -1    0 
   720:    0    0   -1    4   -1    0    0    0    0    0 
   730:    0    0    0    0    3  -19   74 -125  107  -28 
   740:  -11  124  -97   61  -16  -16  -13   15  100   91 
   750:  -56  -45  -74   24    7  -72  104  -43   17 -269 
   760: -136  143  220  -22  -80   -4   27 -117   23   -2 
   770:    0    0    0    0    0   -1   -5    0   -1    0 
   780:    0    0    0    0    0    0   -5   10 -117  -75 
   790:   -2   50  -99  -28  -28  -17   -3  -64   59 -143 
   800:   47  -51   78  -39   94  -40   52   72  -61   -9 
   810:   40  231 -135 -208 -172   86 -126  261 -205  204 
   820:  -34    6    0    0    0    0    0   -2   -2    0 
   830:    1    0    0    0    0    0    0    0    1  -11 
   840:   14   45   51  -30  127  -84   83  -74   46  -66 
   850:  -66 -159   35    0  -70   -2 -191   67  -69  -53 
   860:    9 -131   50 -209  278  121  144  -97  107 -159 
   870:   40   83   12    6    0    0    0    0    0    1 
   880:    3    0    0    0    0    0    0    0    0    0 
   890:    5  -22   60   40   30  -14   57   14  -36  -17 
   900:   49  -40   37   13  274 -143   79  166  -48    0 
   910:  176   91  -41   59   -1  -33 -219   37  -92   10 
   920:  -70  -83  213 -143   22   -7    0    0    0    0 
   930:    0    2   -2    0    0    0    0    0    0    0 
   940:    0    0    1   -3   36  -44    6   18  -73   82 
   950:  -19   55   43   17  -55  341 -148  163   77 -112 
   960:  -11   20   -7  -53  258  142  -65   -1  152 -141 
   970:    2  -23  -69   16  103   93  -36    8    0    0 
   980:    0    0   -1    4   -3    0    0    0    0    0 
   990:    0    0    0    0    2   -9   52   20   18    2 
  1000:   18   74  -24  -53   15  100 -105  207 -158   58 
  1010:   25  -67    1  -26   41 -174 -133   33   83  -59 
  1020: -180  178  -36   -6   10  -30   -6   -6   73   -6 
  1030:   -1    0    0    0   -1    6   -3    0    0    0 
  1040:    0    0    0    0    0    0    0   -2   34    1 
  1050:   42  -46   15 -113   75  -17   80   45  -38  -38 
  1060:  -71   -3  -11   -3  -16   -1   47 -138  116 -384 
  1070:  342  188  154   83   15  -47  -28   12    7  -99 
  1080:   61   -7    0    0    0    0    0    4    2    0 
  1090:    0    0    0    0    0    0    0    0    0    4 
  1100:   -8  116   -9   -7   23  -90   12  109  -12   38 
  1110:   15   54    2   22  -33   97  -58   18   16  -48 
  1120:   68 -263  178  -60 -102   52  -72   93 -137   18 
  1130:   60   10   14    1    0    0    0    0   -1    4 
  1140:   -1    0    0    0    0    0    0    0    0    0 
  1150:    0    0    0  -39   78  -35    2  -49   49  -12 
  1160:  -42   -5   36   16  -20   23    6   24  -45    3 
  1170:    6    7   43  -27  239  -89  108    5 -121   80 
  1180:  -28  -19  -37   20   -7    0    0    0    0    0 
  1190:   -1    6   -1    0    0    0    0    0    0    0 
  1200:    0    0    0   -3   21  -27  -53   -5    0  -72 
  1210:   27  -88   22    3   17  -34  -56   75  -37   -7 
  1220:   42    1    3  -19  -41   74   39  -68   52   20 
  1230:  -36   59   -8   17  -66  130  -29    4    0    0 
  1240:    0    0    0    0    2    0    0    0    0    0 
  1250:    0    0    0    0    0    2  -13   11   30  -14 
  1260:    2  -29  -20   32  -13   -1  -61  -35    3  -48 
  1270:   22   29   -4  -30   -1   16  -27  -23   15    7 
  1280:  -17    0    8  -23  -14  -37  -78  121  -24    6 
  1290:    0    0    0    0    1   -6    0    0    0    0 
  1300:    0    0    0    0    0    0    0    4  -23   42 
  1310:   40  -87   -6  -79   74   24   27  -17   48  -30 
  1320:   31  -34   27  -33   11  -25   23   17   47  -74 
  1330:   50  -36  -23   10  -10  -20   47   71    9  -27 
  1340:    4   -2    0    0    0    0    0    0    2    0 
  1350:    0    0    0    0    0    0    0    0    0    1 
  1360:   -1   10 -123  -42  -79  -92  -55   53   11   53 
  1370:   -4    0   -9  -22   79  -71   25 -102  105  -51 
  1380:   30  -54  -10  -14   19   11   21   11   -7  -22 
  1390:  -40  -41    3   -1    0    0    0    0   -1    9 
  1400:   -1    0    0    0    0    0    0    0    0    0 
  1410:    0   -1   -1   22  -52   49  -41  -14   63  -33 
  1420:   35   -1   30   11  -91   67   10   40   22  -30 
  1430:  -24   28   -8   18    7    1   31 -100   15   -8 
  1440:   22 -118   42  -11    0    0    0    0    0    0 
  1450:    0    0    0    0    0    0    0    0    0    0 
  1460:    0    0    0    1   -7   34  -45  -36    1  -31 
  1470:  101   12   38    3   48  -29   11   12    4   10 
  1480:   -4   13  -30    7  -37   -8  -21   -1  -43   38 
  1490:   -8   61   14  -25   93  -14    3    0    0    0 
  1500:    0    0    0    1    1    0    0    0    0    0 
  1510:    0    0    0    0    0    0    7  -21  104  -40 
  1520:   50   30   37  -49   47  -53   -5  -30  -19   28 
  1530:  -20   31  -35    1   -9    0    4   -7  -44  -16 
  1540:   70   34   -2  -28  -51  117    5   -2    0    0 
  1550:    0    0    0    0    0   -2    1    0    0    0 
  1560:    0    0    0    0    0    0    0    0    0   -2 
  1570:   32    3   48  -45  -18  -76  130 -123    2 -139 
  1580:   99   14   83  -15   10  -23   85    7   55   -5 
  1590:   14    3   -6   -6  -16    2   63   12   -6    0 
  1600:    0    0   -5    1    0    0    0    1   -1    0 
  1610:    0    0    0    0    0    0    0    0    0    0 
  1620:    3   -9   50   77   -6   61   60   -7  -73  -34 
  1630:  -11   28  -90   40  -42  -50  -13  -36  -35  -77 
  1640:   44  -23   53  -11   18   -8   11    1  -10   -4 
  1650:   -3    0    0    0   -2    0    0    0    0   -2 
  1660:    1    0    0    0    0    0    0    0    0    0 
  1670:    0    0    3  -23   38   24  -85    7    0   84 
  1680:  -39  133  -66   15    1   33    2 -169   82   23 
  1690:   52  -65   13  -70   37  -23  -87   13  -75   56 
  1700: -100   69    9    0    0    0    1    0    0    0 
  1710:    0   -2    0    0    0    0    0    0    0    0 
  1720:    0    0    0    0    0   23  147  -33  -16   23 
  1730:  -13   -5  -79    2  -15   -2   10   25  -30   54 
  1740:  -63  144  -35    6  -32   50   -5    2   -2  -46 
  1750:  -66   59   33    0    3   -1    0    0    0    0 
  1760:    0    0    0    0    0    0    0    0    0    0 
  1770:    0    0    1    0    0   -2    0    6  -90 -111 
  1780:  -78  -59   77   37   -7  128   27   -6  -13  122 
  1790:   17    5   12    0   33 -105   28  -43   -3    0 
  1800:    8   24  -34   42   27    0   -8    2    0    0 
  1810:    1    0    0    0    1   -4   -1    0    0    0 
  1820:    0    0    0    2   -5    1    0   -3   12  -71 
  1830:   33  -64  -78   26  -14    2  -33  -39    0  -50 
  1840:    4   89   67   15 -131  -44  -31  133  -16   41 
  1850:  -25  -44   43   57  -39   23    6   43   -3    1 
  1860:    0    0    0    0    0    0    0    0    2    0 
  1870:    0    0    0    0    0    0    0    0    0    0 
  1880:   -3   35   20    8  -52   -6   27  -42   70   -3 
  1890:   -4  -29   24   79  -85  120   26   59   11   49 
  1900:  -69 -106   46  -52   58    3   61  -21   -7   34 
  1910:   -5    1    0    0    0    0    0    0    0    1 
  1920:    1    0    0    0    0    0    0    0    0    0 
  1930:    1   -2   13  -71   65  -11   -8   33   19  -13 
  1940:  -64  -10  -62   62  -62   38  -55   13  139    8 
  1950:  -43   36  -97   -4  -21   20  -14  -67   10   52 
  1960:  -31   -2   -2    1    0    0    0    0    0    0 
  1970:    0    1    1    0    0    0    0    0    0    0 
  1980:    0    0    0    1   19   53  -27   75   34   17 
  1990:  -50   68  -66   40  -90  134  -13    6  -35    8 
  2000:  -74   15   14    5  -16  110   50    0  -63    7 
  2010:    9   15   39    4    5   -3    0    0    0    0 
  2020:    0    0    0    2    2    0    0    0    0    0 
  2030:    0    0    0    0    0   -8   22 -149    2   23 
  2040:   72   93   12   -8   38   83   66  -46  -82   -8 
  2050:  -26  -73   55  -34   15   -3  -25    7  -50  -65 
  2060:  -66   42  -30  -11   15  -30    5   -1    0    0 
  2070:    1    0    0    0    0   -3    0    0    0    0 
  2080:    0    0    0    0    0    0    0   -1  -10  -98 
  2090:  -99   10  -34  -42  -87  -45   -9   42  -30   11 
  2100:   62  -93  -34  -70  -37   71  -96 -109  -75  -57 
  2110:  -48   91 -172   35  -76   24   47   51   -7    0 
  2120:    0    0    0    0    0    0   -1    6   -2    0 
  2130:    0    0    0    0    0    0    0    0    1   -7 
  2140:   61   92   38    1   47  -32  -44  -35   55  -21 
  2150:   61  -32   38   24  -26   26   43   -5   54  -81 
  2160:   46  -30    1   62  121  -11  -46  -62  -77  -13 
  2170:   -4   -1    0    0    0    0    0    0    1   -2 
  2180:    0    0    0    0    0    0    0   -1    0    0 
  2190:   -2  -18 -110  126  -65  123  -56  137  -26   12 
  2200:   28    9   41  -16   28  149   -6   36  -52   34 
  2210:  -33  127   33   66   34  -10   62  -69  -46  -56 
  2220: -132   26  -17    1    0    0    1    0    0    1 
  2230:    1   -2   -1    0   -1   -1   -1    6    0    4 
  2240:   -4   -2    4  -25  -59  156  -48   23  -49    7 
  2250:   25    3   -5   36   91  -23   31    2   30  -86 
  2260:   90   -6  -14  -20 -118  -20   19  -19   -8    8 
  2270: -106  120  -17   78  -59   11   -1    0   -1    0 
  2280:    0    0    0    0    0    2   -1    3   -6   -4 
  2290:   10  -10   -6   34   17  -41  -80   91  -40  -10 
  2300:   40  -11   -1   -3   17  -42   53   47   59  -11 
  2310:  -75  -90   -9   90  -14  -24  -85  -26    9  -89 
  2320:   18   26  -33   -9  -47   68  -54   25   -5    0 
  2330:    1    0    0    0    0   -2   22  -19    6  -10 
  2340:   25   28   -7   -5    8   -9  -84   57  -13  -85 
  2350:  -10   38  -10   33  -38   37   64  -20  -20    6 
  2360:   65   30   -1  -10  -28   58   17   21   -9   23 
  2370:  -14   39   51   -4    5   -7  -25  -16    4   -6 
  2380:    1    0   -1    0    0   -1   -2   -1   10  -17 
  2390:   -2    6   34   -2  -24  -50   19    6   22   34 
  2400:  -31   21   19   22    0   51  -18  -12  -21  -12 
  2410:   -7   10  -15   -9    3    1   -3  -23  -17    1 
  2420:   17  -27   32  -15   -4   14   19  -23    0   -8 
  2430:   -8    1    0   25  -15    0    2    1    2   -3 
  2440:    7  -35   36  -34  -33   44   23  -34   14  -22 
  2450:   32  -31   24  -43   54    4   20  -27   69   12 
  2460:  -30   15  -22   11  -13   -7   -3    2    0  -17 
  2470:    9  -15  -11    0   14   -9    5   10   16  -19 
  2480:   -3   -4   15    0    6  -15   13   27   -5    2 
  2490:    0    2  -20   64  -80    9 
