     0:    0    1    0    1   -1    0    0   -1    0    0 
    10:   -1    1    1    0    0    0    0   -1    1    0 
    20:   -1    0    0    0    0    0    1    1    0    0 
    30:    0    0    0    0    0    0    0    0    1    0 
    40:    0   -1   -1   -2    0    0    1    0    0    0 
    50:    0    0    0    0    0    0    0    0    0    0 
    60:    0    0    0    0    0   -1    0    0    0    0 
    70:    0    0    0    0    0    0    0    0    0    0 
    80:    0    0    0    0    0    0    0    0    0    0 
    90:    0    0    0    1   -2    1    0    0    0   -2 
   100:    0    0    0    0    0    0    0    0    0    0 
   110:    0    0    0    0    0   -1    1   10    2    0 
   120:    0    0    0    0   -1   -1   -1    0    0    0 
   130:    0    0    0    0    0    0    0    0    0    0 
   140:    0    0    0   -3   -2    2   -2   -1    0   -2 
   150:   -1    2    0    0    0    0    0    0    0    0 
   160:    0    0    0    0    0    0   -1    4   11  -19 
   170:   -5   -1    0   -3   -6    5    5    3    6    0 
   180:    0    1    0   -2    0    0    0    0    0    0 
   190:    0    0    0    0    2   13   -1   -8    0   -4 
   200:    0    0    4    3    0    0    0    0    0    0 
   210:    0    1    0    0    0    0    0    0    0    4 
   220:  -28  -21   13    2    9    1   15  -12  -10    4 
   230:    6    1   -4   -5    5   11    1    0   -1    0 
   240:    0   -2   -1    0   -3    0   -2   -2    2   -9 
   250:    1    0   -3    6   -3   -3    0    0    0    0 
   260:    0    0    0    0    0    0    0    0    0   -4 
   270:    2   -7   -4    3    0   17  -21   10   -2   -4 
   280:    3    0    1   -9   -9   12  -11   -2    0   -2 
   290:    8   -8    0    9    5   11    2   -1   -1    2 
   300:    3    2    1   -8   -2   -2   -1    0    0    0 
   310:    0    0    0    0    0    0    0    0    0    0 
   320:    1   -2   13    1  -20   -4    5  -21  -19   11 
   330:   13    1   26   -5   -8  -15   11   -3   10   -4 
   340:    1   13    2   45  -12  -14  -13    9    4   -2 
   350:    2    0    0    0   -4    3    1   -3   -3    2 
   360:    0    0    0    0   -1    0    0    0    0    0 
   370:    0    0   -1    8    6   -7    5    6   -5  -17 
   380:   11   20   11   11  -18  -15   -6   14    5   -2 
   390:  -26   -9    8   -3   -4  -16   -3   -5    7   -6 
   400:    1   -5    4   -1   -1    4    7    0   -4   -2 
   410:   -1    0    0    0    0    0    0    0    0    0 
   420:    0    0    0    0    1    2  -10    9    3    6 
   430:   -8   -1    8   -1   13    0  -23   14    9   -8 
   440:   -3  -21   27  -16  -21  -12   14  -13    1   -2 
   450:    9   -3  -10    3   -5    3    0    0   -2    2 
   460:    9    1    0    2    0    0    0    0    0    0 
   470:    0    0    0    0    0    0    4   -5    4   -9 
   480:    9   -5    4  -14    1   -1   16   -1   -2   21 
   490:    9   17   40   11  -25   23    0    6   -6   11 
   500:    3  -10   11   12    0    5    3   -1   -1    0 
   510:    1    0   -1    0    0    0    0    0    0    0 
   520:    0    0    0    0    0    0    0    1    8  -13 
   530:    3   -6   -2   -7    3   -1    0   -4    8   -8 
   540:   10   -2   13   -5  -21    3    3   -7   10    5 
   550:    0  -10    1    1   10   -6   -7   10   -5   -1 
   560:   -8    6    2    0    0    0   -1   -2    0    0 
   570:    0    0    0    0    0    0    0    0    0   -1 
   580:   -1    0   -3    0    1    7   -1    6   10    4 
   590:   -2    1   15    6   -5    0   -4   -2    7    7 
   600:    1    1   -3   -1   -2    8    5   -1   11   -1 
   610:  -13    1    0   -2    0    0    0    0    0    0 
   620:    0    0    0    0    0    0    0    0    0    0 
   630:    0   -2   -6    1    4   -1    5  -12   -4    2 
   640:    2    2    5    1   -9   -9   -1    3   -5    4 
   650:   -3   -5   -3    2   -9    0    2   -3   -3   -8 
   660:   -1    6    9    0    0    0    0    0    0    0 
   670:    0    0    0    0    0    0    0    0    0    0 
   680:    0    0    0    2   -2    7   -6   -7    3    3 
   690:   -6   14  -10   -9    6    2   -1   17    6   -5 
   700:    5   -5   -4    7    0   -1    2   -4   -3    0 
   710:    8   -5   -7    7   -1    3    0    0    0    0 
   720:    0    0    0   -1    0    0    0    0    0    0 
   730:    0    0    0    0    0   -5    5   -1   -1    2 
   740:   -2    2   -4   -3    2    3   -1  -12    2    2 
   750:    0    4   -3    4   -5   -2   -7    0   -3    2 
   760:   -1    2    1    4    0   -8   -7   -5    1    0 
   770:    0    0    0    0    1    1    0    1    0    0 
   780:    0    0    0    0    0    0    0    0   -1   14 
   790:   -4   -6    0   -4    2   -3    0   -4   17    0 
   800:   13   -2    1    7   -1   -2    7   -2   -5   -5 
   810:   -2    4    1    1    0   -4    2    0    0   -3 
   820:    0    0    0    0    0    0    0    0    0    0 
   830:    0    0    0    0    0    0    0    0    0   -1 
   840:    1   -2  -10    3    1    0   -4   -2   -7    6 
   850:   -8   -1   -2    0   -1   -2   -2   -2   -3    0 
   860:   -6    6    7    2    3    1   -3   -4   -4    3 
   870:   -1   -3    0    0    0    0    0    0    0    0 
   880:    0    0    0    0    0    0    0    0    0    0 
   890:    0    2    5    0   -9   -1    0   -1   -4    5 
   900:   -4  -11    7    2    3    4   -5   -8    7    4 
   910:    2    1    0    3   -1   -5    2    3    0   -5 
   920:    4   15  -11    3    0    0    0    0    0    0 
   930:    0    0    0    0    0    0    0    0    0    0 
   940:    0    0    1   -5    1    5    8    0   -1    2 
   950:   -9   -9   -2   -3    0    3   -5    2   -1   19 
   960:   10  -13  -13   -6    4   -6   -6    0    3   -8 
   970:  -12   -3    8    8  -19   -2    0    0    0    0 
   980:    0    0    0   -1    0    0    0    0    0    0 
   990:    0    0    0    0    0    0   13   15    5    3 
  1000:    5    4   -4    7    5   12  -12   -7  -22  -23 
  1010:    6   20   -5  -11    9   10   -9    5   -3   -2 
  1020:    4    1  -13    1   22    0  -16    5    0    0 
  1030:    0    0    0    0    0    0    0    0    0    0 
  1040:    0    0    0    0    0    0    0    3  -29   -1 
  1050:   15   10   -7  -24    8    9   33   -8  -24  -22 
  1060:  -10   16   20   14   -6    1    3   34    7    5 
  1070:  -15  -11   -8  -27   18  -38   15   21  -19  -24 
  1080:    2    0    0    0    0    0    0    1    0    0 
  1090:    0    0    0    0    0    0    0    0    0   -1 
  1100:   15  -11   -4    7    8   13   33   11  -24  -22 
  1110:   -1   31   22   10   -6   -1   20    6  -11   -9 
  1120:  -11   12   26   11   10   -9    3   14    1   29 
  1130:   56    6    0    0    0    0    0    0    0    1 
  1140:    0    0    0    0    0    0    0    0    0    0 
  1150:    0    0   -4    7    5    5   -1   -8   -6   24 
  1160:  -16  -16   -4   -4    8   10    4   -3  -20   -8 
  1170:   -1   -1    9  -27   -2    3   39   40   19   -4 
  1180:  -22  -26  -11    7    0    0    0    0    0    0 
  1190:    1    0    0    0    0    0    0    0    0    0 
  1200:    0    0    0   -1    4    9  -18    4   -5    3 
  1210:  -12  -10   12   25   20   -2   -1   -7   11    7 
  1220:   12    2    2    3   17    8  -18  -30  -46  -38 
  1230:  -10  -12  -19    1    0   -1    0    0    0    0 
  1240:    0    0    0    0    0    0    0    0    0    0 
  1250:    0    0    0    0    0    0    4   22   -3   -8 
  1260:   26    2   10   12    1   -1  -15   -3   14    7 
  1270:    2   18    0   15    7   -4  -18    2   16   21 
  1280:   39   35   22   25   23   18   22   -2    0    0 
  1290:    0    0    0    0    0    0    0    0    0    0 
  1300:    0    0    0    0    0    0    0   -1    1    3 
  1310:   -3    4  -20   -6   -1   -2   -3    3    7    0 
  1320:    5   -2   -1   -8    0    0    3   -6    7    6 
  1330:    2    4  -40  -22  -18  -39  -12  -19  -34   -4 
  1340:    1    0    0    0    0    0    0    0    0    0 
  1350:    0    0    0    0    0    0    0    0    0    0 
  1360:   -3    0   -6    0   -7   -3    5   -3   -1   16 
  1370:    2    5    8    1    5    9   14   -3   -6   -5 
  1380:    8    5    4  -13   -5  -20    0    9    7   13 
  1390:   14    0    0    0    0    0    0    0    0    1 
  1400:    0    0    0    0    0    0    0    0    0    0 
  1410:    0    0    2    8   11  -10    7   -1    0   -6 
  1420:    2    8   -4   -1   -8  -10    0    0   -2    6 
  1430:   -6    0    0  -15   -5   -2    3   24    6    4 
  1440:   -2  -25   -5    0    0    0    0    0    0    0 
  1450:    1    0    0    0    0    0    0    0    0    0 
  1460:    0    0    0    0    1  -10   -5   -3    2   -4 
  1470:  -12   -5   -3    2    2   -6   -2    8   -2   -3 
  1480:    1   -1   -5   -5    5    7    7   -5   -5    4 
  1490:   -1    9    6    4    9   -1    0    0    0    0 
  1500:    0    0    0    0    0    0    0    0    0    0 
  1510:    0    0    0    0    0    0   -1   -3   -2    2 
  1520:   15  -18    6   -3    4    6    5   16   -9  -14 
  1530:    5    8   -5   -8    2   -3   -6    1   -6   -5 
  1540:   -3   -6    4   -5   -7   -5    1    0    0    0 
  1550:    0    0    0    0   -1   -2    0    0    0    0 
  1560:    0    0    0    0    0    0    0    0    0    1 
  1570:   -8   -4    9   -5   13    4   16    3    5  -17 
  1580:    5   -3    0    1    8    6   -3    8    0   11 
  1590:    3    0    0    1    1   -4   -2    0   -1    0 
  1600:    0    1    0    0    0    0   -1    0    0    0 
  1610:    0    0    0    0    0    0    0    0    0    0 
  1620:   -1    4    3   -5   12   -2    5   -2  -11   -1 
  1630:   16    5   -5   -5    6   -8  -10   11   15   11 
  1640:   14   -5   -6    5   -3    2   -2    8   -3    1 
  1650:    0    0    0    0    0    0    0    0    0    1 
  1660:    0    0    0    0    0    0    0    0    0    0 
  1670:    0    0    0   -1   -4   -4    7    0   -5    7 
  1680:    5    1  -16   -6   -5    5   -4   15   11    9 
  1690:   -7    0   -1    7   16    2   -2   -4    8    5 
  1700:    4    1    0    0    0    0    0    0    0    0 
  1710:    1    1    0    0    0    0    0    0    0    0 
  1720:    0    0    0    0   -2    2   20    8    3   -2 
  1730:   -4   -7    6    9   -4   14    7   -9   18    4 
  1740:   -7   -8   -1   -6   -6  -20  -15   11    8   -5 
  1750:   -2   -8  -18   -6    0    0    0    0    0    0 
  1760:    0    0    0    0    0    0    0    0    0    0 
  1770:    0   -1   -1    0    0    0    3   10  -18   -2 
  1780:   10    0    2    8  -19   -2   -3  -23  -11    6 
  1790:  -13  -13    6   -6   -9   13    0   -5   11   10 
  1800:   -6    5   -9  -13   16    8   -1    0    0    0 
  1810:    0    0    0    0    0    1    0    0    0    0 
  1820:    0    0    0    1   -1    0    0    1   -6   -7 
  1830:   -5  -16    8   10   -4   -4   21  -15  -17  -11 
  1840:   15   12   15    0   11   11  -18    4    4   -4 
  1850:  -15   -6   -1   -4    2   12   -5    2    0    0 
  1860:    0    0    0    0    0    0    0    0    0    0 
  1870:    0    0    0    0    0    0    0    0    0    0 
  1880:   -1    5    6   17    3   -7    2   13  -13   -3 
  1890:    3   25   -1  -26  -17    1  -11    4   -2   -9 
  1900:    0    4    8  -13    0   11    0    1   -9    0 
  1910:    0    0    0    0    0    0    0    0    0    1 
  1920:    0    0    0    0    0    0    0    0    0    0 
  1930:    0    0    1    2   14    6   -6   -5   -2   -1 
  1940:   -3    3   14    8   -2   -1   16    8    7    6 
  1950:    4    8   -7    5    8   22   -9   -5   -5    9 
  1960:    0   -1    0    0    0    0    0    0    0    0 
  1970:    0    0    0    0    0    0    0    0    0    0 
  1980:    0    0    0   -1   15   11   -4  -14   11   -2 
  1990:   -1    9    6   18    7   -4   -7    1    3   18 
  2000:   -5  -20   -1  -10    8  -15  -11  -10    4    5 
  2010:    4   -1    2    2    0    0    0    0    0    0 
  2020:    0    0    0    0    0    0    0    0    0    0 
  2030:    0    0    0    0    0    0  -13   -3    2  -16 
  2040:  -12   -3   -2  -16   15    7   -1    0    0   20 
  2050:  -15  -17  -17    8   19    7    9    9    1   -2 
  2060:    6   13  -16    5    4   -3    0    0    0    0 
  2070:    0    0    0    0    0    1    0    0    0    0 
  2080:    0    0    0    0    0    0   -1    8   -3   -8 
  2090:   -3   25    3    4    4    9   -4   -2    9   -6 
  2100:   10  -15   -4  -15   22   -2   -8   15   -4  -34 
  2110:  -11    2   14    6    7   -7   10    4   -1    0 
  2120:    0    0    0    0    0    0    1    1    0    0 
  2130:    0    0    0    0    0    0    0    0    0  -15 
  2140:   -3   16   -7  -14   -6    6   -6    9   13   -3 
  2150:   -7   -5    6   -3    0   11    7    5    0    0 
  2160:    7   17    9    6   -2   -2  -13   10    5   -2 
  2170:    0    0    0    0    0    0    0    0    0    0 
  2180:    0    0    0    0    0    0    0    0    0    0 
  2190:    1   25   -7   -4   -1    8   12    2   -5  -18 
  2200:   -2    5    3    2    5    7   18    1   12   -1 
  2210:   -5   -2   -3    2  -12  -13   18   -8   -2    8 
  2220:    2   -2    1    0    0    0    0    0    0    0 
  2230:    0   -1    0    0    0    0   -2    2    0    2 
  2240:   -2   -1    0    1    0   -6    7    3   12   -7 
  2250:  -18    0   -2   16  -13   -6    5    0    3  -11 
  2260:   -3    8   26    5    7    5  -12   -7    8    0 
  2270:   -7  -14   -4  -18    1    0    0    0    0    0 
  2280:    0    0    0   -1    3    1   -1    0    0    1 
  2290:    1    3    0   -1   -3   -4    1    5   -2    3 
  2300:   -6   19   -8   -7   19    1    7  -11   -9  -17 
  2310:  -13   10   11   12    0    0   28    1    0    4 
  2320:   -8    1   12   -2    3  -12   -6    0    0    0 
  2330:    0    0    0    0    0    2   -5    0    5    0 
  2340:    7   -3   -4    4  -11  -10   10    2    0   -8 
  2350:    5   10   -7    0   -3    4  -12  -11   -3    0 
  2360:    4    0   -1   -8   -4    8   -1    2   -6   -5 
  2370:   -2    2    1    3   -4   -3    7   -9    5    0 
  2380:   -1    2   -2    1    3   -1    1   -4   -4   -1 
  2390:    2   -2   -5    0   -6   -2    5    7   -5   -7 
  2400:  -10   -1    0    0    3    6   -2   -2    2    5 
  2410:    6    1   -1   -1    0    1    0   -2   -2   -2 
  2420:    5    3    0   -4    2   -4    2    2   -1    0 
  2430:   -1    0    0    8    0    1    5   -2   -1   -5 
  2440:   -2   -2    1   -5    7    6   19    3  -14   -5 
  2450:    2    5    6   -3    4   -5   -7  -10  -13   -1 
  2460:   10    5    8    6    9   -1   -1    0   -7   -7 
  2470:    7    2    2   -6   -5    5    0   -2   -3    0 
  2480:   10    5   -6   -1   -2   -2   -2   -6   -1    1 
  2490:    7    5   -2    9   20   21 
