     0:    0    0    0    0    0    0    0   -2   14   -5 
    10:   -4   -7   -5   -5   -5    4    1    0    0    0 
    20:    0    0    0    0    0    0    0    0    0    1 
    30:    0    2    4    1   -2    0    0    0    0    0 
    40:    0    0   -1   -1    2   -9   -3   -5   22    2 
    50:    1   -2   -6   -3   -1    1    1    0    0    0 
    60:    0    0    0    0    0    1   -6   -4    0    0 
    70:    0    0    0    0    0    0    0    0    1    0 
    80:    7   16   15   17    4  -10   -6    5   -3    0 
    90:    5   -1   -7   -3   -2    0    0   -2    0    0 
   100:    0    2   -2   12    2    3    0    0    0    0 
   110:    0    0    0    0    0   -2   14    9    2   -8 
   120:  -12    4   19   14   -4   -3    3   -4    9    1 
   130:   -6   -6    4    1   15    2   -2   -5   -7   -2 
   140:    6    0    1    0    0    0    0    0    0    0 
   150:    0    1    1   -5    4   -4  -16   11    3  -14 
   160:   -7    9    6   -2    0   -7    4    0    7   -2 
   170:   -3   -8   -6   -6   -7   -3   -2    4   -5    2 
   180:   -1    0    0    0    0    0    0    1   -6  -10 
   190:    6   -1   -6   18    8  -22  -16  -24  -24  -10 
   200:    4    4   -6   -5   -6    3    3    0   -3   -9 
   210:   -6   -3    0   -2   -8    2    7    7    0    0 
   220:    0    0    0    0    3   -6   -3    4    1    4 
   230:    5  -19  -14   10   24   25    3   -8    0   -4 
   240:    0    5    0   -1   -4   -1   -5    1    8   -1 
   250:   -4    4   -4   -7   16    4   -1    0    0    0 
   260:    0    2    3   -3    8    0   -9    8    3   13 
   270:   19    1  -29   -1    8    2   15    0    2    2 
   280:   -2   -4    1    3  -11   -6  -10   -4    0   -5 
   290:    5   -6   -7    0    0    0    0   -2    0   10 
   300:    1   -6    3   -5   -6    8   -2   -1  -25   24 
   310:    4  -10   -1    0   12    6    5    6   -1   -3 
   320:   -2    7    4   -7   -8   -5   -3    6   -8   11 
   330:    3    0    0    0    2   -3    0    1    7    8 
   340:   -6   10   -4    2  -12   10   -9   -1    5   -6 
   350:   -4   -6    1    8    4    5   -2    0   10   -1 
   360:   -1    2    3    5    0   -9  -15   -1    0    0 
   370:    0    3   -1   -7    0   -2    3    0   -5    1 
   380:   -1   -3    0   -5   18   -2   10    3   -6   -4 
   390:    0    0   -3   -2    2   -5    2   -9   -2    4 
   400:   -2    3   -2   -7   -1    0    0    1   -3   -4 
   410:    2   -5    0   -1   -4    2    2   -3    0   -1 
   420:   -2   -3  -15  -14   -1    3    1   -4    0   -2 
   430:   -1   -3   -7   -6    1    1   -2   -4    4   -2 
   440:    5    1    1    0    0    5    1   -2   -1   -3 
   450:    0   -3    5   -3   -3    1    6    0   -1    7 
   460:    0   -3    3    1    3  -12    4   10   10    5 
   470:   -5   -1    3    4    4    0    4    1    5   -1 
   480:    0   -2    1   -4   -1    1    3    2   -2   -7 
   490:    3    4   -1   -2    2   -2    1    5    4   -3 
   500:    4   -3    0  -19  -11    5   10    4   -3  -15 
   510:   12    7   -2    3    6   -4    2    0   -3    1 
   520:    3    2   -2   -2   -4    0    7   -7   -2    2 
   530:   -4    1    5   -1    1   -2    3   -1   -3    8 
   540:    3    0   -9    1    2   -2    0   -1   -3    6 
   550:   -1   -1    3   -6    1    2    3   -2    0    6 
   560:   -2    2    0   -5    2    7    2    3   -9   -5 
   570:    7   -2   -7    3    8    2  -14   19   10   14 
   580:    8   15   12   -2   -2   17   -8    6    3   14 
   590:    3   -1    1    2    3    2    0   -3   -2    0 
   600:    3   -1   -3   -1    5    5    2   -3    0   -2 
   610:    1   -2   -3   -9  -13    7    2   -2    0   16 
   620:   10  -16    0   -6    8   10    0   -1    0    3 
   630:   -6   12   -8   -5   -3   -3   -4   -1   -1   -1 
   640:    3   -2    3    4   -4    9   -5    5    3    0 
   650:    1    0    2   -6  -11   -2  -17    4   -4  -12 
   660:   -7   -6   12    9   -2    1    2    5   -3    3 
   670:    7    0    0    2    4    2    5    0   -4   -2 
   680:   -3   -2    5  -13    1   10   15   -8    0   -1 
   690:   -2   10   -2   -6   -6   -6  -11  -11  -11    0 
   700:   -3   -1    1    0    2    5   -9    9   -3    2 
   710:   -3    3    7   -3    2   -1    0    2    4    4 
   720:   16  -22   -6  -19    5    6   -7    6    4   -4 
   730:    3   -4   -1    0   13   19   -5  -14   -2    1 
   740:    1    2   -4   -2    8  -13   -4    1   -5   -1 
   750:   -5    2   -2    3    2  -15   -5    4   21    4 
   760:    5    6   -4    6    1   -7    0   -9   -8    7 
   770:   17   -7  -18  -11    4    2   -1   -2    2   -4 
   780:   16    0   -7   16   11   -5    3    6   -9    6 
   790:   -1   -2   14  -17   -2    3    0    3   -2    0 
   800:    0   11    1    4    6   -3    9   -2    0    5 
   810:    2   -3    1    0    1    0   11    0   -1    1 
   820:  -17   -6    3   -5  -12    9  -10   -7   -6   -7 
   830:    6    1    4    5  -10    2    3   -3   -7   -3 
   840:    0    4    1   -6   -2   -4   -4   -2   -3    0 
   850:    0    3   14   -2    8    7   10    5   -4    2 
   860:    7    7   -2   -1    5   15    4    2    1    5 
   870:    2    5   -1    2   -2   -4   -6   -5   -5   -2 
   880:    5    0    2    4    0   -3    0    0    0   -2 
   890:   -7  -16   -7   -4   -4    7    0  -11   -2    1 
   900:   -4   -5  -18    0    1   -2    0    3    1    2 
   910:   -2   -5    3    7    2    0    5    1   -1   -5 
   920:   -1    6    0    0    0   -1   -1   -2  -13    6 
   930:    2    1    5    0   -5    0    6   -6   -8   19 
   940:  -13   -1    3    8    3   -9    0    8    5    6 
   950:   -1    0   -7    5   -1    2    3   -6    2   -1 
   960:    0    0    0    1    2   12   10    5   -3   -3 
   970:    0   -5   -2    3    3    8   -1    0   -8   -4 
   980:  -17   -3   -3   -6    5   -4    1   -5   -3    4 
   990:   10   -1    0   -9   -1    0    0    0    0    0 
  1000:   -1   -1  -12   -7   -5    0   -4   -9   -2    0 
  1010:   -3   10   -4   -5   12   12   -8    1    2    4 
  1020:   -3   -9  -10   -5    5    6    7    5    4    0 
  1030:   -3   -3   -8    1    0    0    0    0    1   -6 
  1040:    9   11   -4    0   -1    1    6   -2   -2   -2 
  1050:   -2    2   -4    1    0   -1    5    0    2    4 
  1060:   -2    1    1   -4   -6   13   -5    8   -1    1 
  1070:    0    0    0    0    0    0    0   -3   -1  -12 
  1080:   10    7    1  -16    3    6   -1    2   -2   -3 
  1090:    6   -3   -5   -1    1    1   -1   -1    1    1 
  1100:   -6    7   -8  -11    3   -1    0    0    0    0 
  1110:    0    0    0    0    1   -2   -7    5   -4    2 
  1120:    1    0   -2   -3    9   12    0   10    6    5 
  1130:    0    0    1    4    6    3    1  -12    8    4 
  1140:   -1    3   -2    0    0    0    0    0    0    0 
  1150:    0   -4    4    5   -3    8    2    1   -1   -3 
  1160:   -8    0    4   -5   -1    7    2   -1    3   -3 
  1170:    0   -1   -8    6   16    0   11    2    4    1 
  1180:    0    0    0    0    0    0    0   -1    0    3 
  1190:   -4    4    0  -10    1    2   10    0    0    5 
  1200:    4   -1   -8    4   -2  -13    0    0   -2   10 
  1210:   -6   -4    2  -10    7    2    0    0    0    0 
  1220:    0    0    0    0   -3    2    5    4  -12   -8 
  1230:    2   10   14   -5  -10    3   -2   14    1    7 
  1240:   -1   -1    9   -2   -7   11    3    4    3    2 
  1250:    3    1   -3    0    0    0    0    0    0    2 
  1260:    9  -13  -17    0    1    4    4    0  -10  -11 
  1270:   -4   12    7   -2  -10    0   -4    4   -1   -5 
  1280:   11   13   -5    4    1   -2   -2    0    0    0 
  1290:    0    0    0    0    0    0   -4    0   14   -6 
  1300:    0   -2  -10    5   11    2    1    6    0    2 
  1310:    4    8   10   -2   -3   -2    6   -9   -8   -6 
  1320:  -20   -6    1    2    0    0    0    0    0    0 
  1330:    0    0    0    0    8   -1   -5   -3   -2   -3 
  1340:   -8    2   -1    2   -2    1    0    0   -8   -4 
  1350:    3   -3   -3    9    0    1    5    6    0    0 
  1360:    0    0    0    0    0    0    0    0    0 
