     0:    4    2   -1   -5    3    0    1   -1   -1   -1 
    10:    2    4    1   -1    1   -3   -5   -3    0    1 
    20:    1    1    2    1    2   -3   -8    1    5   -1 
    30:   -1    3    0   -2    0    1    0    3    1   -1 
    40:    0   -6   26  -14   -2   -1    5  -62    1   -2 
    50:    0   -3    0    0    0    1    0    0    0    0 
    60:    0    0    0   -1    0    1    0    0    0    0 
    70:    0    0    0    0    0    0    0    0    0    0 
    80:    0    0    0    0    0    0    0    0    0    0 
    90:    0    0    1   -1    9    4    0    0   -1    6 
   100:    0    0    0   -1    0    0    0    0    0    0 
   110:    0    0    0    0    0   -2  -11  -30    1    0 
   120:    0    0    1   -1    3   -2   -1    1    0    0 
   130:    0    0    0    0    0    0    0    0    0    0 
   140:    0    0   -1   -5    4    4   -9    2    2   -4 
   150:    2    0    0    0    0    0    0    0    0    0 
   160:    0    0    0    0    0    0   -3   15   80  142 
   170:    7    0   -4    2   11   13  -28   15    7  -14 
   180:   -5    5   -8   -7    6    1   -1    0    0    1 
   190:    0   -2   -2    0   14   13  -80   13  -48   11 
   200:  -12   32  -40   14    0    0    0    0    0    0 
   210:    0    1    0    0    0    0    0    0   -2   71 
   220:  169   99  -61  -31   16  -57 -182   51   23   57 
   230:   -1   47   78  -41   71   54  -55  -18   -9   -1 
   240:    2    0   -4   16   14   -2   11   24  -97   38 
   250:   -7  -21  -43   61   -3    9    0    0    0    0 
   260:    0    0    0    0    0    0    0    0    1  -11 
   270:   59   11   83   64  -37  -80  136  -45  -69 -129 
   280:   24   13  -56   -2  -13   78 -115    2  -21   10 
   290:  206    5  -25  -57   13   81   66  -19   -7   10 
   300:    5   16   18   -3    5    0   19   -1   -2    0 
   310:    0    0    0    0    0    0    0    0    0    0 
   320:   -3   52   28    7   77   52  -17   67  -24 -111 
   330:  -80  -82 -119   30   11    2   32   26  -39    7 
   340:   39  -57  -15   44    8  -83  -91 -131  -23   48 
   350:    1   -7    3   -3   12   10   -2  -12    1   -4 
   360:    0    0    0    0    1    0    0    0    0    0 
   370:    0    0   -1   21  106   74   62   70  114   34 
   380: -164 -100  -87   55  246  170  -21 -142   42   49 
   390:   53  -52  -39  -59   74  -49    8  -66 -175  -48 
   400:   57    9  -25    6    0    0    3   -7  -19   16 
   410:   31    6    0    0    0    0   -1    0    0    0 
   420:    0    0    0    1   -6  -77   12  130   85   91 
   430:  192  126 -121 -148    7   83   75  -78 -226   67 
   440:  -73  -77   16   28  -94  -73   81   43  -49 -115 
   450:   10   92   79 -102  -67  -17    1   11  -12    5 
   460:  -24   11   16   -1    0    0    0    0    0    0 
   470:    0    0    0    0    0    1  -29  -28  -45   44 
   480:   -5   36   50   76  -46  -61 -107  -31  -57  -71 
   490: -212 -245  186  116   50    1  -60    4   -3   63 
   500:  -39  -86   42   68  -76  -40   52  -34  -30   -8 
   510:  -19    3   -6   -2   -1    0    0    0    0    0 
   520:    0    0    0    0    0    0    0    0  -73  -15 
   530:    0   24  -34   25    5  -33  109   64  -84    4 
   540: -129  -64   20 -280 -218   -8   46   16   -9   44 
   550:  -49   31   54   16   23   -2 -102   15  159   -2 
   560:   -1  -50  -17    1    1    0    0    0    0    0 
   570:    0    0    0    0    0    0    0    0   -2   17 
   580:   -1  -16   22    7    0  -15   67  -61   10   17 
   590:   17   12  -83   27   24  -17 -155   -5   21   43 
   600:   48   44  -80   30   26  -44  -26   -5  -76  103 
   610:   79   23  -11   -2   -3    0    0    0    1    1 
   620:   -1    0    0    0    0    0    0    0    0    0 
   630:   -3   26   15  -27    5   -2  -19  -50   27   73 
   640:  -13  -81   30   92   22  -11   18   20   -6  -48 
   650:   13    7  -70  -73    0    4  -28  -59  -42  -54 
   660:  -28   27  -42   -9    2    1    1    0    0    0 
   670:    1   -1   -1    0    0    0    0    0    0    0 
   680:    0    0   -1   14  -40    6   32   -8   55   54 
   690:  -29  -34   49   52   61   19  -19   58  -20  -40 
   700:   21   30    7  -51    8  -42    8  -35  -28    7 
   710:   -6   -9   63  -30    5  -17    1    0    0    0 
   720:    0    0   -1    4    1    0    0    0    0    0 
   730:    0    0    0    0   -3   11   47  -15   17   80 
   740:   41  -19   62   44   12  -25   38   12   -7   17 
   750:   13  -48    6   25   -2    5   24   11   -1   -5 
   760:   10   -4   51   29   14  -15   -1   43    3    0 
   770:    1    0    0    0    0   -6    2   -3   -2    0 
   780:    0    0    0    0    0    0    2  -15  -41   87 
   790:  -33   39   -8    8   43   16   42   27   63  -11 
   800:   66  -53   -9   21  -18  -10    3   34   17   -1 
   810:   -4   13   17    2    8    3  -24   14  -28   53 
   820:   12   -2    0    0    0    0    0    0    0   -3 
   830:   -2    0    0    0    0    0    0    0   -2   17 
   840:  -33   51   61    0  -73    3   35   20   -1    9 
   850:  -39   35   20    3  -98   90   50   36  -18    7 
   860:  -10   20    3   12   42    6   11  -38   -1  -27 
   870:  -45    0    5   -1    0    0    0    0   -1    4 
   880:    0    0    0    0    0    0    0    0    0    0 
   890:   -4   30    6   14  -34   37  -27  -88   82  106 
   900:   53    1  -98  -24   -2   -5  -43   10  113   87 
   910:   -1  -57    9   47  -38  -35   -8   18  -65 -161 
   920:  -51   43    2  -43    4    0    0    0    0    0 
   930:    0   -1    0    0    0    0    0    0    0    0 
   940:    0    0    0    6  -85  -54  -54    0  -55 -114 
   950:    2   54   65   74    9   13   36   -1  -36 -209 
   960:  -35  178    7  -15    1  -18   44  -25  -50  -21 
   970:   -2  -76   -6  114   61   45    9   -2    0    0 
   980:    0    0   -1   -2    0    0    0    0    0    0 
   990:    0    0    0    0    0   -5   87   96  -54  -32 
  1000:   95    1  -88  -87 -115   86    7   90  173  -70 
  1010: -188 -210   61  144   39  273   77   -4  -27  -85 
  1020:   57  101    9 -113  -40  129  -51    9    6   -1 
  1030:    0    0    0    0    0    3    0    0    0    0 
  1040:    0    0    0    0    0    0    0   -5   12  191 
  1050:   92   54   24   98  -68 -128 -149  101  108 -132 
  1060:  -92 -232 -297 -175 -152   90  168   77  142  -26 
  1070:  -21  -22  136  -61  -27 -106 -133  170   59 -111 
  1080:   11    0    0    0    0    0    0    2    0    0 
  1090:    0    0    0    0    0    0    0    0    0   14 
  1100: -121  -84  208   65  -83  -16  -91 -187   89  130 
  1110:  163 -204 -436  128 -137   82   25  -64    2 -136 
  1120: -315  -35  183  199  302  153  189  257  -87  -48 
  1130:  150  142   48   -8    0    0    0    0   -1    1 
  1140:    0    0    0    0    0    0    0    0    0    0 
  1150:    0    3  -31  -36  -68   11 -137 -120  275  -25 
  1160: -213  -15 -177  228  -14 -256  144   29  -78   46 
  1170:   89 -153  221   12  -43 -130  137  315  180 -150 
  1180: -390 -327 -279 -156    7    1    0    0    0    0 
  1190:    0   -1    0    0    0    0    0    0    0    0 
  1200:    0    0    0    3  -36   52   95  -96   80  -52 
  1210:  -85  255 -219 -260  105 -273  271   86   10  -93 
  1220:  137   41  -77  121  -16  -84  -35  -65  -92 -353 
  1230: -197 -130  165  108 -256  -28    3    0    0    0 
  1240:    0    0    1    2    0    0    0    0    0    0 
  1250:    0    0    0    0    0   -7   73  -72  -93  -15 
  1260:    8   14 -104   61    0  -28   72   69  -31  -19 
  1270:  -65   37  -19    6   11   49 -138 -350  262  506 
  1280:  206  115  236   92  262 -121 -154  -61    7    0 
  1290:    0    0    0    0    2   -3   -1    0    0    0 
  1300:    0    0    0    0    0    0    0   -3   25   -4 
  1310: -105  -42  -20   -5   33  -23   17   23  -87    9 
  1320:   -7   29   75  -25  102  -27   42  -63 -181  227 
  1330:  511 -306 -455  -92 -429  -39 -106 -401 -211   29 
  1340:   -1    0    0    0    0    0   -1    3    0    0 
  1350:    0    0    0    0    0    0    0    0    0    1 
  1360:   -7 -113   29  -66  -16  -55  -82  -31   88  117 
  1370: -200  -13   31  -25  -91   10  109   83  -63  -29 
  1380:  -14  264 -198 -349  386 -245  201  377 -255   43 
  1390:  109   18   -2    0    0    0    0    0    0   -3 
  1400:    0    0    0    0    0    0    0    0    0    0 
  1410:    0    0   -2   10    1   35   93   15  -52   48 
  1420:    3  -69   32   11  -55   11 -153   31   50   41 
  1430:  -14   74   22   -7 -113  413 -349    3  354 -155 
  1440:  -99 -254   -7    3    0    0    0    0    0    0 
  1450:   -1    8    0    0    0    0    0    0    0    0 
  1460:    0    0    0    0   -3   22  -66  -71    0   22 
  1470:  114  -44   50  -82  -59   -4   22  -41    9   17 
  1480:   -7  -41   41  -23   36   25  167  -29 -119  333 
  1490: -292  -19   -8  207   68   -6    0    0    0    0 
  1500:    0    0    0   -3   -1    0    0    0    0    0 
  1510:    0    0    0    0    0    0   11  -84  -21  -29 
  1520:  -64   15  -95   61   10   15   95  -13  -16   33 
  1530:  -81   49   66   90  -66    9   10    1  -20  -24 
  1540:  208   19   32  -31   93 -181  -68    9    0   -1 
  1550:    0    0    0    0    1    0    0    0    0    0 
  1560:    0    0    0    0    0    0    0    0   -3   20 
  1570:   11   52  141    8 -109   65   50  -38  -16  -12 
  1580:  -80   48  -51  -43   53   34   39  -67   -2   58 
  1590:  -63    4  -14   -4    5   16  -51   -3    0    0 
  1600:    0    0    0    0    0    0    1   -4    0    0 
  1610:    0    0    0    0    0    0    0    0    0    0 
  1620:  -11   93  -95  157   47 -146   90 -113  -45  -44 
  1630:  -95   98   64   48  -83  -42    6    6  122   13 
  1640:   29  -12    5   35  -59   58  -54  -12  -67    3 
  1650:    3    0    0   -1   -2    0    0    0    0   -2 
  1660:    0    0    0    0    0    0    0    0    0    0 
  1670:    0    0    0   -4   13 -213   33   15  -63   65 
  1680: -180  -30    3   72  -32 -118   38  135   37   43 
  1690:   29   43   -7  -82   44   69   69  -91   28  -36 
  1700: -123   69    7    0    0    0    0    0    0    0 
  1710:    0    2    0    0    0    0    0    0    0    0 
  1720:    0    0    0    0    8  -71   55  -41   61   20 
  1730:   86 -116  -88    4   41  -27  -61   21  -60  -94 
  1740: -191   -4    9  -50   21 -176   29  -57   67   99 
  1750:  144  -25   58   50    0    0    0    0    0    0 
  1760:    0    0    0    0   -1    0    0    0    0    0 
  1770:    0    2    2    0    0   -1   15   28  -43  -71 
  1780:  -38   27  -25  -13   36   16  145 -179  -47   71 
  1790:   33    5   39  -12  -47  -31  -17  -16 -139   63 
  1800:   26   35   17 -117  -26   45    0    0    0    0 
  1810:    0    0    0    0   -2    4   -1    0    0    0 
  1820:    0    0    0   -2    1    0    1    0    0   12 
  1830:  -93  -18  -61   42  -54   35 -121    8  -47  -79 
  1840:  116  105  -19   44   22   16   11   28  -78   -6 
  1850: -113   -3  112  -59 -104   76   16  -62    4    0 
  1860:    0    0    0    0    0    0    0    3    0    0 
  1870:    0    0    0    0    0    0    0    0    1    1 
  1880:  -15  -30   25  105   48   18   36  -13 -111  -33 
  1890:   23  117 -158 -158 -152  145 -117 -184  -79   55 
  1900:  -42   46 -141   56  -43  -45  -17  -79  -53    8 
  1910:    0    0    0    0    0    0    0    0    0    0 
  1920:    0    0    0    0    0    0    0    0    0    0 
  1930:    0    0   12 -202  134   98  117  -17  -58   -8 
  1940:   46  -60  198  -52  197 -164  120  161   30   72 
  1950:  249  -68  -22  -60   16  -17  -44   59   -5   25 
  1960: -144   39   -5    0    0    0    0    0    0    0 
  1970:    1    0    0    0    0    0    0    0    0    0 
  1980:    0    0    0   -6   67  -72   52   72  -36  183 
  1990:  -68   18 -139  157   70  -23  152 -133  160   59 
  2000: -147 -168 -207  177   12   23  124  -23   29    6 
  2010:  -52   50   -1  -78    8    0    0    0    0    0 
  2020:    0    0    0    0    0    0    0    0    0    0 
  2030:    0    0    0    0    0   -8   53 -113  -15  175 
  2040:   47   12  201  -88   89  -92  -35   53    2  171 
  2050:  118 -236 -360  167  130 -103  -44   14  101   24 
  2060:   57   22   -5  -36   11   20   -2    0    0    0 
  2070:    0    0    0    0    1    4    0    0    0    0 
  2080:    0    0    0    0    0    0    0    1  -85   52 
  2090:  -33   -3   67 -249   30   57  116   98   26   95 
  2100:  -28   18 -154 -112  184  117  119 -105 -110 -183 
  2110: -131  111   64  -81   23  -21   94  -15    0    0 
  2120:    0    0    0    0    0    0    0    1    0    0 
  2130:    0    0    0    0    0    0    0    0    0  -20 
  2140:   65   79   69  -87  -31  -57  -31   -3   -5   50 
  2150:   81  -86   12   45  -93  -96  157 -383  -71   26 
  2160:   -6  150  102 -199  -11   55  -41   16   -9   48 
  2170:   -1    0    0    0    0    0    0   -1    1   -3 
  2180:    1    0    0    0    0    2    0   -2   -1   -4 
  2190:   12  -97 -186   61  110  140 -145  164 -233 -123 
  2200:   20  -53  -40   26   11 -100  -24   76 -201  191 
  2210: -136  -23  -25  -43 -157   92  -87   53  -59  -53 
  2220:   22 -204   16    0    1    1    1    0    0    1 
  2230:    0    3    0    0    0    0   -6  -17   -2    3 
  2240:    9   16   -3  162   -5 -195 -137 -253   29   55 
  2250:  -16  -22   -4   10   -3   21  -89   72  -97   46 
  2260:  -16  -95   80   62   91  -42   64   89  -11  157 
  2270: -225   45  -80  105  -54   -1    0    0    0    0 
  2280:    0    0   -3   -4    1    4   -5    0   47  -29 
  2290:    0   76    4  105  -86  -55  180  -22  -19   42 
  2300:   66 -105  -23  163  -64  -11   17    6  -48 -108 
  2310:   97  135  -58  -41  -67   40  -10 -105   56  -36 
  2320:   98 -250  224 -153    4   -5   94    7   -1   -1 
  2330:    0    0    0    0   -4   -2   59  -11   29  -31 
  2340:  121  -28   -4   48  -41  137  -50  -42   33   53 
  2350:  -96   60   80  -42   64  102   36 -142   30   72 
  2360: -121   32   24  -60   -5  -27   29  -29   29  -43 
  2370:  -15  107  -56   29   66  -87    9    3  -21    6 
  2380:    0    6   -1    1   -1    1    1   -2  -62  -13 
  2390:   61    0   39  -38    2   -3    7   97   36   31 
  2400:   33  -69  -48  -18   16   -5   25   14   29  -38 
  2410:  -14  -29    4    7   -8    6   -1    6   11   27 
  2420:   -3    8   -2   -6    0   -6  -14   31   -8  -60 
  2430:    1    4    0   -9   17    6  -11    3    0  -34 
  2440:  -15  -11   41  -24  101  -29  -22  -40    7  262 
  2450:  -79   35  -62  -84 -227   74   19   71  132  124 
  2460:   20 -147   42   26   23   -2    0   -5   -7   17 
  2470:    1  -13   -8   -6   16   15   16    3  -16  -21 
  2480:  -13   77  -17    0   -8   28  -49   -1    9    1 
  2490:    2  -21    4   -6   -3   -1 
