     0:    0    0    0    0    0    0    0    0   -2    3 
    10:   12    5   -2   -5   -5   -1    0    0    0    0 
    20:    0    0    0    0    0    0    0    0    0    0 
    30:    0    1    2    0    0    0    0    0    0    0 
    40:    0    0    0   -1   -1   -5   -4   -2   -3   -7 
    50:    3   -1   -2    0   -1    0    0    0    0    0 
    60:    0    0    0    0    0    0   -1   -2   -1    0 
    70:    0    0    0    0    0    0    0    0    0   -3 
    80:    3   -1    0   -1   -6    5   -3    1    8   -7 
    90:   -4    1    2    5    0    0    0    0    0    0 
   100:    0    0    0    4   -8    0    0    0    0    0 
   110:    0    0    0    0    0    2    3    9   16   18 
   120:   12   11    3    3   -4   -5   -6   -4   -1   -1 
   130:    1   -1    0    5    2    0    1    3   -4    6 
   140:    6   -4   -1    3    0    0    0    0    0    0 
   150:    0    0   -3    4    4    7   -2   -3    9   14 
   160:    8    3    7    6    0   -4   -4   -4   -2   -1 
   170:   -1   -1   -4   -4    1    0    0   -1    0    9 
   180:    6    0    0    0    0    0    0    1    1   -4 
   190:   -7   10   -7  -10    3    7   -5   -8   -2    1 
   200:    3    0   -8   -7   -5    2    2   -5   -9  -11 
   210:   -2   -6   -3  -10  -12   -4    9    4    2    0 
   220:    0    0    0    0    0   -8   -1    0    3   -3 
   230:    3    7  -12  -14   -9   -8   -3   -5    7    3 
   240:   -2   -5    4    5   -4   -9   -5   -8   -3   -1 
   250:   -8   -7   -9    2   19    3   -1    0    0    0 
   260:    0    5    4    0  -13    3   -6   -2   -7   -3 
   270:    0   13    3    0    4    9    4    0    3    2 
   280:    6    2    0   -7   -2   -5   -3   -6   -6   -4 
   290:   -7   -4   -6   -1    0    0    0   -2   -5    4 
   300:   11   -2    8    3    1    8   19   14   -4   -9 
   310:    5    3   -1    5   10    8   10    6    4   -1 
   320:   -1    6    5   -1   -4    7    1  -15  -11    8 
   330:    1    0    0    0   -2    0   -5   -2   -9    2 
   340:    2  -12   -8    1   -1   -4   10   -4  -13   -6 
   350:    8    2    5    7    4    3    0    9   14  -10 
   360:   -6    6    9   -2    5   -2    2   -3    0    0 
   370:   -1   -5   -2   -7  -10   -6   -1    8  -14   -3 
   380:    8   20    6   -7   -8   15    9    0   -1   -8 
   390:   -9   -3   -6   -4   -4   -5    4   -2   -5    4 
   400:   10    6    1  -13   -4    0    0   -1   -6    2 
   410:    5   -8  -15  -10   -2   -1    1    8  -12   -7 
   420:   11    7    9    5    0    4  -20    1    1   -6 
   430:   -2   -1    7   -9    0    0    6   -4   -4   10 
   440:    1    9    0    0   -3   -4   -7  -15    7    9 
   450:   -6   -3   10    8    0  -28   17    6  -20   -5 
   460:   10    0   -4    6    8    7    2    0    3    1 
   470:    3  -11   -9   15    0    7    8    9   10    0 
   480:    0   -1   -3  -11   -7   15  -12    4   21   16 
   490:    1    1    4   -3    0   -2    0    4   -6   -9 
   500:   -3   -8    2   -8    1    1    0    3   -2   -9 
   510:    1    1  -11   -4    6    9    5   -1   -3    1 
   520:    7   10  -13  -12    7    3    4    4   -8   -8 
   530:    3   -2   -6   -8    7   -4    0   -6    7   -1 
   540:   -1   -1   -7   -6    4    6    0   -2   -4   -8 
   550:   -5    2    8    0    0   -2    0  -11   -7  -13 
   560:   -4    1    1   -6    0    2  -15   -6    0    0 
   570:   -6    0    9   10   -5   -1   -4   12   15    7 
   580:    7    6   11    1    1   10   -4    5   -1    2 
   590:    4    0    1    7   -2    4   14    4   -4   -3 
   600:   11    0   -2    8    4   10    0   -6   -1    2 
   610:   -9    8    5  -10  -13    5    3    1    7    9 
   620:    6   -8    8   11    0    2    1    6    1    9 
   630:   -5    5    9  -23    0    4  -17   -8  -13   -4 
   640:    9   -3    3    0   -4    8    4   -1   14    0 
   650:    8   -4   -9  -11   -7   -6   -2    7  -10  -15 
   660:   -4   -9   -5   11    3    0    5    9    9   -1 
   670:    9    8    1   -7  -27  -26  -10  -12   -1   -9 
   680:   -1   -4   -5  -12   -3    9   -5   -1    0    1 
   690:    2   -1   -9   -1   -4   -6  -20  -13  -11    7 
   700:    2   -3    1    5   15    5   -5    1   -8   -8 
   710:    6   -1  -17  -19  -16   -8   -8    2    5    4 
   720:    1  -10   -7   -4    2    9   -3   -9   -4    1 
   730:    6   -7   -6   -7   -1    1   -3  -11   -4    1 
   740:    3   -1   -2    0    1    7    2   -3   -1    5 
   750:   -3    6    9  -15   -7   -6  -10    4    5   -5 
   760:    1    3    0    7   -8   -7   -2   -5   -6    4 
   770:    0   -2   -3   -1    2    1    0   -1   -7   -8 
   780:    7    2   -9  -12    1    0    9    4    2    3 
   790:    7    2   -3  -10   -7   -5    0    3    1    4 
   800:    0   -1   -3   -2    3    2   -4  -10   -5    4 
   810:   -4   -6    2    0    1    6    3   10    4   -1 
   820:    3   -1   -8    1   -6   -8    1    2   -1    1 
   830:    6    0    0   10    5   -4   -5   -8    1    5 
   840:    8   -4   -9   -4   -4    3   -4   -9   -2    1 
   850:    0    0   -9    2    6    2    8   10   -6   -4 
   860:   -7   -3    1   11   -1   -4    7    8   -8   -9 
   870:    0   -3    4    4    3   -7   -4    8   -8   -7 
   880:   -2   11   -3   -8  -10    1    0    0   -1    1 
   890:    5    9    7    8    7   -4   -4   -9  -15   -4 
   900:    3    2   -4    3    7   -6    0   -4   -9    4 
   910:   -3   -2   14    3   -1   -9   -4    4   13    4 
   920:   -7   -1    2    0    0   -2  -11    0    6    2 
   930:   -5    2   -2   -6    1    4    1    6    3    9 
   940:    1    3    4    9    1    3    0   11    7   -6 
   950:   -1    4   -6   -5    1    1   -4   -6   13    3 
   960:    0    0    0   -3    3    6    5   -7    0    0 
   970:   -1   -2  -13   -5   -9   -4   -1    0    6  -15 
   980:   -2   -7    6   14    0    8   10   11    1    7 
   990:   -2  -10   14    0   12   -1   -1    0    0    0 
  1000:    2    6    4   -3   -4   -4   -7   -3   -4   -9 
  1010:   -6   -3    3   -9   -5   -5   -7   -7   -9    2 
  1020:    4   13    6   -1   -6   -6   14    0    3    0 
  1030:   14    0   -4    0    0    0    0    0   -1   -3 
  1040:    4    3    0    3   21    1  -17   -5   -7    2 
  1050:    3  -12    2    3   -8   -7  -13   -9    1    1 
  1060:   -9   -3    2  -10   -5   -7   11   25   10    3 
  1070:    0    0    0    0    0    0    0   -1   -2    1 
  1080:   -4   15   -1  -11  -11   11   13    7   11   -5 
  1090:   -4   -5    1   -2   -1    2    2    8   11   -8 
  1100:   -1   -7   -6   -2   11   10   -1    0    0    0 
  1110:    0    0    0    0    0    0    5    9    8   15 
  1120:    7   -6  -11   -9   -7   -4    2    5   -4   -1 
  1130:    9    0    1    2    1    0    7    9    6   -1 
  1140:   -1   10    0    0    0    0    0    0    0    0 
  1150:    0    1   -3   -4  -12   -7    9   13    2    0 
  1160:   14    8    5    6    0    6    6    4    2    8 
  1170:    3   -3   -4   -8   -6    4    1    1    8    2 
  1180:    0    0    0    0    0    0    0    1    4  -10 
  1190:  -12   -8   -2    6    1   -7   -3  -15   -2    3 
  1200:    6   16    8    4    6    2    6   21    8    4 
  1210:    0    1    4   -5    1    3   -1    0    0    0 
  1220:    0    0    0    0    4    6   -1   -3    3    2 
  1230:    0    0   -4   -7   -7   -6    0    2   -3   -3 
  1240:   -5    4    2   -7    0   19   -1   -2    3    0 
  1250:    2   -5    6    1    0    0    0    0    0   -1 
  1260:    7    3   -8   -7    1    1   -2   17   12    3 
  1270:    5    5    3   -4  -13   12    0  -17  -23    0 
  1280:    3   -2   12   22    8   -3    0    0    1    0 
  1290:    0    0    0    0    0   -1    0    8    7    0 
  1300:    6   -4    5    9   -8  -18  -16   -8   -5    5 
  1310:    0    1   -3   -6    1    2   -6    4    8  -12 
  1320:    9    7   -3    0    0    0    0    0    0    0 
  1330:    0    0    0    0    0   -2    1    3    0    2 
  1340:   -3   -5   -3    1    3   -6    4    6    3   -2 
  1350:   -1   -1    7   -7    0   -3   -8   -5   -1    0 
  1360:    0    0    0    0    0    0    0    0    0    2 
  1370:    0    1    1   -4   -1    0   -2    0    1    2 
  1380:    0    0    2   -1   -1    0    1    1   -1   -1 
  1390:    3    1    0    3    1   -1   -1    0    0    0 
  1400:    0    0    0    0    0    0 
