     0:    0   -1    0    0    0    0    0    0    0    0 
    10:    0    0   -1    1   -1    0    0    1    0    0 
    20:    0    0    0    0    0    0    0    0    0    0 
    30:   -1    1    0    0    0    0    0    0    0    0 
    40:    0   -1    2    4    0    1    1    0    0    0 
    50:    0    0    0    0    0    0    0    0    0    0 
    60:    0    0    0    0    0    0    0    0    0    0 
    70:    0    0    0    0    0    0    0    0    0    0 
    80:    0    0    0    0    0    0    0    0    0    0 
    90:    0    0    0    1   -3   -2    0    0    0    1 
   100:   -1    0    0    0    0    0    0    0    0    0 
   110:    0    0    0    0    0    0    0    2   -3    0 
   120:    0    0    0    0    0    0    0    0    0    0 
   130:    0    0    0    0    0    0    0    0    0    0 
   140:    0    0    0   -1    3   -2    2    1    0    0 
   150:    0   -1    0    0    0    0    0    0    0    0 
   160:    0    0    0    0    0    0    0    2    3  -19 
   170:   -1   -3    2   -1    3   -2    2   -1   -4    1 
   180:    1   -1    0    0    0    0    0    0    0    0 
   190:    0    0   -1    0    0    3   -1   -2   -4    5 
   200:    1    0   -4   -2    1    0    0    0    0    0 
   210:    0    0    0    0    0    0    0    0    0    2 
   220:   -5    9  -13   12   -5    6    8   13   -2   12 
   230:   11    1    2    0   -2    4    0    4    1    1 
   240:    0    0    1    1    5   -1    1    5   -1    7 
   250:   -1    2    4    0   -1    3   -1    0    0    0 
   260:    0    0    0    0    0    0    0    0    0   -1 
   270:    2   -9    9   -6   -2   -4    9    0   -8   13 
   280:  -17    5    2  -10    0    4  -11    5    9    2 
   290:   -6    5    0   -2    0   -1   -3    0    1   -1 
   300:    2    1    0   -5    2    2   -1    0    0    0 
   310:    0    0    0    0    0    0    0    0    0    0 
   320:    0    0   17  -11    3    2    5  -11    4   -7 
   330:    0  -14   14  -14    5   24   -2  -10  -10   -3 
   340:   -7  -21    9  -13   11    0    2   -4   -7    6 
   350:    0   -1    0    0   -1   -2    1   -3    1   -3 
   360:    1    0    0    0    1    0    0    0    0    0 
   370:    0    0    0    1    0   10    3    5   12    2 
   380:   -3   -1    7   -1   -7    6   -5  -10   -1    7 
   390:  -10    2  -19   21  -29   35  -28    9   -6   -6 
   400:    9    2   -3   -2   -1    1   -3    0    3    2 
   410:   -2   -1    0    0    0    0    0    0    0    0 
   420:    0    0    0    0    0  -10   -2    1   -1   -8 
   430:   -8    7  -14    7    4    5  -19   11  -10   11 
   440:    2   -8   25  -28   21  -40   50  -13  -26   11 
   450:    4    9   -2   -8   -3    1    1    1    0    0 
   460:    0   -2    0    0    1    0    0    0    0    0 
   470:    0    0    0    0    0    0    3    4   18   -9 
   480:   17   -7   18  -10    3   -2   -2  -17   21  -19 
   490:    8   -1   -4    3  -14    8   -6   16  -23  -22 
   500:   11   10    2   -2   -4    5   -5   -5   -1   -3 
   510:   -2    0   -1    0    0    0    0    0    0    0 
   520:    0    0    0    0    0    0    0    0    0   -4 
   530:   -6    1    2    2    4    2   -2    6    2    6 
   540:    3    4    1    7    4  -23   -7   24  -25   17 
   550:   -7    0   17   19   -7    3    1   -3    0    0 
   560:    2   -5   -1    1    0    0    0    1   -1    0 
   570:    0    0    0    0    0    0    0    0    0    0 
   580:    5   -3    0   -7    7   -5    5   -9    3   -4 
   590:    8    0   -9    2    4  -14   -8   -3   23    2 
   600:    5    4    1    1    4    6   -5    4   -8    4 
   610:    2   -4    2    1    0    0    0    0    0    0 
   620:    0    0    0    0    0    0    0    0    0    0 
   630:    0    0    2    5    1    2   -4    3    3    1 
   640:    1   -6   -7    4   -6   -1   -7   -2    6    2 
   650:    5  -10    0   -3  -10    0    4   -8    2  -11 
   660:   11   -9    1    2    0    0    0    0    0    0 
   670:    0    0    0    0    0    0    0    0    0    0 
   680:    0    0    0    1    5    3   -2   -1   -2   -1 
   690:   -7    1    6   -6    1    3    4    0    2    3 
   700:   12   -1   -3    4   -2    0   10   -5    7    1 
   710:    4   -2    2    1    4    0    1    0    0    0 
   720:    0    0    0    1    0    0    0    0    0    0 
   730:    0    0    0    0    0   -2   -5    4   -5    3 
   740:    0    4    4    7    4   -4   -3  -10    0   -5 
   750:    6   -8   -6    0    1   -1    0    3   -3    8 
   760:   -2    4   -7    5    7    1   -5    9   -1    0 
   770:    0    0    0    0    0   -1    0    0    1    0 
   780:    0    0    0    0    0    0    0    0    1   -8 
   790:    4   -9    1   -3    6   -8  -12   10    2    6 
   800:    3    0    3   -8    6   -7    1    5   -3   10 
   810:   -3   -2    1    2   14    3    7  -11    7   -6 
   820:   -1    0    0    0    0    0    0    1    0    0 
   830:    0    0    0    0    0    0    0    0    0    0 
   840:    0    9   -6    6   -6    5  -10    2  -11    4 
   850:    6    2   -5    4    4    2    1    4   -3    0 
   860:   -3    0   -3   -7    6   -1   -6    4   -1   13 
   870:   -2    0   -1    0    0    0    0    0    0    0 
   880:    0    0    0    0    0    0    0    0    0    0 
   890:    0    0   -5    2   -1   -5   -1    1   11    5 
   900:    7    2   -5    1   -8    8  -11    2    6   -7 
   910:   -3    2    2   -1    2   14   -2    9  -13    4 
   920:   -3   -2  -11   -4    1    0    0    0    0    0 
   930:    0    1    0    0    0    0    0    0    0    0 
   940:    0    0    0   -1    8   -7    5    0   12   -8 
   950:   -4   -2  -13   -7    5   -2   12   -1    9    6 
   960:    4   -6    4    8    3    7  -13    0    0   -8 
   970:   14   -2   10   -5    2   -3    0    0    0    0 
   980:    0    0    0    0    0    0    0    0    0    0 
   990:    0    0    0    0    0    0    0  -20   12   -6 
  1000:    2  -12    8    2    6   -5    8   -6    5  -10 
  1010:    7   -2   -2    7    0  -11    0   -3    2   -2 
  1020:    2    5  -14   13   -3   -2    5   -3    2    0 
  1030:    0    0    0    0    0    0    0    0    0    0 
  1040:    0    0    0    0    0    0    0    1  -11   16 
  1050:  -11    8   -4   10    0   -2    4   -9   13    0 
  1060:  -11    7   -7    9    3    2   -1   12  -13   17 
  1070:  -10   -6   -7    3   -9    9  -12    5   -8    3 
  1080:   -8    1    0    0    0    0    0    0    0    0 
  1090:    0    0    0    0    0    0    0    0    0    0 
  1100:    5  -10   14    5  -10   -5    3   11  -10    0 
  1110:    2   -5    3   -3  -10    0   -7    6    5    1 
  1120:    1    7    1    4    9    3   11  -16    9   -6 
  1130:   -8    2   -1    0    0    0    0    0    0    0 
  1140:    0    0    0    0    0    0    0    0    0    0 
  1150:    0    0   -2   -6  -16    1    0   -4    4  -16 
  1160:   -7  -12    7   12   -2   -1   -2   -5    2   -4 
  1170:   -4   -6   11   12  -21   22  -10    7    3   -2 
  1180:  -12    7    0   11    3    0    0    0    0    0 
  1190:    0   -1    0    0    0    0    0    0    0    0 
  1200:    0    0    0    0    1   -6    7   -1   -6   11 
  1210:    1    2    2    3   -5    3   17   -6   -2    3 
  1220:    2    6   -1   -1   -1   -5    8  -14   -1  -16 
  1230:    7   -3  -11   -5    8    0    0    0    0    0 
  1240:    0    0    0    0    0    0    0    0    0    0 
  1250:    0    0    0    0    0    0    1    9    1   -5 
  1260:    7  -14    7    1    4    2  -11   11   -7    7 
  1270:    7   -3  -14   -4    6    0    5   -7    2   -1 
  1280:  -16   13    0    5    1   -2    0    8   -1    0 
  1290:    0    0    0    0    0    0    0    0    0    0 
  1300:    0    0    0    0    0    0    0    0    0   -9 
  1310:  -16    3   -4   -2   -5    3   -6   10    5    3 
  1320:   -5    1   -9    2    9  -10    1  -12    7    4 
  1330:   -3   11   12  -14    2    4    7    1  -11   -2 
  1340:    0    0    0    0    0    0    0    0    0    0 
  1350:    0    0    0    0    0    0    0    0    0    0 
  1360:   -1    8    9    2   14   -4   -2    0    7   -7 
  1370:  -26   -1    2   10  -12    3  -16    3  -13    9 
  1380:   -8   -3   13   -1    7  -12   -8   -6   12   -5 
  1390:   16    5    0    0    0    0    0    0    0    0 
  1400:    0    0    0    0    0    0    0    0    0    0 
  1410:    0    0    1    0   15   10    0   -9    8   -9 
  1420:   -5    1    6   -1    5   -3   -2   -5    3    0 
  1430:   11   -4    1   -1    5   -1   -2    4  -11    4 
  1440:  -24   -2  -11   -2    0    0    0    0    0    0 
  1450:    0   -2    0    0    0    0    0    0    0    0 
  1460:    0    0    0    0    0   -5  -15    7    7    0 
  1470:    0   -4    0   -1   -8    0    1   -8    8    4 
  1480:   -1    0    6   -4    0   -2    2   -4   13   -1 
  1490:   25   -7   -4   11   -6    2    0    0    0    0 
  1500:    0    0    0    0    0    0    0    0    0    0 
  1510:    0    0    0    0    0    0    0    1   -4    2 
  1520:    5  -13   15   -1   -1   -7   23   -6    0  -17 
  1530:   10    1   -5    1   -5   -3    1    5    1   -3 
  1540:   -3   -6   -7    3  -11    4   -3    1    0    0 
  1550:    0    0    0    0    0    1   -1    0    0    0 
  1560:    0    0    0    0    0    0    0    0    0    0 
  1570:    5  -11    1   11    1   -6   -7   -6  -13    6 
  1580:   -1    3   -6  -13   18  -13   -5   12  -10    3 
  1590:    0    1    1    0   -1   -2    5   -2    1    0 
  1600:    0    1    1    0    0    0    0    2    0    0 
  1610:    0    0    0    0    0    0    0    0    0    0 
  1620:    0    3    7    1    4    6   -3    0   -5   16 
  1630:  -10    7    8    6   -6   21    0   11   -7    0 
  1640:    5   -5    5   -4  -11    6   -5    8    0    1 
  1650:    0    0    0    0    0    0    0    0    0    0 
  1660:    0    0    0    0    0    0    0    0    0    0 
  1670:    0    0    0    1    5    7   -3   -6    0   -7 
  1680:    3    7  -12   14   -3   -7    9  -13   10  -22 
  1690:   -9    1   -5   10   -1    7   16   -5   13    1 
  1700:   -5    0    0    0    0    0    0    0    0    0 
  1710:    0   -1    0    0    0    0    0    0    0    0 
  1720:    0    0    0    0   -1    1   -8   12    3   -2 
  1730:   10    8   17    1    4    1    3    4   -9    9 
  1740:   13   10    6   -7   -9    3    4    3   -3   16 
  1750:   -9   -2    8   -4   -1    0    0    0    0    0 
  1760:    0    0    0    0    0    0    0    0    0    0 
  1770:    0    0    2    0    0    0    1   -1   -2    3 
  1780:    3    7  -12   -4   -1    5    1  -11    2    9 
  1790:   10   15   -8    3   15   -9   -1    1   -1   -4 
  1800:   -1   -4    6   -3   -3   -7    2    0    0    0 
  1810:    0    0    0    0    0    0    0    0    0    0 
  1820:    0    0    0    0    1    0    0    0   -2    9 
  1830:    6    8   15   -5    8   -7  -10    8    6    8 
  1840:   -5  -15   11   -9   14   -2    2    3   -1   -4 
  1850:    4    9  -20    3   -2    3   12   -4    1    0 
  1860:    0    0    0    0    0    0    0    0    0    0 
  1870:    0    0    0    0    0    0    0    0   -1    0 
  1880:    0    0   -6  -15   -7    1   -3    8   -1   -5 
  1890:    2   -2   -2   -1   -4   -3  -13   14  -16   -2 
  1900:    0    2    8    3    3   -3    1    6    2   -2 
  1910:    0    0    0    0    0    0    0    0    0    0 
  1920:    0    0    0    0    0    0    0    0    0    0 
  1930:    0    0    0    4   14    2    0  -11   -5    1 
  1940:   13   -9    3    4   -5  -16   21   -4    2    4 
  1950:   21   10   17   -5   -4   -2   11   -4    3   -3 
  1960:  -15   -1    0    0    0    0    0    0    0    0 
  1970:    0    1    0    0    0    0    0    0    0    0 
  1980:    0    0    0    0    5    9   -6    1   -5   -5 
  1990:  -11    6  -16    5   13    1   -1   -2  -19   -2 
  2000:   -2  -12   -1    4   -2  -12    4  -10    0    9 
  2010:   -6   -4    1   -2    1    0    0    0    0    0 
  2020:    0    0    0    0    0    0    0    0    0    0 
  2030:    0    0    0    0    0    0   -4    6   -6   -5 
  2040:    1  -10    3   -7   13   -9    0   -7    2    0 
  2050:   23   11    1   14   -5  -17    0   -9    2    8 
  2060:  -10    6    1    8    0    5   -1    0    0    0 
  2070:    0    0    0    0    0    0    0    0    0    0 
  2080:    0    0    0    0    0    0    0    2  -12    4 
  2090:    3   -1   -3    1  -10   -3   -3   -6  -13    5 
  2100:    5   10    5   -3   11  -25    1   20   -9    0 
  2110:   11    3   -1   -5   -7    3   -3   -6    1    0 
  2120:    0    0    0    0    0    0    0   -2    0    0 
  2130:    0    0    0    0    0    0    0    0    0   -3 
  2140:    5   -2   -5    0   13   -4    6   -6    0   -5 
  2150:    4    1  -14   -1    4    0   -1   -1    0   -3 
  2160:    2   12    3   -7    4    6    0   12  -10    0 
  2170:    0    0    0    0    0    0    0    0    0    0 
  2180:    0    0    0    0    0    0    0    0    0    0 
  2190:    0    4    1   -4   -8   -2   -4    2    4    7 
  2200:   -2   -3  -19  -15    5   -9  -14    6   -7    4 
  2210:   -4   -7    0   -8   -1   -1   -7    0   -1   -7 
  2220:   12    5   -2    0    0    0    0    0    0    0 
  2230:    0    1    0    0    0    0    0    2    0    0 
  2240:   -2    3    1    4    0   -5    3    8  -10    1 
  2250:   -3   -2   -9   -7   28    0   -3  -13  -14   13 
  2260:    5   -4  -12    5    6   -7  -15   13    0    5 
  2270:    7   12   -2    4   -6    1    0    0    0    0 
  2280:    0    0    0   -1    1   -1    0    0   -2    1 
  2290:    1    0    3   -3    1   -7    3  -15    1   -9 
  2300:   -1  -10   12   -8   -5    7    1  -11  -13  -10 
  2310:    1    2  -12   -5   12    0    1    0    6    4 
  2320:   -7    2   10   -4   11    0    2   -1    0    0 
  2330:    0    0    0    0    0    0   -1    2    0    1 
  2340:    1    0   -4    8    0    0    0    6    4    3 
  2350:    1   -6    6    0    0    3    4   -3   -2   -1 
  2360:    7    0    1    3    7   -5   -3    1   -2    0 
  2370:   -3   -6    1   -3   -6   -2   -2    5    0    0 
  2380:    1   -1    3    0   -1    0    0   -1   -2   -1 
  2390:   -5    2    3    1   -4    3   -1    0   -2   -4 
  2400:    0   -1    5    1   -3    0   -2    0   -3    2 
  2410:    1    1   -1    3   -1   -1    0    3   -5   -1 
  2420:   -4   -2    1    1   -2   -1    4   -3    5    0 
  2430:    0    1    2   -7   -1    2   -3    1   -1    2 
  2440:   -4    3    2    3   -5    0   -1    2    0    8 
  2450:   -2    2    3    0    3  -16   -6    2  -11    8 
  2460:   -8    2    1   15  -21    2    0    0   -2   10 
  2470:    3    3    5   11   -3    5    0   -6    0    7 
  2480:    8   -2   -7   -5    1    4    0   -9    2   -2 
  2490:    0   -5    4   -1   12   -7 
