     0:    0    0    0    0    0    0    0    0    0    0 
    10:   -5    6    4   15   -7   -1    1    0    0    0 
    20:    0    0    0    0    0    0    0    0    0    0 
    30:    0   -1    0   -1   -2    0    0    0    0    0 
    40:    0    0    0    0   -2   17   11   30  -24   14 
    50:    8  -17    5   -9    1    2   -1    1    0    0 
    60:    0    0    0    0    0    0    0   -1    1    0 
    70:    0    0    0    0    0    0    0    0    0   -1 
    80:    3   -3   29   -6    4   -6  -12  -31   14  -14 
    90:   -3   -5    5   11   -6    1    1    0    0    1 
   100:    0   -3    1  -19   13    7   -1    0    0    0 
   110:    0    0    0    0    0   -2   12    1   11    1 
   120:   -7    1    6   -9  -19   18  -19    8   -6   -4 
   130:   16  -14   -1   -5    9   -3  -11    0  -14    8 
   140:    1    9    7    0    0    0    0    0    0    0 
   150:   -1    4  -30   -3  -12    8  -11   17  -22   -4 
   160:   22   -7   22    2    9  -12  -12   14   -4   -6 
   170:    0    6   10  -29   12   -2   14    6   27  -29 
   180:    3   -5    0    0    0    0    0   -1    6  -18 
   190:   17   -5   96  -26   -7    0  -12   -7    0  -10 
   200:    4   -8    5   -6   10    4   15   -1   -2   10 
   210:   -4  -31  -18  -31   -3   -1   24   29   -1    0 
   220:    0    0    0    0    1   -9  -33   54  -24    4 
   230:   -5  -23   11  -10    9    3   -1    0  -21    7 
   240:    9  -11  -14    6   -8   -9    4    5  -11   -9 
   250:    0   23   -7  -25    7  -18    3    0    0    0 
   260:   -3   10  -59   22   67  -29  -17  -44  -42   -1 
   270:   -8   -2    6    4   -8   11   -8  -15    8   -1 
   280:   13   12    3   -5  -18   -9    1   10    9    1 
   290:   24  -25   22   -2    1    0   -1    3  -26  -19 
   300:   26   18  -39  -27   16   -4  -22  -29   -8   15 
   310:   -6   13  -28   -6  -13  -20    0  -32   15   12 
   320:  -10   -2   57   -1  -13   11   -5   -1    0  -20 
   330:   -1   -1    0   -3    0  -73   58   10   -5  -30 
   340:   20  -51   33   -5  -18    3  -24   29    0  -20 
   350:  -12   10  -10    3    1   -5  -18   25  -23   26 
   360:  -10   -2   10   23   -1   20   12   14   -1    0 
   370:   -1    7   31   62   26  -55   15   79   69   65 
   380:  -23  -11   23  -72   50  -29   23  -18  -31    0 
   390:   26    8   -1   17   27   -8    2  -22   -8   30 
   400:   -4   10   31   -1    4    0    0  -16   64    6 
   410:  -74  -61  -65   -9 -110  -94  -96  -66   47  -50 
   420:  -62   72  -15  -12   -6    5   -2  -27   -3    6 
   430:   -5   -1  -35   -7   19   -9   18    5    1   10 
   440:   17    0   -5    1  -16   53    7  -27   -9   33 
   450:   39   52   -8   72   80  -20  -44   53  -15  -86 
   460:  -37  -21  -39   34    4   24    0    1   -3    6 
   470:  -43   39    0  -48   -3    2  -12  -15   17   -2 
   480:    1  -15   54   19   24  107  -69   17   63   33 
   490:  -92  -97  -19   13  -16   14   44   -1   -3    5 
   500:  -23   46   29  -43   23  -22   63    7   -3  -43 
   510:   -1   -6   22   20   -1   10    5   -1   -6   14 
   520:  -72  -12  -62    6  -92  -53  -22   48   37   26 
   530:   -5   -7   -6  -38  -87  -54  -18   18   -9    9 
   540:   -9    5  -17   15   15   -5   61  -36   28   16 
   550:   -8    6   13  -15    4  -10   -2  -63 -136   -6 
   560:   19   94   60   -7  -26   20    9  -51   -5  -26 
   570:   45   56  -62  -13   63   63  -32   -5   11    1 
   580:    3  -22    2   46  -34   32  -30  -13  -24   29 
   590:  -26    5   -7   14    4  -34   61   16 -113  -55 
   600:    5  -13   49  -13   42   12   81  105  117   89 
   610:  -52  104   49  -14    5    0   -6    0    9  -12 
   620:   12  -28   19    0  -42   17    6   23  -15   19 
   630:  -37    2    8   17  103   74   10  -13   60  -80 
   640:  -22   45 -102   37   77   -2   54  -26   42  -14 
   650:   16  -15   34    2   -8    6    4  -26  -15   13 
   660:   21   23    0   -3  -13    2   20   -4   41    0 
   670:   13   60  -68  -34   -9  -10  -11  123  -72  -89 
   680:  -23   12  -39   10  -40   14   23   41   -5    6 
   690:   -9   -4   -1    4   -2   19    7   11    9   28 
   700:  -11   -9   -2  -17  -32    8  -35   33   -8   15 
   710:  107  -67  -25   27  -55  -92  -73  -24  -29  -54 
   720:   34  -19    4  -11    2    4  -14   -2  -18   -8 
   730:  -13  -23   17   10  -18   13  -15  -27  -10    1 
   740:  -22  -24   -1  -20   16  -19   47  -45   34   41 
   750:  -88 -122   -4   28    3   38   18   20    6  -15 
   760:  -13    4   10    0    7   -7    9   -8   -3  -17 
   770:   18   -5    0    6  -22   -2   -1  -23  -18    7 
   780:  -29   15  -41    0  -17  -31   25  -63  -19   12 
   790:   29  -20   34    0  -28   33  -14   24   -6   -2 
   800:   16    8  -13    2    3    4    0   17   23   10 
   810:  -20    6  -11    3   -3    1   -7   -5    1   -4 
   820:   37   27   -9    1   -7    0    3  -21  -21   -2 
   830:   20   -8   41   -1   15   -2   13   -6   17   10 
   840:  -12   -3    3   -2    1   -5   56   33   12   -2 
   850:    1   -6   19   -8   15   -4   11   19   13   15 
   860:  -20   28  -10   -5   21  -16   14    7   13    2 
   870:   -7  -11   12   -5    3    9   21  -17   10  -23 
   880:    1  -11   -9   -5    6    0    0    0   -1   23 
   890:    7   -2    3   18    9  -12  -26   21   17   14 
   900:    3   -4    0   13   -5    1   24   14    2  -13 
   910:   29    5    6   19   -2    3  -14    6    6  -15 
   920:  -24    3   20   -2    1    0   -8  -35    1    2 
   930:   21   -1  -36   28    8  -14   16   -5  -10   -3 
   940:   13    9    6   20   15  -15   23  -10   -7   10 
   950:  -10  -13  -12   -8    4   -7  -12   -9  -11   -3 
   960:    0    0    2  -11   -9    7  -10   14  -17   11 
   970:   25  -11    8    2  -20    9    9    1   26  -17 
   980:   -1    6   14   -4  -32    8    9    4   23   -1 
   990:    9    0    8  -24   -3    0   -5    1    0    0 
  1000:    0  -13  -13    0  -15   12   -3  -17  -10    5 
  1010:   -3   50  -30   32   -8  -11    2   -3  -22    4 
  1020:  -34    8  -20    8  -33  -21  -24   11   14  -34 
  1030:    1   28   -8    2    0    0    0    0    3    7 
  1040:   22   -6   11    6  -34    3  -21   -4  -22  -37 
  1050:   60  -46  -46   70  -37  -23  -13   27  -18   21 
  1060:   20   18  -37   20   -4   -6   -2   12   -6   16 
  1070:   -2    0    0    0    0    0   -1   13   -6   17 
  1080:  -19  -13  -34  -56    1   10  -38  -25  -20  -11 
  1090:   34   10  -24   -3    6   -4    1    1    3   -6 
  1100:  -16  -20  -12  -18    3   -5   -2    0    0    0 
  1110:    0    0    0    0   -2    2  -28  -15  -56    5 
  1120:    3  -21  -32  -27   -9  -21   -5   28   16    8 
  1130:   29    1   13    0    1   20  -72  -30    1   -5 
  1140:   15   -6  -21   -2    0    0    0    0    0    0 
  1150:    0    0    3   -6    5  -18  -44   27    7   -9 
  1160:   10   27    2   36  -13    4    0   -7    5  -11 
  1170:   -8  -26   24    3   25   -2  -12   -6    7   10 
  1180:    1    0    0    0    0    0    0    1    6    6 
  1190:    7  -53   54  -21   -5  -20    2  -26   15   11 
  1200:    0   15    5    1  -11   -3    5    7  -23   27 
  1210:   20  -15  -15  -12    1   -2    0    0    0    0 
  1220:    0    0   -1    2  -15   -9  -14  -35    7    0 
  1230:   -6   17   -2   -8   10   13    2  -13    9    6 
  1240:   34   56   -6  -25  -14   44    8   22  -31   -4 
  1250:   -5   -6   -9    1    0    0    0    0   -1    0 
  1260:    4   -8   18   -7   30   -6   19   -5  -41   22 
  1270:  -18    7  -34  -11    7    5  -23   10    2   -9 
  1280:   -5   16  -21   16  -19   -3    0   -1    1    1 
  1290:    0    0    0    0    0   -9    5  -29   48   34 
  1300:  -12  -29    6  -48   -4  -11   18   16   -1   -3 
  1310:    3   11    4    1   -5    5   14  -28   47  -49 
  1320:  -11    6   -1    1    0    0    0    0    0    0 
  1330:    0    0    1    4   -4   -9   -1  -13    8   13 
  1340:    0    8   11    1   -8   -2    1   -9    3    0 
  1350:    8    4    0   -4  -22   -3    7    8   -3    1 
  1360:    0    0    0    0    0    0    0    0    0   14 
  1370:   -2    5    7    5  -17   -7    2    0    6   -1 
  1380:    0    0   -2    0   -1    1    0    0   -2    2 
  1390:    0    4   -3    2   -3    1    0   -1    0    1 
  1400:    0    1    0    0    0    0 
