     0:   -7   -8   -6   -5   -9   -7   -9  -12  -12  -12 
    10:   -9  -11  -14  -16  -16  -16  -21  -19  -20  -19 
    20:  -20  -19  -21  -22  -22  -21  -19  -21  -20  -19 
    30:  -18  -16  -15  -16  -15  -15  -15  -15  -16  -13 
    40:  -13  -12  -12   -7   -6   -7   -7   -7   -4   -6 
    50:   -6   -4   -1   -1   -1   -1    0   -1    0    0 
    60:   -1   -1   -1   -1   -1    0   -1    0    0    1 
    70:    0    0    0    1    2    2    1    2    3    3 
    80:    3    4    4    4    4    4    4    4    4    4 
    90:    4    5    5    5    5   -2    4    5    5    3 
   100:    3    5    5    5    0    0    0    0    0    0 
   110:    0    0    0    0    0    0    0   -1   -1    0 
   120:    0    0    0   -1    0    0    0   -1   -1   -1 
   130:   -1   -1   -1   -1   -1   -1   -1   -1   -1   -1 
   140:   -1   -1   -1   -1    0   -1   -1   -1    0   -1 
   150:    0    0    0    0    0    0    0    0    0    0 
   160:    0    0    0    0    0    0    0    0    0    1 
   170:    0    0    0    0    0    0    0    0   -1    0 
   180:    0    0    0    0    0    0    0    0    0    0 
   190:    0    0    0    0    0    0    0    0   -2    3 
   200:   -1    0    0    0   -1    0    0    0    0    0 
   210:    0    0    0    0    0    0    0    0    0    0 
   220:    0   -4    1    2    0    0   -2   -1    0   -3 
   230:    0    1    2    0   -1    0    0    0    0    0 
   240:    0    0    0    0    0    0    0    1    3    2 
   250:    6    1    1   -4    3    1    0    0    0    0 
   260:    0    0    0    0    0    0    0    0    0    0 
   270:    1    1    1    2    0    0    1    2    0   -1 
   280:    2    9   -5   -6   -3   -1    7    1   -1    0 
   290:   -1    1    0   -1    0   -1    1   -1    0   -1 
   300:    0   -2   -2    2    3    0    1   -2    0    0 
   310:    0    0    0    0    0    0    0    0    0    0 
   320:    0    0    0    2    0    1    1    2    3    4 
   330:   -2   -2   -1   -1    2  -10    5    5   -3    3 
   340:    6    1   -1    0    1    6   -3    0    1    2 
   350:    0   -3    1    0    2   -1   -3    1    0    1 
   360:    0    0    0    0    0    0    0    0    0    0 
   370:    0    0    0    0    4    4    1   -2    0    1 
   380:    1    3    0    0   -1    1   12   22   -8    3 
   390:    3    2    0   -3    5    0    5   -4   -2   -1 
   400:   -1    0   -1    1    0    0   -1   -1    3   -2 
   410:    3   -3    1    0    0    0    2    0    0    0 
   420:    0    0    0    0    0    0   -1   -8   -1   -3 
   430:   -5   -5   -1    0    0   -5    1   -4  -12   -8 
   440:    6   -2   -1   -5    1   -4    0   -2   -3    4 
   450:    0   -1    1    0    0    1    0    0   -2    1 
   460:   -1    4    0    0    0    0    0    0    0    0 
   470:    0    0    0    0    0    0   -1    6   -5    0 
   480:   -1   -2   -2   -3   -3    4   -2   -3   -2   -2 
   490:    0    1  -16    2   -1   -1    3    1    3    4 
   500:    5   -2    0   -1    1   -2    0    0    1   -1 
   510:    2    1    0   -1    0    0    0    0    0    0 
   520:    0    0    0    0    0    0    0    0    1    2 
   530:    2   -1    3    2   -1    2    1    4    0    3 
   540:    1    0    7    3   17   -1   -1   -1   -2    1 
   550:    1    4   -2   -1    0   -4    1    2   -2    0 
   560:    0    1   -1   -1    0    0    0    0    1    0 
   570:    0    0    0    0    0    0    0    0    0    0 
   580:   -2    1   -2   -5   -6   -3   -2   -3    1    1 
   590:   -2   -3    1   -1   -3    3  -10    1   -3   -1 
   600:    0    0   -4    1   -1   -2   -1    1    0    1 
   610:    2    0   -1   -2    0    0    0    0    0    0 
   620:    1    0    0    0    0    0    0    0    0    0 
   630:    0    0    7    3    3   -3    0   -1   -3    2 
   640:    0    0    6    0    5   -2   -1    1    0   -2 
   650:    4   -3   -2    2    2    0   -1   -2    3   -1 
   660:   -1    0   -1    0    0   -1    0    0    0    0 
   670:    0    0   -1    0    0    0    0    0    0    0 
   680:    0    0    0    0   -6   -2   -3    2    0    2 
   690:    0    0   -2    0   -1    1   -2    2    1    0 
   700:   -2    0   -5    0    0    0   -1   -1    0    2 
   710:   -2   -1    2    0    1   -1    0    0    0    0 
   720:    0    0    0    0    0    0    0    0    0    0 
   730:    0    0    0    0    0    0    0    1    5    2 
   740:    2    0    3    1    0   -1    3    1    2    1 
   750:    3    3    2    2    2   -2    1    0    4   -1 
   760:    1    0    2    0    1    2   -1   -1    0    0 
   770:    0    0    0    0    0    1    0    0    0    0 
   780:    0    0    0    0    0    0    0    0    1    0 
   790:   -2   -2    0    0   -2    0   -4    0   -2   -3 
   800:    0    0   -1   -2    0    0   -1    0   -1   -4 
   810:   -1    4    1   -3    0   -1   -1    1    1   -1 
   820:    0    0    0    0    0    0    0   -1    0    0 
   830:    2    0    0    0    0    0    0    0    0    0 
   840:   -2    0   -3    1   -5   -3    3   -1   -3   -3 
   850:   -2   -2   -1    0   -3   -1   -3   -1   -2   -1 
   860:   -3   -4   -2   -2   -1   -3   -3   -3   -2    0 
   870:    0    3   -1    0    0    0    0    0    0    0 
   880:    0    0    0    0    0    0    0    0    0    0 
   890:    0    0   -2   -1    2    0    0    0    1   -1 
   900:    3    2    0    4   -1    3    0    3    1    1 
   910:    2   -1    1   -1    0    0   -2    3    0    1 
   920:   -1   -2    4    0    2    0    0    0    0    0 
   930:    0    0    0    0    0    0    0    0    0    0 
   940:    0    0    0    0    0    2   -3    0   -5    0 
   950:   -2    0   -4   -2    0    0   -3    5   -5    2 
   960:   -1   -5   -1    2   -1   -1    1   -1    0    0 
   970:   -1    3    0    6   -2    1    1    0    0    0 
   980:    0    0    0    0    0    0    0    0    0    0 
   990:    0    0    0    0    0    0    0   -8    3    0 
  1000:    2   -4   -2    0    0   -2    0    3   -1    1 
  1010:    3   -5    1    1    4   -5    1   -1    0   -2 
  1020:   -1   -2   -6   -1    0    0    1    0    1    0 
  1030:    0    0    0    0    0    0    0    0    0    0 
  1040:    0    0    0    0    0    0    0    0   -1    9 
  1050:    4    5   -3    2    9   -1   -1   -3   -1    5 
  1060:   -3    0    0    3    0    2   14    9   -1    0 
  1070:    0   -2   -2    1   -2    3    2    2   -2   -2 
  1080:   -2    0    0    0    0    0    0    0    1    0 
  1090:    0    0    0    0    0    0    0    0    0    0 
  1100:    0   -4   -8   -5    1    0   -6   -3   -6    0 
  1110:    1   -7    0    5    3   -3   -7    1   -9  -12 
  1120:    4    0    1   -1   -5    3    0   -4   -1    2 
  1130:   -3   -1    2    0    0    0    0    0    0    0 
  1140:    0    0    0    0    0    0    0    0    0    0 
  1150:    0    0    1  -10   -3   -1   -1   -3    0   -2 
  1160:   -4    1   -1    5   -8    1   -9   -6    6    2 
  1170:    4    9   -3    4   -7    0    2   -1   -7   -2 
  1180:    2   -4   -3    1    1    0    0    0    0    0 
  1190:    0    0    0    0    0    0    0    0    0    0 
  1200:    0    0    0    0    0    5    1    2   -6    2 
  1210:   -3    1    1   -8   -3   -3    8   -5    0    1 
  1220:   10    0   -3   -3    8  -11    8   -6   -2    1 
  1230:   -2    5   -7    5    0   -5    0    0    0    0 
  1240:    0    0    0    0    0    0    0    0    0    0 
  1250:    0    0    0    0    0    0    0    1    5   -5 
  1260:   12    8    5   -2    0    5   13   -7   -2    6 
  1270:   -3    6   -9   -7   14    6  -14    7   -3   -6 
  1280:    3   -2   -6   -3   -1    3   -3   13    0    0 
  1290:    0    0    0    0    0    0    0    0    0    0 
  1300:    0    0    0    0    0    0    0    0   -1    7 
  1310:   -5   -1   -6    4   -5    6    5  -17  -13    2 
  1320:    1    1    0    0    2    3   -2  -14    8   -1 
  1330:    5   -4   -5    1    1    0    2   -1   -2   -6 
  1340:    0    0    0    0    0    0    0    0    0    0 
  1350:    0    0    0    0    0    0    0    0    0    0 
  1360:    0   -2    3   -8   -2   -6   -4    6   -7    0 
  1370:   -2   -6   12   -1   -4    0   -8    2    2    1 
  1380:  -11   -1   -4    3   -5   -4    6   -4   -6    0 
  1390:   -1   -1    0    0    0    0    0    0    0    0 
  1400:    0    0    0    0    0    0    0    0    0    0 
  1410:    0    0    0    0    5    7    2   -4    1   -9 
  1420:    7    0   -4   -4    1    0    1    0    4   -5 
  1430:    1   -4    4   -6    8   -2    1    6    4    7 
  1440:   -3    0    0    0    0    0    0    0    0    0 
  1450:    0    0    0    0    0    0    0    0    0    0 
  1460:    0    0    0    0    0    0   -2   -1   -4    6 
  1470:    4    5    2    2    2    0    0   -6   -4   -2 
  1480:    1    3    0   -2   -2    2   -8   -1    3   -4 
  1490:   10   -4   -4   -3   -2    0    0    0    0    0 
  1500:    0    0    0    0    0    0    0    0    0    0 
  1510:    0    0    0    0    0    0    0    0    2    6 
  1520:    2    0   -5   -1    0  -13   -2   -3   -1    6 
  1530:    1    0   -1    2    0   -1    2   -5    0   -5 
  1540:   -7   -1  -10    2   -4   10   -2    1    0    0 
  1550:    0    0    0    0    0    0    0    0    0    0 
  1560:    0    0    0    0    0    0    0    0    0    0 
  1570:   -8   -2    2   -2  -11    4   -9    6    2    9 
  1580:    6  -11    5   -5    1   -9    2    1   -2    1 
  1590:    3   -2    2    1   10   -3   -3   -4   -2    0 
  1600:    0    0    0    0    0    0    0    0    0    0 
  1610:    0    0    0    0    0    0    0    0    0    0 
  1620:    0    0    0    2    0    6    2   10   -2   -8 
  1630:   -2   -2   -6    9   -2    5   -4   10  -13    0 
  1640:   -1   -4   -6    0   -2    1   -1   -1    0    1 
  1650:    0    0    0    0    0    0    0    0    0    0 
  1660:    0    0    0    0    0    0    0    0    0    0 
  1670:    0    0    0   -1    3    4    4   -3    1   -2 
  1680:    2   -1    1    4    5   -2    5   -6    6    5 
  1690:   12    7   -7   11   -3    3    1   -2   -3    7 
  1700:    4   -2    1    0    0    0    0    0    0    0 
  1710:    0    0    0    0    0    0    0    0    0    0 
  1720:    0    0    0    0    0    0    1   -3   -5    7 
  1730:   -4    4    2    1    0   -4    1    0   -4    4 
  1740:    1    2   -7   10    1   -4    7    0  -10    4 
  1750:    6   -5   -6    4    1    0    0    0    0    0 
  1760:    0    0    0    0   -1    0    0    0    0    0 
  1770:    0    0    0    0    0    0    0    1    2   12 
  1780:    1   -2    7    3    4    9    5    1    1    0 
  1790:   -1   11   -1   -3    0    3   -3   -3   -9    6 
  1800:   11   -1   -5    8    7    7    2    0    0    0 
  1810:    0    0    0    0    0    1    0    0    0    0 
  1820:    0    0    0    0    1    0    0    0    0   -1 
  1830:    1   -5   -1    0    0   -3   -3    0    0   -6 
  1840:   -3    1   -1   -2   -4    5    2   -5   -1    3 
  1850:    3    3   -2   -2    4   -4   -5   -4   -1    0 
  1860:    0    0    0    0    0    0    0    0    0    0 
  1870:    0    0    0    0    0    0    0    0    0    0 
  1880:    0    1    6    1    7   -2   -1    3    0    8 
  1890:    1    3    5    7    4   -1    0   -4    0    0 
  1900:   -2   -3    0    0   10   -9   -7   -4   -2  -11 
  1910:    1    0    0    0    0    0    0    0    0    0 
  1920:    0    0    0    0    0    0    0    0    0    0 
  1930:    0    0    0   -2    7   -4   -2   -1   -8   -2 
  1940:   -4   -6    2   -5    5    5    1    0   -4    0 
  1950:    0   -1    0    0   -7    1   -9    2    8   -1 
  1960:    0   -2    0    0    0    0    0    0    0    0 
  1970:    0    0    0    0    0    0    0    0    0    0 
  1980:    0    0    0    0    0    0    2    1   -7   -1 
  1990:    8    7   -4    8   -1    4   -7   -2   -3    1 
  2000:   -3    0    3    0    8    1   -1   -9   -6    3 
  2010:   -5   -8    0   -2    0    0    0    0    0    0 
  2020:    0    0    0    0    0    0    0    0    0    0 
  2030:    0    0    0    0    0    0    0    3   10   -3 
  2040:    5    4    0    4    3   -7   -8   -6    8    1 
  2050:    2    5    1   -8   -1   -2   -5   -7   -9    2 
  2060:    2    2    1    6   -4    2    0    0    0    0 
  2070:    0    0    0    0    0    0    0    0    0    0 
  2080:    0    0    0    0    0    0    0    0    0   -3 
  2090:    4    0   -1   -4    0   -1   -3    5    3   -5 
  2100:    2    7    0    0   -2    2   -1    0    5    0 
  2110:    0    2   -4    6   -6   -2    1    5    0    0 
  2120:    0    0    0    0    0    0    0    0    0    0 
  2130:    0    0    0    0    0    0    0    0    0    0 
  2140:   -2   -3    0   -3   -1    3    3   18    1    4 
  2150:    4   -3    3   -4    1    0   -2   -1    4    8 
  2160:   -6   -2   -3   -6    0   -3    2    9    7   -1 
  2170:    0    0    0    0    0    0    0    0    0    0 
  2180:    0    0    0    0    0    0    0    0    0    0 
  2190:    0    0    5    4   -2   -2    1    1   -3   -6 
  2200:    8   -5   -4    1    1    9   -5    3   -1   -5 
  2210:    2    1    1   -1   -2    5   -2   10    6    8 
  2220:    2    8    0    0    0    0    0    0    0    0 
  2230:    0    0    0    0    0    0    0    0    0    0 
  2240:    0    0    0    3    0    1    3   -1    1    1 
  2250:    0   -2    8   14   10    0   -1    5    1   -8 
  2260:    0    1    2    1    1    4    4    0    0   -8 
  2270:   -9   -5   -2    4   -3    0    0    0    0    0 
  2280:    0    0    0    0    0    0    0    0    0    0 
  2290:    1   -1    2    1    2   -2    3  -10    0    1 
  2300:   -8    5    1    3   -3   -9  -13  -10  -11   -8 
  2310:   -6    3   -7    0   -2   -9   -7   -9    3    0 
  2320:    3    3   14   14    8    2   -1    1    0    0 
  2330:    0    0    0    0    0    0    0   -1   -1   -1 
  2340:   -2    1    1    1    1    5    2    1    0    5 
  2350:    0   -3    0   -1   -1   -5   -5    7    2    2 
  2360:    8    1   -1   -5    2   -5    7   -8   -2    3 
  2370:   -5    1   -3   -2   -3   -2   -1   -4    2    0 
  2380:    0   -1   -1   -1   -1   -1   -1   -1    0    0 
  2390:    6    3   -2    2   -2    2    0   -2    1   -7 
  2400:    2   -1   -4    1   -3    0    6    2   -3   -2 
  2410:   -2    3   -4   -1   -4   -4   -3   -3  -16  -17 
  2420:   -1   -9    0    6    5    3    7    2    5    5 
  2430:    0    5    5    6    6   10    4    8    6    7 
  2440:    3   -4    0    1   -7   -1   -6    1   -8   -3 
  2450:   -5   -8  -12   -8  -10   -1   -6   -9  -13  -12 
  2460:   -4   -2   -5   -5   -5   -2   -2   -2   -2  -15 
  2470:  -38  -38   -7   -4   -3    1   -3    0    4    4 
  2480:    3    4   -1    4    4    4    3    9    7    8 
  2490:   10   11    6    6   -6   -2 
