     0:    0    0    0    0    0    1    0    0    1    0 
    10:    0    0    0    0    0   -1    0   -2    1    0 
    20:    0   -1    0    0    0    0    0    1    0    0 
    30:    0   -1    0    0    1    1    0    0    0    0 
    40:    1    0    1    3    0   -1    0    0    0   -1 
    50:   -1    0    0    0    0    0    0    0    0    0 
    60:    0    0    0    0    0    0    0    0    0    0 
    70:    0    0    0    0    0    0    0    0    0    0 
    80:    0    0    0    0    0    0    0    0    0    0 
    90:    0    0    0    0   -2    3    0    0    0    0 
   100:    0    0    0    0    0    0    0    0    0    0 
   110:    0    0    0    0    0    0    0    1   -1    0 
   120:    0    0    0    0    0    0    0    0    0    0 
   130:    0    0    0    0    0    0    0    0    0    0 
   140:    0    0    0    0    1    0    0   -4    0    0 
   150:    0    0    0    0    0    0    0    0    0    0 
   160:    0    0    0    0    0    0    0    0    0    1 
   170:   -4   -1    0    0    0    0    1   -1    0    0 
   180:    0    0    0    0    0    0    0    0    0    0 
   190:    0    0    0    0    0    0    2   -6    1   -1 
   200:    0    3   -5   -3    1    0    0    0    0    0 
   210:    0    0    0    0    0    0    0    0   -1    5 
   220:    4    0   -7   -3    1   -1   13    1    5   -6 
   230:   -1    1    4   -2   -1    2    2    0    0    0 
   240:    0    0    0    0    1    0    2    2   -7   -2 
   250:   -3   -2    5    3   -1    3    0    0    0    0 
   260:    0    0    0    0    0    0    0    0    0    0 
   270:    1    5    1    5   -9    4   -8   10    1    9 
   280:    0    4    3    3    0    1   -7    9   -2   13 
   290:    0    6   -2   -1    2    1    0   -1    3    6 
   300:   -1    0   -3    1    4   -1    0    4    0    0 
   310:    0    0    0    0    0    0    0    0    0    0 
   320:    0   -2    3    0    5   -3   -1    5   -8    1 
   330:  -11   13    1    1    6   -3    7    1   -4   16 
   340:    1   17    8    0    3    7    3   -1   -5    5 
   350:   -1    2    0    0    0   -2   -2    0   -1    3 
   360:    0    0    0    0    0    0    0    0    0    0 
   370:    0    0    0   -1    3   -6    4   -6    6   -4 
   380:    4   -4    3    0   14   -5    1   -2    5   -2 
   390:   -8    2    2    1   -3    5    5    5    0   -3 
   400:   -6    8   -1    5   -1    0   -3   -4    2   -3 
   410:    6    0    0    0    0    0    0    0    0    0 
   420:    0    0    0    0    0   -2   -2    7   -7   -2 
   430:   -4    2    1   -4    5    6   -2    7   -8   -5 
   440:    2  -10   13  -10    5   -4    2   11  -13    4 
   450:   -7   -2    3    2    0   -1    0    1    0   -1 
   460:    7    0    1   -1    0    0    0    0    0    0 
   470:    0    0    0    0    0    0    0    1   -1    1 
   480:    0    0   -8   -2   -3    3    2    0  -10    9 
   490:   -3   11   -7    0    9  -18   11  -15   25   -1 
   500:  -24    4   -5    8   -9   -2    3   -2   -1    1 
   510:    2   -1    1    1    0    0    0    0    0    0 
   520:    0    0    0    0    0    0    0    0    2    2 
   530:   11   -1    6   -6    1   -2    2    2    2   -8 
   540:    2   -4    4   11   -1   -3  -10    2   -1   -6 
   550:    5  -11  -13    8    1    3   -8   -3    6   -4 
   560:   -7   -2    2   -1    0    0    0    0    0    0 
   570:    0    0    0    0    0    0    0    0    0   -1 
   580:    5   -1    3   -2    3    1    0    7   -1    0 
   590:   -1   -9    7   -3    2    4   -5   -4  -11   11 
   600:   -4   -7    4   -5   -8    6    4    9   -5    1 
   610:    3   -2   -2    0    1    0    0    0    0    0 
   620:    0    0    0    0    0    0    0    0    0    0 
   630:    0    0   -1    1   -4    2    4    0   -3   -3 
   640:    2   -2    1   -4    3   -4    0    2   -5   -3 
   650:   -3    6    2   -8   -1   -1   -6   -1    1    6 
   660:   -9   -1   -2    0    0    0    0    0    0    0 
   670:    0    0    0    0    0    0    0    0    0    0 
   680:    0    0    0    2   -1    9   -6   -3    0    4 
   690:    4    0   -3    6    2    2   -3    6   -4   -1 
   700:    5   -1    3   -7   -6   -1   -2   -2    0    0 
   710:   -3   -9    9   -3    1    1    0    0    0    0 
   720:    0    0    0    0    0    0    0    0    0    0 
   730:    0    0    0    0    0    2   -1    4   -1    0 
   740:    3    0    5    3    2    0   -1    0    1   -1 
   750:    1    3    5    4    3    6   -5    2    2   -7 
   760:   -3   -3    3   -1    0    1   -1    2    1    0 
   770:    0    0    0    0    0    0    0    0    1    0 
   780:    0    0    0    0    0    0    0    0   -5   -7 
   790:    1    3   -2    1    3    1    3   -4    2  -13 
   800:    4   -2    3   -6    2    0    2    2    1    7 
   810:    2    4   -3   -3    4    0   -3   -1   -2   12 
   820:    0    0    0    0    0    0    0    0    0    0 
   830:    0    0    0    0    0    0    0    0    0    0 
   840:    8   -8   -3   -2    3    5    7    2    2   -1 
   850:   -2  -13    5   -6    1   -4   -2   -3    3    0 
   860:    0    0    3   -7    7    0   11   -4    6    2 
   870:    6   13   -1    0    0    0    0    0    0    0 
   880:    0    0    0    0    0    0    0    0    0    0 
   890:    0    0    4    0   -2   -7   -2    6   -2    0 
   900:    2    8   -1  -13    5  -10    3    2   -6    4 
   910:    2    4   -1    1   -2   -6    6   -4   -2    2 
   920:   -4    4    2    5   -3    0    0    0    0    0 
   930:    0    0    0    0    0    0    0    0    0    0 
   940:    0    0    0    0   -3    0   -4    0    0    7 
   950:   -5    5    5    6   -1    6   -5    7    1   -4 
   960:   -3   -2    6    0    2    0   -1   -4   -1    0 
   970:   -1   -2    1    6   -4   -1   -2    0    0    0 
   980:    0    0    0    0    0    0    0    0    0    0 
   990:    0    0    0    0    0   -1    6   -3   10    1 
  1000:    2   -5    0   -5    0    4   -3    4   -6    5 
  1010:   10   -2   -4   -8    4    3   -2   -3    5    4 
  1020:    2   -5    5   -2   -4    1   -4   -6    2    0 
  1030:    0    0    0    0    0    0    0    0    0    0 
  1040:    0    0    0    0    0    0    0    0    2   -1 
  1050:    8    1    1    0    4    1    2   -4    2   -4 
  1060:   -7    2   -1   -1    1   -6    7   -2    0  -11 
  1070:   12    2    0    5  -13    5   -6    0    4    1 
  1080:    1    0    0    0    0    0    0    0    0    0 
  1090:    0    0    0    0    0    0    0    0    0    0 
  1100:   -2    6   -3    3   -4    3    0    8    1    0 
  1110:    6   -5    3   -1   -5   12    1    2    0   -3 
  1120:  -13   -9   12   -5    1    2  -11    6   -8    4 
  1130:    0   -4   -4    0    0    0    0    0    0    0 
  1140:    0    0    0    0    0    0    0    0    0    0 
  1150:    0    0    2   -3   -5    3   -2   -3    9    0 
  1160:   -3    5    3   -6    2    1  -10    7    3   -2 
  1170:    5    0  -17    4    2   -2    3    4  -11    1 
  1180:   -2    0   -6   -5   -1    0    0    0    0    0 
  1190:    0    0    0    0    0    0    0    0    0    0 
  1200:    0    0    0    0    2  -10    4    0   -8  -12 
  1210:   -1    4    2   -2    2   -4  -14    5   -6   -4 
  1220:    0  -10    5    3    2    5    2   -1    4   -7 
  1230:   -4   -5   -6    1    7   -4    1    0    0    0 
  1240:    0    0    0    0    0    0    0    0    0    0 
  1250:    0    0    0    0    0    0    1  -10    9    3 
  1260:   -2    0   -4    0    2   -1    2    2   10   -6 
  1270:    2   14   -2    2    5    3  -10   11   -2  -12 
  1280:    8  -10   -1    1    2   -3    5    4    0    0 
  1290:    0    0    0    0    0    1    0    0    0    0 
  1300:    0    0    0    0    0    0    0    0    1    2 
  1310:   -1    0    0   -7   -2   -2    1    5   -7    7 
  1320:    2    0   -1  -10   -8    3    1   -5    5    1 
  1330:   -4  -13   -5   -8   -1   -7   -2   -5   -1    4 
  1340:    0    0    0    0    0    0    0    1    0    0 
  1350:    0    0    0    0    0    0    0    0    0    0 
  1360:    0   -2   -4   -5    1   -8    1   -3    7   -4 
  1370:    2    6   -8   -3  -12   -4   -1   -8   -1   -8 
  1380:    4   -6   13    3   -9    0   -4    2    7    0 
  1390:   12    2    0    0    0    0    0    0    0    1 
  1400:    0    0    0    0    0    0    0    0    0    0 
  1410:    0    0    0    0    6   -1   -1   -6    4    2 
  1420:    5   -2   -1   -3    3    4   -7    2   -1    3 
  1430:  -12    1    3   -8    2    6   -1    6  -15   -2 
  1440:   12   -4   15    0    0    0    0    0    0    0 
  1450:    0   -1    0    0    0    0    0    0    0    0 
  1460:    0    0    0    0    0    1   21    3   -2   -3 
  1470:    9   -1    2   -1    2    5   -4    4   -2   -2 
  1480:    0    2   -2    5    0    0    0    4   -3    1 
  1490:   -5    3   -6  -10    2   -2    0    0    0    0 
  1500:    0    0    0   -1    0    0    0    0    0    0 
  1510:    0    0    0    0    0    0    0    0    4    6 
  1520:    8    7    1    3    7    8   -2    7    3    0 
  1530:   13    5   -7    6   -2   -1    1   -4   -2    3 
  1540:   -1    1    8   -2   -8    5   -2    0    0    0 
  1550:    0    0    0    0    0   -1    0    0    0    0 
  1560:    0    0    0    0    0    0    0    0    0    0 
  1570:    4    1    1  -11    3    5    6  -13   12   -1 
  1580:    3    1    8    5   -8    2   -3   -1   -5   -1 
  1590:    0    0    0    0    3    0   -5    2   -1    0 
  1600:    0   -1   -1    0    0    0    0    0    0    0 
  1610:    0    0    0    0    0    0    0    0    0    0 
  1620:    0    1    0   -9    8    0    0   -4    6  -10 
  1630:    4    1    6    4    2   -2   -4   -3    5    4 
  1640:   -9    2   -1   -4   -4    4    1    0    0    1 
  1650:    1    0    0    0    0    0    0    0    0    1 
  1660:    0    0    0    0    0    0    0    0    0    0 
  1670:    0    0    0   -2    1   -9   12    1   -1    3 
  1680:    3    6  -15   14    8   15    1   -2   -5    7 
  1690:    3   13    0    1    7   -7   -3    2    0    5 
  1700:   -2   10    0    0    0    0    0    0    0    0 
  1710:    0    0    0    0    0    0    0    0    0    0 
  1720:    0    0    0    0    0   -1    9    4    7    0 
  1730:   11   -1    6   -2   -3   16    6    9    4   -3 
  1740:   -6    5   -1    4   -3   -5    2    0   -3   -2 
  1750:    7    5    4    4   -1    0    0    0    0    0 
  1760:    0    0    0   -1    0    0    0    0    0    0 
  1770:    0    0    0    0    0    0    0   -2    0   -3 
  1780:   -3   -7    4   -4    8    0    2    7   -9   12 
  1790:  -11   13  -11    1   -7   -6  -10   -5   -7   -3 
  1800:    0    6    2   -1    5   -5    0    0    0    0 
  1810:    0    0    0    0    0    0    0    0    0    0 
  1820:    0    0    0    0    0    0    0    0    0    1 
  1830:    6    6    1   -1    1   -3    9   -7    3   -7 
  1840:   -4   17   -2    7  -10   -3   -6    1   -8    6 
  1850:   -9   -5   -3    9    4   -4    0   -1    0    0 
  1860:    0    0    0    0    0    0    0    0    0    0 
  1870:    0    0    0    0    0    0    0    0    0    0 
  1880:   -1    8    3   10  -13    8   -4    1   -3    0 
  1890:   15   -6   -8    7    5    5    6   -4   -2    5 
  1900:   -4   -2    4   -6   -5    7   11   -1   -2    2 
  1910:    0    0    0    0    0    0    0    0    0   -1 
  1920:    0    0    0    0    0    0    0    0    0    0 
  1930:    0    0   -1    7   -4    2    5    2   -3    1 
  1940:    0    2    0   -3   -3    1   11    0    3   10 
  1950:    6   -6   -6   -2    5    4    1    5    4    0 
  1960:   -5    0    0    0    0    0    0    0    0    0 
  1970:    0    0   -1    0    0    0    0    0    0    0 
  1980:    0    0    0    0    3   -1    4    4    5    1 
  1990:    2    2  -15   -1   -5    1   -8   11    0    4 
  2000:   10    7   10    5    7    4    4   11    0    9 
  2010:  -12    3    2    0    0    0    0    0    0    0 
  2020:    0    0    0    0    0    0    0    0    0    0 
  2030:    0    0    0    0    0   -1    1   -2    6    1 
  2040:    1    2   -3    3  -11    0    8   -1   -5    3 
  2050:  -11    6   -1   -2   -2    7   -5   -1    1    4 
  2060:    1   14   -6   -5   -1    1    0    0    0    0 
  2070:    0    0    0    0    0    1    0    0    0    0 
  2080:    0    0    0    0    0    0    0    0    0    2 
  2090:    4   -9    2   -5   -3   -3   -5  -11    4   -7 
  2100:    0    1   -5    8   -5    3    3   -5   -1   -6 
  2110:    2    2   -3    3  -10   -9   -2   -2    0    0 
  2120:    0    0    0    0    0    0    0   -1    0    0 
  2130:    0    0    0    0    0    0    0    0    0   -1 
  2140:    9    0   11    0    2   -3   -9    0  -10    3 
  2150:    2   -5    0    3    1   -2    2    6    6    6 
  2160:   -4    0    4   20   10   -4    1   -5    6   -1 
  2170:    0    0    0    0    0    0    0    0    0    0 
  2180:    0    0    0    0    0    0    0    0    0    0 
  2190:    0   -1    5    4   -9    2    8   -4   -3   -7 
  2200:   -5   -3    0   -2   -6   10    9   -1    5    1 
  2210:   10    5   -1   -3    4    3   -1   -2    2   10 
  2220:  -12    3   -1    0    0    0    0    0    0    0 
  2230:    0    0    0    0    0    0    0    1    0    0 
  2240:    0    0   -1    4  -11   -1  -15    9  -12   -1 
  2250:   -7    1    5   -3   -4    1    4    1    0    2 
  2260:    4    2    5   -1   -2    0    2   -3    2    3 
  2270:    0    0   -5    3    3    0    0    0    0    0 
  2280:    0    0    0    0    0    0    0    0    0   -1 
  2290:    1   -3    0    3   -2   15   -8    0   -6    9 
  2300:   -5   -1    2    4   -4    0    0    5    5   -6 
  2310:    5   -5   -5    2    4    0    5  -15    0   -5 
  2320:   -3    1    2    1    5   -2    1    0    0    0 
  2330:    0    0    0    0    0    0    0   -1   -1    2 
  2340:    0   -4    1   -4    2    2    2    4   -6   -1 
  2350:   -4    5   -1    1    5   -1    2    0   -2    6 
  2360:    2    1    1   -4   -4    0   -4    1    0   -3 
  2370:    1    1    1    1    0    3    1   -2   -1   -1 
  2380:    0    0    1    0    0    0    0    0    0    1 
  2390:   -4    1    2    2    2    0    1   -7    7    1 
  2400:    2    5   -1    2    0    5   -3    0    3   -4 
  2410:   -1   -3    4    1   -1    0    1   -2    0    5 
  2420:    2    4   -1   -2    3    1    2    2    0    4 
  2430:    1   -4    0   -3    0    2   -1    0    0   -2 
  2440:    1    0   -1    0   14    3    0    0    0    1 
  2450:    2    0   -2    6   -4    2    1    7    1    1 
  2460:   -2    0   -1    1   -1    1    0   -1    0   -1 
  2470:    3   -3   -1   -6    4    4   -2   -1    4    1 
  2480:    3    4    0   -3    3   -6    4    6   -1    1 
  2490:    0   -1    1    0    2    0 
