     0:   -1   -1    8    5    2   -5    1  -13    2  -14 
    10:    7   10    5  -15   14    5    3    3    7   -2 
    20:    3   14   -1    3  -10    7    1   -2   -5    3 
    30:   -7   10    9   -1    0  -10   -4    7    4    3 
    40:  -11   -8    6    8   16  -13   -3   -4   -9   -2 
    50:    6   -2    0    0    0    0    0    0    1   -1 
    60:    0    0    0    0    1   -1    2    0    0    1 
    70:   -1   -1    0    0    0    0   -1    0    1   -1 
    80:    1    0    0    0   -1    0   -1    0   -1    0 
    90:    0    0   -3   -3    8  -43   22   -1  -14   42 
   100:  -19    4    0    2    0    0    0    0    0    0 
   110:    0    0    0    0    0    0    0    1    2    0 
   120:    0    0    0    0    0    0    0    0    0    0 
   130:    0    0    0    0    0    0    0    0    0    0 
   140:    0    0    0    0    0   -7   21  -77    9   -1 
   150:  -15   55  -23    5   -1    0    0    0    0    0 
   160:    0    0    0    0    0    0    0    1   -9   41 
   170:  -17    6   -3   -1   -3   -1   -1   -1    3    2 
   180:   -1    1   -1    1   -1    0    0    0    0    0 
   190:    0    0    0    0    1   -1    7   -9   25  -74 
   200:    9    4  -22   66  -18    5   -1    0    0    0 
   210:    0    0    0    0    0    0    0   -1    3    6 
   220:  -16  115  115  -49   17   -2   16    5   10  -20 
   230:  -30   -1    4   -5    3   -2    4    0    2   -1 
   240:   -1    2   -3   -5    3   -1   -3    4  -42   20 
   250:   -1  -82   27  -33   18    8  -17    4   -1    0 
   260:    0    0    0    0    0    0    0    0    0    2 
   270:  -10   13   -2   21   24   36  -88   34  -97  -41 
   280:  -32  -57   45   67  -26   12   -3   17  -68   20 
   290:  -14    6   -1   -5    6   12   16  -14   39  -41 
   300:    9   13  -20  -13   32    6  -11   35  -22    4 
   310:   -1    0    0    0    0    0    0    0    0    0 
   320:    1   -7   58   13  115  -16  -10   11  -59   43 
   330:  -20  -17   20  -22  -13   46   17  -44   33   42 
   340:  -91   41   47  -49   13   65  -47  -69  101  -57 
   350:   69  -85   10   11  -21   20  -10    5   18   20 
   360:  -22    4   -1    0    0    0    0    0    0    0 
   370:    0   -1    4   -4   34  -37  -41   60   15   82 
   380:  -42   39   77   36   -1  -40  -30    4   36   82 
   390:   80  -11  -29   30  -27  -43   40   31   23  -72 
   400:   -8  -78   33  -53    4   -9    5   33   -9    4 
   410:   -7   52  -23    5   -1    0   -2    1    0    0 
   420:    0    0    0    2  -11   28  -43   61   -7   46 
   430:  -62   48  -50   57   17  -58   59  -45   28   63 
   440:  -86  -10   81   15  -83  -60   90   61  -64  -60 
   450:  -20   43  -30   -4   33  -90   21   -9   -8   37 
   460:    5  -11   -3   39  -14    4   -1    0    0    0 
   470:    0    0    0    0   -1   -4   25   17  -56  -26 
   480:  -37   27   -9  -59   68   -7   32  -51   27  -49 
   490:  -23  -72   10  -61   36  -42  104   51   39    6 
   500:  -39  -14   29  -24   20  -20   53  -12   20    8 
   510:  -17   11   -5    4  -18   48  -17    4   -1    0 
   520:    0    0    0    0    0    0    0   -1  -14   80 
   530:  -88   35  -17  -23  -45   62  -33   33  -51    3 
   540:   63   10   13  -15    1   43    5   -1    5  -35 
   550:  -56   54   20   68   13  -60  -24   18  -54   46 
   560:  -17   17   13   10   -2    1  -14   45   -9    3 
   570:   -1    0    0    0    0    0    0    0    5  -19 
   580:   62  -81  -26  -20   26  -17   54  -74   41   20 
   590:   49  -67   71  -12   21  -21  -62   19  -68   39 
   600:   17  -21   71   26  -75  -35   86  -62   22   11 
   610:   25   11   23   -4    5   -4    1    2  -15   51 
   620:   -2    3   -1    0    0    0    0    0    0    0 
   630:    2  -25   91   12   41  -56   79  -85   76   41 
   640: -111   54   37   59 -117  189  -23  -31  168   70 
   650:  108   -9   26  113  -71   19   -5  -88 -116  140 
   660:  -46    5   -3  -42    2    0   -1    1    0    2 
   670:  -14   45   -3    3   -1    0    0    0    0    0 
   680:    0   -1    0   34  100  -17  -33  157  -25  -15 
   690:   92   15   53  -74 -157  143   -6  -80  169  183 
   700:  -52 -311 -118  188 -197   18  204  -57   38  109 
   710:  188 -131   61  -83   15    5   -8    4    0    0 
   720:    0    1  -13   39    5    2   -1    0    0    0 
   730:    0    0    0   -1    2    8   63  -40  102   11 
   740:   46  -17   -2   84  -89  -61   62 -128  179  -80 
   750: -180  -80  213 -341  358 -198 -177  324  -49  -27 
   760:  -24 -234  -19  179  -54   87  -69    0   -2   -4 
   770:    2    0    0    2  -13   38   -3    2   -1    0 
   780:    0    0    0    0    0   -1   -2    4  -16   82 
   790:  -59   59  136  -74   57   20   30   30 -121 -105 
   800: -148  297  310 -341  436 -165 -164 -286 -210 -226 
   810: -129   76  186  226  -23 -206  152  -95   37   85 
   820:   -3    7    0    0    0    2  -14   40  -12    4 
   830:    2    0    0    0    0    0    0   -1   -3   38 
   840:   -5   10  -33  142   55  -18   22  -28   13   -7 
   850:  131 -100   92 -379  188 -233  -38  253 -369 -109 
   860: -429 -252  409 -188    5  155   61  198  -76  -44 
   870:   -7   36   24   -2   -1    0    0    2  -14   40 
   880:  -10    3    0    0    0    0    0    0    0    0 
   890:   -6   27  -86    0  -38   14  -39  -31   51  -44 
   900:   39  -57   56   52 -232  229  -61  290 -264   70 
   910:  -39 -280 -488  249 -151  -37  -14 -164   71  -50 
   920:   -7   68  -55  141  -38    8    0    0    0    1 
   930:  -13   37   -2    2   -1    0    0    0    0    0 
   940:    0    0    6  -29   73   11   44  118 -130  -30 
   950:   -4   38 -150   48  -29   61    0 -113    2 -208 
   960:  127   32  -71 -123  -58  -83 -376 -311   -2  210 
   970:  -76  -60   -9  -76  -57  -66   30   -3   -1    0 
   980:    0    1  -12   31    4    1   -1    0    0    0 
   990:    0    0    0    0    6  -21   81   10  -35  -33 
  1000:  -11  -20  -18   56  -18   -1  -39  -30   -4  -15 
  1010:  -17   73  -38   40  -61  115   99 -124  230  225 
  1020:  -33 -175   28   34  -21   64  -60   36  -76    9 
  1030:    0    0    0    1  -11   31    8    1   -1    0 
  1040:    0    0    0    0    0    0    2   -6   -3  -80 
  1050:  -48  -33  -33   18  -65   60  -93  -27   10   80 
  1060:  -27    6   26  -41   77  -23  -58  -22  -54   86 
  1070: -176 -157  -93  234  -62   67    0  -10   77   31 
  1080:   26   -1   -1    0    0    0  -10   22   11    0 
  1090:   -1    0    0    0    0    0    0    0   -1    2 
  1100:  -21   34   -2   30  -12  -39   50  -26   27  -46 
  1110:   14   26  -55  -29   26   14    4   63   24   44 
  1120:  -45  -28    9   40  -32   -5  -43   -9   33  -24 
  1130:    8    6  -54    5    0    0    0    1  -11   22 
  1140:    4    1   -1    0    0    0    0    0    0    0 
  1150:   -1    0   14   11    5  -37  -14  -26   23  -46 
  1160:  -11  -83   18  -74   23  -10  -64  -67   78   -6 
  1170:    2    5  -19   27  -51   85  -62   67  -15  105 
  1180:   43  -11   -5  -67   11   -3    0    0    0    0 
  1190:  -10   18    9    1   -1    0    0    0    0    0 
  1200:    0    0    0   -2    8  -45   18   69  -95   78 
  1210:  -28  -58   44  -31   55   16    2   -3   21    2 
  1220:   12  -13  -10   -4   -8   19   71   57   69   -4 
  1230:    9   71  -60   29   57   12    0    1    0    0 
  1240:    0    0   -8   13   18    0   -1    0    0    0 
  1250:    0    0    0    0    0   -4   13  -85  103  -42 
  1260:  -24  -10   -3    4  -40  -66   21   42  -31  -10 
  1270:   53   49  -64   -7  -18  -23   -2    4  -66   44 
  1280:   19   22  -26   28   -1   12   69  -71    4   -3 
  1290:    0    0    0    0   -8   11   19   -1   -1    0 
  1300:    0    0    0    0    0    0    0    0   13   64 
  1310:   29   31  -98  177  -87   59   -8  -12   -6  -17 
  1320:  -88   82   41   -3 -104   15  -29  -10  -99   38 
  1330:  -39   -6   64  -49    1  -18  -29   36  -54   16 
  1340:   -7    2    0    0    0    0   -7   10   20   -1 
  1350:   -1    0    0    0    0    0    0    0    0    2 
  1360:  -15   12   18  -76  118   13   69    9  -25   39 
  1370: -118  -53   36   20   52   68   27  -37    9   40 
  1380:  -15   53  -23   12  -24  -23  -72  -41   46  -11 
  1390:  -35   58  -17    4    0    0    0    0   -7    9 
  1400:   18    0   -1    0    0    0    0    0    0    0 
  1410:    0    2  -10   76  -24  -94    5 -104   -3  -25 
  1420:   19  -23   56  -14  -54  -90  -83  -81  -49  101 
  1430:  -10   97  -26    8   28  -34   24  -42   -8  -20 
  1440:  -25  -21   25  -22    3    0    0    0    0    0 
  1450:   -7    4   15    0   -1    0    0    0    0    0 
  1460:    0    0    0    0    0  -22 -111   -5  -69  -38 
  1470:  -79   38    6    5   23    9  -32  -87    8  -19 
  1480:   15    0    6   10   71 -104   80   -5   25  -63 
  1490:  -28   15  -78   69  -90   25   -5    0    0    0 
  1500:    0    0   -8    9   10    0   -1    0    0    0 
  1510:    0    0    0    0    0    0    1    0   43  -11 
  1520:   28  -68   19  -58   76   17  -21   99  -69   63 
  1530:  -11   11  -13    8  -13    3  -18   44  134  -21 
  1540:  -25    1  -62   -8    6   75   33   -5    2    0 
  1550:    0    0    0    0   -7    0   12    0   -1    0 
  1560:    0    0    0    0    0    0    0   -1   -6   53 
  1570:  -79   29 -169  -73   82  157  -31   -4   38  -55 
  1580:  -89  -43   55  -52   71   11   59    3   21    0 
  1590:   -8   -7   28   27   28  -27 -142   24   15   -2 
  1600:    0    0   -2    0    0    0   -7    5   13    0 
  1610:   -1    0    0    0    0    0    0    0    0   -1 
  1620:   -1   41  -20   98 -122   20  -32   27   63    4 
  1630:   -3  -12  -31  -41   18  -11   -9  101   29  -35 
  1640:   42   -6   -5   -6    2   -4    0   -1   19   -2 
  1650:   -2    0    0    0    9   -1    0   -1   -7    3 
  1660:   18   -1   -1    0    0    0    0    0    0    0 
  1670:    0   -1    2    2   51  229   31   24   65   69 
  1680:   69   21   29   56 -137  157   57  -35  157 -124 
  1690:   25   30  -24  -42  -70    0 -111   36  -26   -8 
  1700:  -43   26   17   -1    0    0    0    0    0   -1 
  1710:   -4   -8   21   -1   -1    0    0    0    0    0 
  1720:    0    0    0    0   -3   28  -20  -19  -30  -89 
  1730:   12   39    0   15  130 -160  -24   74    1   81 
  1740:  -28  -45  -26   33  -59   51   52  -78 -143   16 
  1750:   99 -130  -28  -26   31   -5    0    0    0    0 
  1760:    0   -1   -6    3   24   -1   -1    0    0    0 
  1770:    0    0    0    0    0   -1   10  -67  117 -221 
  1780:   31 -155   65  -19  -58  -82   69  -33   44  -46 
  1790:   71 -157   35   13   10   86  -80   -7 -128   52 
  1800:  -22  -29  -97   -1  109  -79   72   -9   -1    0 
  1810:    1    0    0   -1   -5   -4   20   -1   -1    0 
  1820:    0    0    0    1   -4    1    0    3   -1   11 
  1830:  159  -45  -64  -51   74  133  240  -40   45  -91 
  1840:   24  -27  158  -27    6   92   51   47  -95   26 
  1850:  -31  -43  -22    4  128  -65   32  -35    6   -2 
  1860:    0    0    1    0    0   -1   -4  -10   24   -2 
  1870:   -1    0    0    0    0    0   -2    0    0    6 
  1880:  -22   62 -147  182   23  -51   26   68  122 -111 
  1890:  -64 -108   67  -19 -129   15  125 -108    0  -95 
  1900:   58   22    6  -51  -93  -44  -66   36  -45  108 
  1910:  -24    6    0    0    0    0    0   -1   -4   -5 
  1920:   29   -2   -1    0    0    0    0    0    0    0 
  1930:   -2    5  -21  139   19  206   71  -82  -27   72 
  1940:   52  -18  -52 -201  123  -52   22  200  -52  -52 
  1950:  -31 -198  -49   37   21    7  -68   68  -85  -48 
  1960:  -58    0   -5    1    0    0    0    0    0   -2 
  1970:   -1  -17   32   -3   -1    0    0    0    0    0 
  1980:    0    0    0    4   -8  109   50   52  -44 -217 
  1990:  168  -19   75 -181   39  -90  109 -165    5   65 
  2000:   80 -104  161 -182  -56   38   88   70 -185    3 
  2010:  -68   75  -59    1   -3    0    0    0    0    0 
  2020:    0   -2    0  -17   32   -3   -1    0    0    0 
  2030:    0    0    0    0   -1    3    1   39  -92   56 
  2040:    5 -126   65   46   46  -60   16   47   65 -116 
  2050:  119 -104 -119 -155  133  -68   14  104 -127  124 
  2060: -187  167  -26  -35  -81   69  -19    4    0    0 
  2070:    1    0    0   -3    1  -27   34   -3   -1    0 
  2080:    0    0    0    0    0    0    0   -6   28  -98 
  2090:  150  239 -185 -191  -54   14    7  160 -128  117 
  2100:   21  -22  161 -137   34 -135  -13  -36  106  -45 
  2110:  146    6  -21    9  -54  175  -33   28   -5    0 
  2120:    0    0    0    0    0   -2    0  -26   32   -3 
  2130:   -1    0    0    0    0    0    0    0    1   -9 
  2140:   26    3  -77   98    9 -105   -1  -81   15   70 
  2150:   17  108   39 -121  -24  -45   78  -16   90    6 
  2160:    1   82  -51  -10   49  -98  198 -142  -81   93 
  2170:  -23    4    0    0    1    0    0   -3    1  -27 
  2180:   34   -3   -1    0    0    0    0    0    0    0 
  2190:   -4    6 -112   96  -24   71 -101   31 -107  -54 
  2200:   27   90  -11  -86 -178 -165 -223  121 -169  159 
  2210:  -88   98    8  -15  -90   83 -110   15    2  -37 
  2220:    2   45    1    1    0    0    0    0   -1   -2 
  2230:    3  -32   35   -4   -1    0   -1    3    0    2 
  2240:   -2   -1   -5  -27 -105  -18  -29 -127  -35 -127 
  2250:  140  123   38   86 -129   -4  -90  110    5   63 
  2260:   -1   94  -12  148  -35  -58  -51  154 -147  116 
  2270:   16   76  -56  -70    4   -1   -1    0    4   -1 
  2280:    0   -3    3  -29   34   -2   -2    2   -4    4 
  2290:    4    0   -6   10   15  -80  -40  -50   76 -123 
  2300:  -21  -68   -9   50   20   69 -154   -1 -106 -118 
  2310:   85   65   60   28  -36   93   17   -4   26  108 
  2320:  -58  111  -48   78 -118  -64   43   -8    2    0 
  2330:    1    0    0   -3    5  -37   41   -7    0    1 
  2340:  -17  135    1   63  -72  -41   74  -56  -16   33 
  2350:   56  -74   11  -46   63 -128  -22   30   12    1 
  2360:  -82  121   41  -14  -79  -99 -154    7   28 -122 
  2370:   62  -92  -92   52   -2  -21   -2  -21  -19   33 
  2380:   -4    0    1    0    0   -3    4  -30  -13   55 
  2390:  -30   84  -18   67   44  -55  -35    3  -72   68 
  2400:  -14  -60  -52   -3   64  -15   50   -1   62  -14 
  2410:  -95   80  -71   30    3    0  -13    4   -1    4 
  2420:   10   -4   13    4   14    8    9  -15   -9   -7 
  2430:   -2   -6   -3   16   -5    4    0    0   10  -24 
  2440:  -29   88  -96   79  -14   34   -4  -14   -5   -1 
  2450:  -22   35   11  -46   24  -18   44  -21   55    0 
  2460:    1   15   13  -76   67  -30   15   -7    1  -53 
  2470:   12   -9   24  -58  116  -38   18   42    9  -61 
  2480:   -4  -20  -59    3   -6   34  -31   38  -11    5 
  2490:    3   -6  -51   -7   -9  -32 
