     0:    0    0    0    0    0    0    0    0    0    5 
    10:   -4    0    1    2   -1    0    0    0    0    0 
    20:    0    0    0    0    0    0    0    0    0    0 
    30:    0    0    3    0   -2    0    0    0    0    0 
    40:    0    0    0    0   -1    0    7   -2   -1    0 
    50:    3   -1    4    2    0    0    0    0    0    0 
    60:    0    0    0    0    0    0   -1    1    0    0 
    70:    0    0    0    0    0    0    0    0    0   -1 
    80:    0   -2    0    4    2    2    4    1    0    3 
    90:    0   -2    2    1   -1    0    0    1    0    0 
   100:    0   -1    1    0    0   -7   -1    0    0    0 
   110:    0    0    0    0    0    0    0    2   -1   -3 
   120:    0    1    0    5   -7    2    0    9    2    5 
   130:   -2   -1   -4    1    0   -1    0    1   -6    1 
   140:   -1   -3   -5    0    0    0    0    0    0    0 
   150:    0    0   -2    7    4   -1   -4    2   -1    7 
   160:   -3    2    0   -1    0    0    3   -1    6    0 
   170:    8   -1    0   -2   -2   -6    2   -4    0    0 
   180:    0   -1    0    0    0    0    0    0    1   -2 
   190:    8   -2    6    1   -2   -6    2   -3    3    0 
   200:   -5   -3   -3   -3   -2    3    0    4    1    4 
   210:   -4   -2   -2    1   -5    1    4   -1   -3    0 
   220:    0    0    0    0    0   -4    1   12   -8    4 
   230:    6  -12    5   -1   -7   -7   -6   -1    2    7 
   240:    2    4    2    5    0   -4    5    4    0   -2 
   250:   -1    1    6   -4   -6    1    0    0    0    0 
   260:    0    1   -2    2    9   -5    1    1   -9   -3 
   270:    2   -7   -2   -6   -2    5   -2    0   -1    1 
   280:    1    0    0    0    4   -3   -6   -1    2    1 
   290:   -8   -7    6   -1    0    0    0    0   -1    0 
   300:    0    3   -4   11   -2    2  -11   -1   -2    5 
   310:   -4   -6   -2    1   -7    0    6   -1    2   -2 
   320:    3    1    0   -3    0    1    1   -4    4   -6 
   330:   -1    0    0    0   -1    2   -3    1   -6    1 
   340:    5   -3    4   -3   -1   -1    0    0    3   -3 
   350:    9   -2    2    1   -2    2    0    4    0    3 
   360:    0    2    0   -1   -4    6   -6   -2    0    0 
   370:    0    0    2   -1    1   -3    1    0    4    3 
   380:   -4   -6    2   -4    9   -2    1    0   -2    2 
   390:    1   -3   -1   -2   -1   -1    0    2   -2    0 
   400:    1   -2   -1    3   -2    0    0    0    0    0 
   410:   -9    1    2    2   -4    1    0   -2   -1   -1 
   420:    1    8   -7    5    0    0   -7    1   -3    0 
   430:    1    3   -1    2    0   -1    0   -2    0    1 
   440:    3   -2    1    0    1   -3    0   -3    0   -3 
   450:    1    4    0    2    0    0   -2    1   -1   -4 
   460:    3   -3    4    0    3    2    6    2    1    0 
   470:   -2    1    0    1   -4    2   -4   -2   -1    2 
   480:    0    0   -1    1    0    2   -2    0    3    1 
   490:   -5   -2    1   -1    0   -1    4   -2    3    0 
   500:    2    0    3   -1    3   -6    1   -6   -2    3 
   510:   -8    0    0   -2    1    3    2    0   -3    6 
   520:   -2   -6   -1    2   -3    2   -1    0   -1    2 
   530:   -5    3   -1    0   -5    2    1   -5    1   -1 
   540:   -3   -3   -1   -2   -1    4   -2   -3   -1   -1 
   550:    2   -1    0   -1    0   -4   10    0    2    0 
   560:    1   -1   -2    1   -3   -1    3    1    1   -4 
   570:   -7   -9   -1    0   -7   -2    0    0    0    1 
   580:   -2    4    7    4   -1   -3    3   -4    2    2 
   590:   -1    0    2    1    4    5    1   -3    2   -2 
   600:    0    0   -1    3   -2    3   -7   -8   -8   -4 
   610:    7   -7   -2    2   -3   -2    8   -3    2    0 
   620:   -2    0   -3    5   -4    0    5   -2    1   -1 
   630:   -6    1    0    0   -4    0    0   -3    2    2 
   640:    0    0    1  -11   -9   -8    3    0   -3    0 
   650:    0   -8   -6   10    1    3   -4   -5    3   -4 
   660:    0    6   -3    1   -5    1    3   -5    4    2 
   670:    3    3   -8   -1    3    2    0   -3    1    4 
   680:    0   -3    0    2    2   -3    6   -1   -6   -7 
   690:   -2    4    0  -10    4    0    0   -2    1   -2 
   700:    0   -2    1    4    1   -1   -3    5   -2    2 
   710:   -5    1   -1   -5    4    5    9    3    6   11 
   720:   -6    9   -8    4   -1    3   -4    6    9   -3 
   730:   -5    3    0    3    0    6   -3    3    3    0 
   740:    0    2    2    1    3    2    5   -2    0   -8 
   750:    3   10   10   -3   -5    3    4   -5   11   -2 
   760:    0    0    1   -1    5    2    1   -4   -1   -5 
   770:   -1   -4    9    1    2    3    0   -2    4    0 
   780:   -1    3    2    1    3   -2   -3   10    2    2 
   790:   -2   -1   -7    0    1    5    5    0    0   -4 
   800:   -4   -1    2    1    0   -4   -7    6   -9   10 
   810:    4    0    1    0   -5    7   -6    4   -1   -5 
   820:    7   -3    1   -1    4   -3   -2    6    5   -2 
   830:   -3    6    0   -3   -5    5    0   -3   -1    1 
   840:    0   -6   -2    3    3    0    2    4    0    1 
   850:    0   -3    7   -4    1    3   -4    9    0    1 
   860:   -2   -1    1    3   -2   -1    0   -3    0   -8 
   870:    0   -9    3   -8    3   -1    4    0    4   -5 
   880:    8   -5    0   -4    3   -1    1    0    1   -3 
   890:    5    3    2   -2    2   -1   -6    3    1    1 
   900:   13   -5   -1   -1   -4    8   -4    0   -1   -1 
   910:   -6   -4   -7    2    0    4    0   -1    2   -1 
   920:   -1   -1    2    0    0    2   -6   -3    1   -4 
   930:   -5   -1    2    2    3    2   -2   -1   -3   -2 
   940:    1   -2    1    0    5    4    2   -6   -3   -2 
   950:   -1    0   -2    2    3    1    0    1    0    2 
   960:    0    0    0   -2   -4    5    2   -2    2    0 
   970:    1    2   -1   -1   -6    1   -4   -5    3   -3 
   980:    3    4   -3    1   -4    2   -1    1    0    2 
   990:    1    1   -3   -2   -3   -5    1    0    0    0 
  1000:    1    0   12    2   -1    6    0    1   -3    1 
  1010:    2    0    4   -5   -1    0   -1   -1    6    5 
  1020:    1    3    1    1   -2    0   -1   -3   -2   -4 
  1030:    0   -6   -2    0    0    0    0    0   -1    2 
  1040:   -5   -3    5   -6    4   -5    5    1    3    3 
  1050:    5    4   -2   -6   -4   10    1    1   -2    5 
  1060:    0   -3    2   -1   -2   -3   -1    3   -4   -1 
  1070:    0    0    0    0    0    0    0   -2    0    5 
  1080:   -1    1    0    0    1    3    1    1    0   -2 
  1090:   -1    1    1   -1    1    0    0    0   -2    1 
  1100:   -2   -4   -2    2    9   -6    2    0    0    0 
  1110:    0    0    0    0    0    0    2    5   -4    0 
  1120:   -3   -2    4    1   -4    2    4   -7    6   -5 
  1130:   -4   -1    0    1    2   -4    4    0   -2    0 
  1140:    1    8   -3    2    0    0    0    0    0    0 
  1150:    0    0    0   -1    3   -2    4   -8   -2   -1 
  1160:    6    0    0    2   -5   -1    6    3   -1   -3 
  1170:    2   -2   -2    6    1    0    4    3    3    2 
  1180:   -1    0    0    0    0    0    0    0   -2   -2 
  1190:    4   -5    0    4   -1    0   -4    9    0   -2 
  1200:   -5   -5    2    3    1    2   -2    3   -4    4 
  1210:    2    1    2   -2    9   -4    2    0    0    0 
  1220:    0    0    0    0   -1    1   -1    1   -1    4 
  1230:    0    1    3   -8    9    0    0   -4   -8    6 
  1240:   -6   -5   -1   -1    5    2   -4    0    3    0 
  1250:    0    5   -3    0    0    0    0    0    0    0 
  1260:    0   -2    4    2    9   -9    4    5   -4    2 
  1270:    1   -1   -2    3    2    0   11   -4    2   -4 
  1280:   -5    8    1   -3    0    2    0    0    0    0 
  1290:    0    0    0    0    0    1   -1    2   -1   -2 
  1300:    1    2   -5    0    4   -3    3    6    3   -8 
  1310:   -3    6   -1    4    1   -3   -7   -7    7   -3 
  1320:    1   -2   -1    1    0    0    0    0    0    0 
  1330:    0    0    0    0    0   -1   -1    3    2    0 
  1340:    1   -3   -1   -1    2    3   -2    0    0    3 
  1350:    0    4   -3   -2   -4    0   -3    0   -1    0 
  1360:    0    0    0    0    0    0    0    0    0   -1 
  1370:    1   -1   -1    0    1   -2    2    0   -1    0 
  1380:    1    0   -1    1    0    0    0   -1    0   -1 
  1390:    0    1   -1    1    0    0    0    0    0    0 
  1400:    0    0    0    0    0    0 
