     0:    0    0    0    0    0    0    0    1   -6   -4 
    10:   83   18   74   72   16    8   -7  -14   -6    0 
    20:    0    0    0    0    0    0    0    0    0    0 
    30:    2   -5   62   38   78   -4    2    0    0    0 
    40:    0    0   -1    1  -22   86  -15   74  -78   41 
    50:   26  -28   12   23  109   31  -11   -7    0    0 
    60:    0    0    0    0    0    0   -1   -7  -13   -7 
    70:  -22  -13    0    0    0    0    0    0    0    6 
    80:    4   36  -33   11   46  -44  -18  -48  -90  -40 
    90:   39    8  -73   -9   50  -19   -4  -10   -9   -4 
   100:   -7  -10  -16  -10  -58   52  -14    3    0    0 
   110:    0    0    0    0    0   -1  -15  -66   41   18 
   120:  -17  -15  -25  -15   -6    8   48   44   51  106 
   130:    4 -188   58   50   24   75   32   54   42   73 
   140:  130  -51   43   55  -14    2    0    0    0    0 
   150:    0   -3    7  -86  -16  -20   12  -57  -26   14 
   160:   22    0  -47    1 -108  -42  -69   -9  -18   80 
   170: -135   40  -62  -20 -122   55   48   90  -28   22 
   180:    7   41   -6    0    0    0    0    0    1   76 
   190:  -42   14  -34   23   -5   -8  -14    8   -7    5 
   200:  -46   17  111   69  -34   65   -2  -19   26   46 
   210:   12   13   30  -57  -32   -5   47    6   14    1 
   220:   -2    0    0    0    3  -16   25    3   -1  -24 
   230:  -26   58  -30   -2   -9   16  -17  -39   97  -36 
   240:   50   26   32  -27  -25  -33  -10   -5   36   15 
   250:   77  -24   22    9    7  -65    6   -3    0    0 
   260:    2   -7   32   26  -38   52  -75   27   28  -67 
   270:   16   28   -8    7   66  -27  -69  -56  100   -5 
   280:   58  -10   20   13   36  -44  -21   31   44   62 
   290:   12   37  -27    2   -1    0   -1    3    3    6 
   300:   11  -46    4   24  107    3   59  -22   16   29 
   310:   18   42   -5   17    7   48    6   19  -25   18 
   320:   21   68  -27   15    9   26   24   20  -42  -15 
   330:   51  -11    3    1   -4    8  -29   23  -26  -53 
   340:   88    6  -11   -1   -9  -14   -9  -12   -1    5 
   350:   47  -42  -35  -18  -17   -1  -34    3   -6   24 
   360:   -3  -83   -3  -82  -66   14    8  -76   -1   -3 
   370:    2    3   33  -20   20  -14  -27   11   35   26 
   380:  -23    9    4   36   -5   56   24  -51   11   29 
   390:   37    1    5  -11   13    7  -25   16   -7  -48 
   400:   45   37  -37   37   15    6    0    0   -3   23 
   410:    3   37    0   37   14   43   20   15   16   14 
   420:   13   -5    7   19  -10  -29   -8  -13    8  -20 
   430:    9   17    1   23   13  -87   10    8   44   45 
   440:    0  -28   18   -5   -2   20   14   44   13    2 
   450:   21   -5    3  -24   -6   -7   -1   -6    4  -27 
   460:  -16   35  -53   -9   12   -4   24   16    5   -9 
   470:    8  -58   11   -4   40  -39   28    2  -38   23 
   480:   -4   -1   -5  -25   53  -57   18  -39  -54  -57 
   490:  -27  -12  -11    3  -34  -33  -26  -48  -54  -26 
   500:   41  -10  -36   27  -26   14  -24   -1   10   16 
   510:  -33  -36  -16   83  -38  -11  -64    1   -3   20 
   520:   57   -3   16   10    8    2   -9   55   45   17 
   530:   47   54   37   14   19  -13   26   47   25   15 
   540:   38  -37   21   82   16  -31   49   -8  -35   48 
   550:   20    2    0   45    7   -3  -37  -32  -33   28 
   560:   28  -60   -6  -13  -22   65   -2  -38   25   27 
   570:   23    4   33  -18    4   -6   43   -3    0    0 
   580:   17   18   57   17   68   -9   59   34   -1  -24 
   590:    5   -8   16  -85   26  -16  -60   62  -21   11 
   600:   22   -6    3    9   -8    0  -19   29   27  -10 
   610:   -2   10  -46   26  -11   10  -22   11   -8    3 
   620:   14  -65   33    4   34  -14   43  -44  -16   -4 
   630:   39  -35   23    4  -33  -10  -15    1   26   10 
   640:  -12   -4   -8    6  -20   26  -29   46  -27   16 
   650:  -11   29  -19  -71   93  -42  -11    1  -61   11 
   660:   30   12   10   58  -67  -21    0    1  -35  -40 
   670:    3  -29   25  -30  -41  -36    0  -27   -2   15 
   680:  -19  -15  -21  -17   14  -17    7  -24   48  -57 
   690:   -9   85  -35  -16 -101   -5  -36   20   -2  -18 
   700:  -13  -11  -33  -27   42   -8  -39  -26   12  -25 
   710:   27  -13    0  -14   13   14  -17    9   -9   25 
   720:   -9    6   -1  -65   40   46  -60   32    0    0 
   730:    9  -26   67   -3   14    0   29  -16   30   -2 
   740:  -20   51    6  -27  -20   33    7   28  -38    9 
   750:   -2  -10   -5    0  -14   -9   14  -17  -12   20 
   760:  -20   47   -6   -5   45  -43   89  -73  -87   31 
   770:   -4   30    1   17   22   -3    2  -23   69  -20 
   780:   19  -34   37  -44    0  -47  -23    8   -2    8 
   790:    7   87   14    2    6  -35  -25   49  -30  -23 
   800:   17    9  -22  111   30 -149   73  -36    4   -5 
   810:  -56  115 -158   16  -12   37  -52    6  -21    8 
   820:  -17   32  -23   39  -14  -15  -12   14  -27  -15 
   830:    1   -2   -6   -3   11  -44  -30   23   -2  -93 
   840:  -26  196   96   29  -70  -61  -55  -30   10   -4 
   850:    1   -7   15  -17    8  -18   28  -72  -13  -38 
   860:   -5  -47  -82    7  -41  -14   -3   23    4  -19 
   870:    8  -15    3  -80   50    0 -112 -100  142  187 
   880:   69 -113  -14   14   65   26    2    0    4   15 
   890:   57   20   91  -29   23  -31  -41   20   33   20 
   900:   22  -18   -6  -28   59    4   33    4  -89  -36 
   910:  -87  -15   19   56   32    0   70   80 -117  -86 
   920:  -29   49   -3   -3    1   -2   12  -61   33  -35 
   930:   -8    1  -29  -66  -28   40   19  -78  -23   18 
   940:   14  -27   -1  -44 -126  -12   10   57   76  156 
   950:  181  -23 -158 -178 -163  -61    5   40  112   11 
   960:   -1    1   -6   12  -75   48 -151   52   47  -86 
   970:  -81  -43  -57  -14  -95   18  -26   16  -34   15 
   980:  -66   16  104  131   23  143   48  -61 -142 -145 
   990: -149 -124 -142   68  138  141   14    3    0    0 
  1000:   -2   22    8  -53   53   33   61  -14  -78   13 
  1010:   26   71    9   -2   37  -64   12   16   48   40 
  1020:   55   13   99   50  -87   22    4    8 -148   46 
  1030:    7   52  -46   31   -2    0    0    0   -4   29 
  1040:   63    6 -199 -100  -69  -17  -61   57    7  -86 
  1050:  -47   39  -29   92  -20    3   43  -24 -113   30 
  1060:   23  -80    0   40   49   47  141   49  112  130 
  1070:    6    3    0    0    0    0   -5    3   38  -29 
  1080:   -7 -102 -109   13   94  169   73   87  136  145 
  1090:  189  189  145   89   35   -5  -22    7   13   -9 
  1100: -119 -126  -42  -56  -33   -6   59    2    1    0 
  1110:    0    0    0    0   -4    4  -78    7 -117 -119 
  1120:  -26  -11   72   76   96   77   68  100  -33 -168 
  1130: -193  -51   14  -32 -104 -105   19  -89   10  -39 
  1140:  -16   -3    8  -17    2    0    0    0    0    0 
  1150:   -1    1  -20   58   25  -13 -107  -73  -90  100 
  1160:  -25  -70  -86  -23  -22  -63  -81  -12  -47  -56 
  1170:  -90  -14  -33  -51  -14  -20   30    4   51   54 
  1180:  -18    2    0    0    0    0    0   -3  -22  -68 
  1190:  -86  -44   49   41  -33  -37   34 -113   15  -19 
  1200:  -53    0  -41  -46   63   90   34   51  -34   -9 
  1210:  -30   19  -61   22   46    0   67   -4    1    0 
  1220:    0    0    0    3    3   59  207    5  -96    2 
  1230:  -56  -63   -6  -54   49  -53   26  -13   -2    8 
  1240:   33  100   24  117   -4   36   64  -65   20  -37 
  1250:   25   32   29  -10    1    0    0    0   -7   -6 
  1260:   -2   43   36   39  -98   15  -10  -93   53   32 
  1270:   13  148  -72   71  -47   66  -18   21   16  -38 
  1280:   55   23   15   42   65   71   53   10   -4   -1 
  1290:    2    0    0    0    0  -16   27  -28    3 -124 
  1300:  173  -69   57  149 -155  160    5   46    6  122 
  1310:   76    9   -4   60  113   27  107   80   44  -11 
  1320:   78  -53  -23  -32    1   -1   -1    0    0    0 
  1330:    0    0  -12  -43    8   31  -37   24   -4   38 
  1340:   -1  -26   72    2   93   14   64   55   81   44 
  1350:   92   34   38    1   16   15   28   35   45   -3 
  1360:    0    1    1    1    1    1    1    1    1  -23 
  1370:  -40  -15   14  -26  -42    8  -14  -96  -67  -91 
  1380:  -71  -80  -77  -74  -71  -70  -66  -71  -58  -46 
  1390:  -55  -41  -50  -45  -40  -28  -17  -17  -17  -18 
  1400:  -20  -19  -23  -17  -13  -12 
