     0:    3   -3    9    5    8    7   12    2    1   -3 
    10:    0   -2   -4   -3   -7   -1   -9  -13  -12   -9 
    20:  -10   -7  -13  -15  -10  -16  -17  -14  -22  -18 
    30:  -20  -22  -17  -20  -21  -21  -19  -18  -22  -22 
    40:  -20  -19  -25    7  -22  -20  -19  -14  -10  -20 
    50:  -17  -19    0    1    0    0    0    0   -1    0 
    60:    1    1    1    1    1    0    2    1    2    1 
    70:    1    1    1    0    0    0    0    0   -1   -1 
    80:   -1   -2   -1   -2   -3   -2   -2   -3   -3   -3 
    90:   -3   -3   -3   -4   -6    7   -4   -4   -5   -3 
   100:   -3   -5   -5   -5    0    0    0    0    0    0 
   110:    0    0    0    0    0    0    0    1   -1   -1 
   120:    0    0    0    0   -1    0    1    0    0    0 
   130:    0    0    0    0    0    0    0    0    0    0 
   140:    0    0    0   -1    0    0    0   -4    0    0 
   150:    3    1   -2    0    0    0    0    0    0    0 
   160:    0    0    0    0    0    0    0    0    2  -12 
   170:    1    1    0    0    0   -1   -1   -2   -1   -3 
   180:    2   -1    1   -1    0    1    0    0    0    0 
   190:    0    0    1    0    0    2    0    6  -12   12 
   200:   -1    3  -16  -18    2    0    0    0    0    0 
   210:    0    0   -1    0    0    0    0    0    0   -2 
   220:   -2  -12    9   -9    1    5   -3   13  -18   31 
   230:   45   13    7    0   -6    4    3   -2   -1   -1 
   240:    1   -1    2    1   -3    0    0  -13   15   26 
   250:   -1    1   10    7    5  -11    2    0    0    0 
   260:    0    0    0    0    0    0    0    0    0    0 
   270:    6   16   24  -16   19    0   -5   21  -15    3 
   280:  -57   57  251  -69  132  -65   30  -31  -11   24 
   290:    2   12   -4    5  -14   -8   16   -4    0    1 
   300:    1    1    8   22   -7    4   -3  -15   -2    0 
   310:    0    0    0    0    0    0    0    0    0    0 
   320:   -1    1    0   34    7   -7  -10    4    4   15 
   330:   -2   -1   35   34   55   44   -4  -45  -41   26 
   340:   24   13  -40   19   12  -16  -16   15  -16  -10 
   350:   -2   -6    0    0    1   -6    9   -2    3   -4 
   360:    1    0    0    0    1    0    0    0    0    0 
   370:    0    0   -1    1  -24  -14   -1   -1    1   -2 
   380:   10   12  -12   16  -27   -4 -148   -2  -99  -11 
   390:   -4   19  -46   -1   12    9    1   -8    7   12 
   400:   -2   15    1   -4    7   -1    3  -19   -6   -3 
   410:    6    0   -1    0    0    0   -1    0    0    0 
   420:    0    0    0    0    1  -14  -31  -39   18   -3 
   430:   -8    6    0    1   19  -19   53   22  -44   82 
   440:   30  -56   13   17   -8  -15    1    5   26    8 
   450:   19    4    3  -17  -28    3   -1    1    6    4 
   460:   -2  -19   -4   -1    0    0    0    0    0    0 
   470:    0    0    0    0    0   -1    4   -6   -5  -11 
   480:   17   18   -8   14   16   18    1   30   21  -16 
   490:   20   20   -4    7    3   12   -4   15   17   13 
   500:  -10   10   -6  -12   -4    7    7    3    6   -8 
   510:   11    3    0   11   -1    0    0    0    0    0 
   520:    0    0    0    0    0    0    0    0    3   21 
   530:   -2   -6  -13  -10   10   -6   15    4    6   -7 
   540:    6  -25  -19    9   32   16  -20    7   10  -15 
   550:   11    3   17   -4   21   -4   13   -7  -11   -4 
   560:    3   34    1    1    0   -2    0    1    1    0 
   570:    0    0    0    0    0    0    0    0    0    0 
   580:   -9    1   19   19   25   -1   18    5   11   25 
   590:   30    7   14  -20   13   19   12   -3   16   14 
   600:    4   20   32   11    7   16    7   -1   10   10 
   610:    2   -1   -5  -19    2   -1    0    0    0   -1 
   620:   -1    0    0    0    0    0    0    0    0    0 
   630:    1    0   -8  -25  -22   -3    3    9    1    9 
   640:    4   41    6   29   -5    8   -5   11  -18    9 
   650:  -19    4   -5   -6  -25   -8  -12    3  -18    1 
   660:    7   -2  -12   -2    1    4    0    0    0    0 
   670:    0    0    0    0    0    0    0    0    0    0 
   680:    0    0    0    0    9    5   -9   34  -13   10 
   690:    2    1   13   -3   -2   36  -25   -1   -1  -23 
   700:    0    3  -27   -9    3   -5  -14    7   -5    6 
   710:   -2    7   10  -11  -18   13   -3    0    0    0 
   720:    0    0    0    0    0    0    0    0    0    0 
   730:    0    0    0    0    1    0   23  -12  -17    9 
   740:  -11  -15   -2   -7   -2   33  -27   16  -28   -3 
   750:    8  -11   -3   -9    5  -10  -23   -4  -21  -12 
   760:   -3  -13   -3  -11   -8    2  -11    5    6    0 
   770:    0    0    0    0    0    0    0    0   -1    0 
   780:    0    0    0    0    0    0    0    2   -7   15 
   790:   20   -4   -2  -10   -3   12  -14  -16   -7   -5 
   800:  -47   18  -16   -5  -20    3  -10   -7    9    0 
   810:   -8   17   -1  -15  -12    7   -6    4   -5   10 
   820:   -1    0    0    0    0    0    0    0    1    0 
   830:    0    0    0    0    0    0    0    0    0    1 
   840:   11   15   26   10  -27    2   -4  -13  -11    2 
   850:    6   -5  -31   19   13   -1   17  -22    2    3 
   860:   -6    5  -18    1  -16   -8   -6   -5  -19    0 
   870:    8   30   -8    1    0    0    0    0    0    0 
   880:    0    0    0    0    0    0    0    0    0    0 
   890:    0    0    0   13  -11  -12    6   -6   -4   -9 
   900:  -18    0    0  -44   16   -4   -8  -37    4  -30 
   910:   13   10   -3   -9    0  -31    2   -4   11    5 
   920:   11    6   19  -20  -10    0    0    0    0    0 
   930:    0    0   -2    0    0    0    0    0    0    0 
   940:    0    0    0    0   -7   14   10   20   27   14 
   950:   -3   -6   23   22   -5   33   -7    0   22   10 
   960:    6    7   -3    2    9   20   21   19   26    3 
   970:    5    6   -5   31   17   46   -4    2    0    0 
   980:    0    0    0    0    0    0    0    0    0    0 
   990:    0    0    0    0    0   -1    9    5    1  -19 
  1000:  -28  -29  -54   -3    3  -25   18    3  -11   11 
  1010:  -38  -12  -28  -27   81  -12  -15  -11    8   17 
  1020:  -12  -23  -13  -12   12   10   13  -20   -6    0 
  1030:    0    0    0    0    0   -3   -2    0    0    0 
  1040:    0    0    0    0    0    0    0    0    2  -20 
  1050:  -42   -1   28   27  -17   28   -1    0   -5  -23 
  1060:    0    2   19   19   25   18 -138   -7   34    4 
  1070:    3  -12    3   44    1   -1   13  -12   15    4 
  1080:    6    1    0    0    0    0    0    0    0    0 
  1090:    0    0    0    0    0    0    0    0    0    0 
  1100:    1  -14   39  -31   -4    3  -13  -10   11  -21 
  1110:   18   -8   -8  -13  -48  -45  -68   52   80  -37 
  1120:  -33  -24   -8  -49  -37   -5  -20  -31  -14  -13 
  1130:    6   -5   -2    0    0    0    0    0    0   -3 
  1140:   -3    0    0    0    0    0    0    0    0    0 
  1150:    0   -1    6  -13    4  -11  -19  -16  -21  -13 
  1160:   -9  -11   -6  -35  -44  -18   70  138   75  -59 
  1170: -167   29   -1   -1   -4  -79   -9    6   21  -66 
  1180:  -41   -1  -14   25   21   -1    0    0    0    0 
  1190:    0    3    2    0    0    0    0    0    0    0 
  1200:    0    0    0   -1    5  -57  -21  -32   28  -54 
  1210:   17    1  -15  -43   30  -18   37   25 -150  -71 
  1220: -106   -6  110  -75    2  -13  -45    5  -10   15 
  1230:   -6  -42   19  -17   33  -39   -3   -1    0    0 
  1240:    0    0    0    0   -1    0    0    0    0    0 
  1250:    0    0    0    0    0   -1    5  -18   26  -16 
  1260:  -65   14   28  -54   38  -22  -23  -11 -102  -49 
  1270: -144  -82   72  -44 -141   23   83  -41  -12   -7 
  1280:  -15    5   26   14   10   14    2  -64    3   -1 
  1290:    0    0    0    0    0   -2    0    0    0    0 
  1300:    0    0    0    0    0    0    0   -1    4  -34 
  1310:   -4   22   50  -37   20   -2  -14   36   47  143 
  1320:   72   72 -192  206   74  -20   88  -11  -56   22 
  1330:   -8   15   16   -8  -14   14  -25   33   -2   57 
  1340:   -5    1    0    0    0    0    0    1    1    0 
  1350:    0    0    0    0    0    0    0    0    0    0 
  1360:   -3  -15 -134  -25  -26  -38   33    3  -13  -35 
  1370:   34  -25  -42  -13   28   79   93  -63  -41   56 
  1380:   73 -108   96  -10  -30   42  -34    3   75  -53 
  1390:   47  -18    3    1    0    0    0    0    0   -1 
  1400:    1    0    0    0    0    0    0    0    0    0 
  1410:    0    0    1   -5   27   27   19  -74  -14   28 
  1420:   16   26   -1  -23  -59   14   63  -38   32   45 
  1430:   74   18 -115   82  -63   26   19  -31   10  -10 
  1440:   47   27  -31    6   -2    0    0    0    0    0 
  1450:    0    1    2    0    0    0    0    0    0    0 
  1460:    0    0    0    0    0   -7   -4  -49   -9   84 
  1470:   35  108   45  -13  -17   -3   18   -4   51   -9 
  1480:    2   -6   18  -16   56  -13   82   10   -9   39 
  1490:  -29  -61  119  -58   45    8    2    0    0    0 
  1500:    0    0    0    0    0    0    0    0    0    0 
  1510:    0    0    0    0    0    0   -2    4  -75  -86 
  1520:  -91  -72  -43    4  -80   53  126  161    3  -38 
  1530:   17  -42   -5   11    6    0   -8   29   55  -61 
  1540:   25   11  136 -123   41  -95    7   -1   -2    0 
  1550:    0    0    0    0    0    0    0    0    0    0 
  1560:    0    0    0    0    0    0    0    0   -2    8 
  1570:  -63   69   22   35   33   86  -12 -152  -99  -24 
  1580:   78   25  -53  -10   16   16  -50    9  -10  -20 
  1590:   12    3   -6   14  -12    8   -8   11    9    0 
  1600:    0    1    0    0    0    0    0   -1    0    0 
  1610:    0    0    0    0    0    0    0    0    0    0 
  1620:    1   -3   32  -44   55    6  -15   82   -3   63 
  1630:  126   62   92  -45   -2 -101  -50   74   72  -55 
  1640:   22    6  -28   13  -14    6   17    4   11    3 
  1650:   -1    0    0    0    0    0    0    0    0    0 
  1660:    0    0    0    0    0    0    0    0    0    0 
  1670:    0    0    1   -2   23   22   10  -21  -42  -65 
  1680:   27   40  144   36   76   44 -147  -27  116   79 
  1690: -100  147   86 -197  -11 -159   17  101  -68 -141 
  1700:   43  -64   -7   -1    0    0    0    0    0    0 
  1710:    0   -3    0    0    0    0    0    0    0    0 
  1720:    0    0    0    0    1    0   55   25   70   45 
  1730:   12   27   15  -70   11  -31  -10  -97   12  -24 
  1740:   87 -116  109   71  -71   25  -53  109   42  -57 
  1750:  -62   24   11   97   22    2    0    0    0    0 
  1760:    0    0    0   -1   -2    0    0    0    0    0 
  1770:    0    0    0    0    0    0   -1    8  -22  -11 
  1780:  -20  105    2  -66  -66   15  -21   35  -19    2 
  1790:   45  -62   28   27  128   21   35   25  -38  -72 
  1800:  -27   51  -51    4  -21   67   -4    2    0    0 
  1810:    0    0    0    0    0    1    0    0    0    0 
  1820:    0    0    0    0   -4   -1    0    0    0    9 
  1830:   -5  -76    8   16   12    0  129    2  124  -31 
  1840:  -41   30  -72  -17   23   65 -150  -60  -43  -82 
  1850:    6  103    3  -74   58   25   14  -69    4   -2 
  1860:    0    0    0    0    0    0    0    2    0    0 
  1870:    0    0    0    0    0    0    0    0    0    0 
  1880:    2   -9   59   75  -66   -5  -15  -10  -40  -43 
  1890:   21  -97   38  -39  -39    4   25   -1  -37   55 
  1900:  -45  132  183   28 -183   -4  -24  -47  -38   -3 
  1910:   -1    0    0    0    0    0    0    0    0   -1 
  1920:    0    0    0    0    0    0    0    0    0    0 
  1930:    0    0   -1  -11  -92    7   31  -12   15  -28 
  1940:  -34  -25 -113    7    3   14  -32   34   13   27 
  1950:  -32  -86   49  134   44  -31  -56  -79  -48   83 
  1960:   55   12    0    0    0    0    0    0    0    0 
  1970:    0   -1    0    0    0    0    0    0    0    0 
  1980:    0    0    0    1    0    0   28   41  -56   -5 
  1990:  -59   20  -92 -130   71   18   42   54    4   28 
  2000:  -10  -41  -14  -18   92 -105   32   26  -57   61 
  2010:   28   -6   23  -10    1    0    0    0    0    0 
  2020:    0    0    0    0   -1    0    0    0    0    0 
  2030:    0    0    0    0    0    0    2    4   10  -77 
  2040:   18  -48   54   46  -15   27  -28   40  -26  -53 
  2050:   63   19   -7   -2   26   -7  -66   47  -34  -94 
  2060:  -89  -41  -52  -89   11   17   -2    0    0    0 
  2070:    0    0    0    0    0    1    0    0    0    0 
  2080:    0    0    0    0    0    0    0    1   -2  -18 
  2090:   41   41  -18    9   10  -57   -1   54   51   76 
  2100:    0   26   10  -11    5   34  -32  -36   32  -19 
  2110:   27   13  103  175   16   44   97   68   -4    2 
  2120:    0    0    0    0    0    0    0   -2    0    0 
  2130:    0    0    0    0    0    0    0    0    0   -2 
  2140:  -12  -48   39   43  -70   51  -53 -110  -11  -51 
  2150: -105  -60   67  -54    9   44   -1  -16  -10  -42 
  2160:   23  -11    9  -58   74  111   75  -11  -91   99 
  2170:  -10    3    0    0    0    0    0    0    0   -2 
  2180:   -1    0    0    0    0    0    0    0    1    1 
  2190:    1    6   36  -12   36   -1   -9   60  -45   -2 
  2200:   -6   43   53   28  102   37   16  -44   28  -19 
  2210:   41  -12  -50   91    8   28   48  -82 -138  -67 
  2220:   20  -53  -11   -1    0    0    0    0    0    0 
  2230:    0    2    2    0    0    0    0   -1   -1    0 
  2240:   -2   -1   -2   -4  -20  -11    8   30   -9  -34 
  2250:   49   11  -79  -33  -29  -10  -21  -98  -44   13 
  2260:  -29   50 -108   35 -120   44  -78    7   21  -10 
  2270:  -91  -58   52   62  -31    4    0    0    0    0 
  2280:    0    0    0   -2    0    1    0   -1    4    8 
  2290:    7   -2   16   12    7   76  -37   68   47  -16 
  2300:   44  -31 -183   -4   71  -44    1  -19   57   47 
  2310:   19   14   79  -71   94  -33  -27  117 -116   97 
  2320:  -30   26  -98    5 -106   83   80   -3    1    0 
  2330:    0    1    0    0    0    0    1   -7   -4    1 
  2340:   -6   -1   13    2  -10   13    5    5    8   44 
  2350:   25   38  -49    4  -26   36  -26  -36  -62  -38 
  2360:   -5  -12  -45  -47  -15   11   55 -105   72  -70 
  2370:  -44   34  -53   28    9  -20   39   41   77   21 
  2380:    5   -3   -4   -4   -1   -3   -2   -3    1  -10 
  2390:   -9  -12   88  -25  -17    4  -32  -34   16  -32 
  2400:   -6  -48  -35  -36    6  -31   -9  -20  -40   13 
  2410:   -1  -14  -16   -7  -17  -15  -18  -32  -59  -18 
  2420:  -33  -10    0   51   63   38   39   35   24   43 
  2430:  -48  -69  -30   12   22   16   -4    7    0   20 
  2440:   20   18   10   22   26    1    8   19    5   -1 
  2450:   12    5   40   12   10    4   18    3  -35  -19 
  2460:   14    2   23   -6    2   10   15   15   16   17 
  2470:   14   11    4    9   24   35   37   31   18    5 
  2480:   40   20  -45  -66  -67  -66  -49  -19   11   28 
  2490:   40   39   14    8  -37  -17 
