     0:    0    0    0    0    0    0    0   -1    7  -61 
    10:   46  -95   66  -52  -41   -3   10    9   -8    3 
    20:   -1    0    0    0    0    0    0    0    0    0 
    30:    3   -1   11  -28   -4    3    0    0    0    0 
    40:    0    0    0    0   -3   16   16  -35   62  -84 
    50:  171    7  -63  -36   -6    9  -15    7    0    0 
    60:    0    0    0    0    0    0   -2   -2   -3   -4 
    70:   15   -2    0    0    0    0    0    0    0    0 
    80:    1    0  -12   40    7  -20   67 -124  110  132 
    90:  123  146  -16   67  -47    3   -3    2   -1   -1 
   100:   -2    2   -2    8  -10   16   -7   -2    0    0 
   110:    0    0    0    0    0    0   -3   -8   17   32 
   120:  -15   -4   13  -51   80  -72    7  -52  -52   -1 
   130: -154  108    3   14  -21   13    7   13  -17    7 
   140:  -30   -2  -42   10   -4    0    0    0    0    0 
   150:    0   -1    2   19    5    3  -24    6   -4  -17 
   160:  -11  -60   12  -72   89   43  134  109  -75   24 
   170:   -6   25  -14  -16  -42   26   -2   25   -5    1 
   180:  -31    7   -1    0    0    0    0    0    4   -3 
   190:    9   32  -14   21  -21    7   12   -4   11   55 
   200:  -85  -59  -80 -156  -52   18  -22  -11   -5   27 
   210:  -13    9    0   -4  -23   16   -1   22   -4    1 
   220:    0    0    0    0    1  -17   -6   -6   -9   26 
   230:  -25  -11    5   -8  -17    3  -36   43   11  101 
   240:  113  -26    3  -14    7   -8   -7    2    4   10 
   250:    3    0    0  -18  -10  -42    7   -2    0    0 
   260:    0    0    5   17    9   12  -14   -4   14   32 
   270:   25   12    7   35  -69   88 -107  -79  -12    7 
   280:   -7    1    3   22   -4  -11    4   32   -5   28 
   290:   31   12   28    2    1    0    0    1   -1   12 
   300:   -7    8   14  -21  -12   -9    5  -11   17   10 
   310:    9   18  -35  258  -56   28    0   14   13   -6 
   320:   -3    6  -12   14  -12    4    2   -6    8    4 
   330:   13   -3    1    1   -1    6   -4   29   -5    7 
   340:   31   79   -2    9    7   14    8   22  -33  149 
   350: -104   21  -12   14    9   -9   -2    6    5   -5 
   360:   24   20  -23  -14  -23  -18   30  -15    4    0 
   370:   -2    1    9   -7   12   -9    6   16  -40  -10 
   380:   -3  -12  -12   -8   -1   11 -142   44   32    5 
   390:  -13  -12    2   14   -1    3    8   25    8    7 
   400:   13  -15   -3   16   -5    6    0    0   -4  -21 
   410:   -7  -14   -7  -16   -6    3   -5  -29  -27   -6 
   420:  -15    3  -15   50  -36  -36   -7  -14   -1  -11 
   430:   10   13   -3   15   -9   12  -46   16   -9  -26 
   440:   -2  -17  -17    1   -3   11  -17  -18    0   -8 
   450:    5    0    5  -18    5  -20  -26   -8  -16  -12 
   460:  -51   -6  -15   11  -19  -22  -12    1   -8    8 
   470:  -12  -10   18   16  -22   12    2   -2    4  -27 
   480:    3   -1    6    6   -3  -12    8    7   13  -19 
   490:    1  -10   15   11  -11   -5  -28   29   46   -9 
   500:   -5  -11    6   -3    2    6    4  -10   14  -30 
   510:  -12   12  -25  -45   -4  -27   18   -4    1  -10 
   520:    5  -22   21   -4  -17  -11   14    2    3  -11 
   530:   -4   12   17   -4  -13  -13   41  -23    7    3 
   540:   -4    1    6  -10   27  -14   10   22  -31   15 
   550:  -18  -11   12  -23    4   -9   39    4    8   12 
   560:   26    1   11  -10    6    0    8    1   17    5 
   570:    2   15   12    8   12   22    1    2  -37   21 
   580:  -25   10   13  -23  -47   14   -9  -13   26  -39 
   590:    4  -10   -3    1    6   -7    0  -21    4   13 
   600:  -13    9   15   23   -7  -21   17  -15    5   -3 
   610:    7   21  -24   12  -23   38   -7    9   -5  -18 
   620:    4  -29  -12    7  -10   36  -20   -1    6   -6 
   630:    2   -8   31   18    6   -1   19   18    3  -12 
   640:    3   24  -23    2    2    0    0    1   11   21 
   650:   14    8  -54   21  -18   13  -11   11   -7   14 
   660:   25   17   -9   19    7    0    6  -13  -11   -2 
   670:    3   -2    9  -10   10   -7    9   16    6   -1 
   680:   -6    4   18    1   -5   21  -27  -21   -8   22 
   690:    2   17  -18    1  -16    0  -29    9  -14    3 
   700:  -13  -21    2    2   10   -2   -3   20   -5   -6 
   710:   -6  -14   18   -4    1    7    0    4   15  -10 
   720:    7   16  -10   25   15   19  -15  -21   10    9 
   730:  -12   13   18   -1   18  -15   16    1  -27    4 
   740:    1    3    1   11   -1    8    4    8   30    7 
   750:    3   -7    7   -2   29   -4   21   -1   10   37 
   760:   20  -22   -3   -2   46  -46    6   70 -105   -9 
   770:   26   34   20    8   16   81   -5    0  -12    1 
   780:   15   18  -15  -10  -15   -4  -14  -10    2   -4 
   790:   -2  -27  -33  -12    3   36  -11   68   30   -2 
   800:  -53  -56   21  -45  -70   73  -34   31  -14   23 
   810:  -59  -57  -31    1    2    1    8   -7   -9   28 
   820:  -17   48  -47   54   25    5    7    8   34   -1 
   830:   11  -51   -6  104  -30  -83   90  -27  171   82 
   840:   22   20  -51   49  -14   41  -19  104  167   -2 
   850:    4   -2    3   -9   16   60  -34  -31  -20  145 
   860:   77  -17   23    1   10  -38  -26   10   43  -44 
   870:   19 -142  171  132   64   44   19   35   24   34 
   880:  -24   -9   59    3  -61 -169    1   -5   -2    9 
   890:  -11   64  -37   42  -14   42 -151 -162  -43  -37 
   900:   54   -9   27    7    6   52   73   82  157  165 
   910:   -3  -51  -95 -114 -121   11  -30    6   -1  -17 
   920:   72  -31  103  -10    3    5  -23   28  -69   -8 
   930:   26  -34   -6   74 -175  -85  142   49 -144   48 
   940:   20  129  175   57  -56  -50  -77  -25    9   31 
   950:   -6   21    1   13  -35    3  -26 -110    5    3 
   960:    0    0   -3   -6  -73   30  -20  -28   49   15 
   970: -108  -82 -126   38   39 -163  -45  -86  130   72 
   980:  -16  -56  -54  -13  -36   25   12   27   39  -11 
   990:  -47  -21   -7   14   -2  -21    1   -1    0   -2 
  1000:    5  -26   13  -34   20  -62   -4  122 -108  -97 
  1010:  108   10  186  114   11  107  112    6   36  156 
  1020:   56  -20  -90    2   20  -88   -4   34   35   42 
  1030:    3   17  -65    0   -2    0    0   -1   -5   21 
  1040:  -25   -8  -49 -124  -44   90  -80   39   92  -92 
  1050:   32   27   94   97   80  -13  -78   -5   -2    2 
  1060:   -1  -33    2  -39  -24  -27   41   -7   38   28 
  1070:   -9    1    0    0    0    0   -6   19  -39   47 
  1080:   25   40   57  112   44  -12   61   48   -1    2 
  1090:  -39  -52    7   56   -1   19  -16    6   22   19 
  1100:   -4   53  -23   94  -80 -123   42    0    1    0 
  1110:    0    0    0    1   -3    1   27   46  -29   27 
  1120:  -29   23   38    1  -24  -11    0  -31  100   -5 
  1130:   55   34   -9   59  -27   10  -43   56  -42    1 
  1140:  -37  130   56  -17    0   -1    0    0    0    0 
  1150:    0    2  -16   25   13   -6   23 -112   95   66 
  1160:    1   97  -13    0  101 -122   96 -116  -45    6 
  1170:  -95   93   48  -69   -3  -51   31 -138  -67  -77 
  1180:  -12   -1    0    0    0    0    0    1   -7  105 
  1190: -110  100  -32  140  -98    4   29  120 -101   18 
  1200:   34   11   96  -34   55  -22   -2  -10  -29  -40 
  1210:   67  -29   42   -8   18  -20   72    0    1    0 
  1220:    0    1    0   -1   12  -18    2   83  -26 -125 
  1230:  118   77 -151   89  -83  102  -66   -5   39  -87 
  1240:   82   90  -31   15   26   22    3  -20   22   -6 
  1250:    7   32   62  -20    1    0    0    0   -4   -5 
  1260:    6  -49   13  -18   36  -27   -8  -10  -32   31 
  1270:  -46   97   -6   27   46  -70   93 -159  -56   68 
  1280:   24  -23   18   -9   26    5    4   -9   -5  -17 
  1290:   -3    0    0    0    0   17   18  -17    9   14 
  1300:   30  -25   74   -7  -34  -19   27  -23   44  -18 
  1310:   67    0   64  -74   63  -61  -56  -16    5  -12 
  1320:   18    7  -11  -46    6   -1    3    0    0    0 
  1330:    0    0   -2  -62   14  -70  -32  -32  -19  -66 
  1340:  -99  -33   -3  -79   39  -48    1  -54   11  -49 
  1350:   -3  -26   70  -15  -15  -34    2  -19   -4    4 
  1360:   10    0    2    1    1    2    1    1    1  -16 
  1370:   -8  -22   15  -20  -19   -3   -2  -15  -26  -35 
  1380:  -22  -35  -22  -37  -22  -36  -22  -33  -23  -33 
  1390:  -19  -25  -14  -21  -20  -19  -21  -23  -20  -21 
  1400:  -23  -22  -24  -20  -17  -15 
