     0:   -1    2   11   13  -12  -16   33    8   13    0 
    10:  -18    2   -7   -1    3   19    5   14  -10  -10 
    20:  -11    3  -10    9   -4    1   16   -9   -7    7 
    30:    8    3   -4    3  -13   -2   -2   -3    0  -10 
    40:   -1   -7  134 -125  -13   -2    3  -97   26    2 
    50:   -6   50   -1   -1    0    1    0    1   -1    0 
    60:    0    0    0   -1    0    1   -1    0    3    1 
    70:    0    0    0   -1   -1    0   -2    1    3    0 
    80:   -4    1   -1   -1   -1    1    0    0   -2   -2 
    90:   -1    1    0  -25  165   40  -33    1    9 -307 
   100:   21    1    0    4    0    0    0    0    0    0 
   110:    1    0    0    0    0   -1   -5    4    8    0 
   120:    0    0    0    0    0    0    0    0    0    0 
   130:    0    0    0    0    0    0    0    0    0    0 
   140:    0    0   -1    0    1  -34  131  135  -29    0 
   150:    4 -308   17   -1    0    1    0    0    0    0 
   160:    0    0    0    0    0    0   -1    5   17  -58 
   170:  -11    1   -2    4   -5   -3    3   -8   -5    3 
   180:   -4    1   -2   -3    1    0    0    0    0    0 
   190:    0    0    0   -1    4    1  -14  -12  104  135 
   200:  -36   12   -1 -325   18   -1    0    0    0    0 
   210:    0    0    0    0    0    0    0   -1    0   25 
   220: -143   40  195  -26    1  -11  -13   51  -20   48 
   230:   38  -23   24    1    4   20   -2   -2   -9    0 
   240:    0    7    1   -1    0   -3   11  -30  -35  -90 
   250:  235   50    7  -55   21 -231   -7   -2    0    0 
   260:    0    0    0    1    0    0    0    0    0    3 
   270:  -42   55   23   60 -214  -16 -111   49 -311  -27 
   280:  107 -167  -12  167  -85  -10  -28 -137  -18  -16 
   290:   43  -10    6    0   14   36   21  -45  117  -12 
   300:  -91  217   -8   14 -191   86  177 -335    4   -2 
   310:    0    0    0    0    0    0    0    0    0    0 
   320:   -2  -22   71   27  -13   42  -21   29 -196   22 
   330:  -74    7 -125 -129  128  -70  353   45    7  147 
   340:  -44  -98 -151   92 -102   20 -136  -39   53  -23 
   350:  -21  167  -35   40  -99  166  -47  -82   59 -169 
   360:   -9   -2    0    0    0    0    0    0    0    0 
   370:    0   -1  -13  115 -254  -41  -40   50   71  -20 
   380:  -39  -80   69  -57   11   39   41  -42   80   23 
   390:  -56 -221   65   93   69  -39   18  121  160   31 
   400: -109  -65  143  136  -33  -12 -103   36  111  106 
   410: -208 -276   10   -1    0    0   -2    0    0    0 
   420:    0    0    0    0  -54  197 -117  -61 -288  -23 
   430:  -71   -2  -71  -53  150   65   -7    8 -131  150 
   440: -150  -95   49  -45  -47  303  107  -78   55 -152 
   450: -140  185  -67  -45  322   16  -24    5 -201  152 
   460:  121 -117  114 -345   15   -1    0    0    0    0 
   470:    0    0    0    0   -1  -23  157 -143  304  -42 
   480:   92  -27   -9  -99   34   -4   16   21   37  -14 
   490:  -23  126 -188   14   -1   68   53    3   98  -24 
   500:  -32  -68  196   45  -16 -110  331 -300  -27   72 
   510: -333  158  -93   32  -15 -330   16   -1    0    0 
   520:    0    0    0    0    0    0    0  -53  229    2 
   530:  -36  -36  -42   -9  -25  131  -50  -58  -40   -7 
   540:  104  -43   11  -74   82  153   42  224  -66  212 
   550:   59   38   31 -122   45    2 -189   81  -62 -175 
   560:   87  172  -51  -36   13   -8   14 -335   12    0 
   570:    0    0    0    0    0    0    0    0    1  -52 
   580:  -16   53  -59    9  -10  -18   -3  183   18   61 
   590:  -27 -157  -88 -113  -22   21   38  -17   13   24 
   600:  111   38  120  105  122   22  -86   41  -41   64 
   610: -192   22  -69  -66   56   -3   -3    0   11 -332 
   620:    9    0    0    0    0    0    0    0    0    0 
   630:   -3  -10 -240  -26   25  -49  -38   73  -14 -164 
   640:  121  -15  -47  104  -35  -99  -85   78  -53   20 
   650:  -58  132  -69  120   95 -111    4   14   86   84 
   660:  -35   14 -192  -15    6   12   -4    0    0    0 
   670:   11 -319    9    0    0    0    0    0    0    0 
   680:    0   -1  -30  229 -134   44 -123   89  -71  -17 
   690:   -2   40 -112 -165   65  -14  -67  100  -34   13 
   700:  -33   58 -220   50   74  -20   18  -76   -2   -9 
   710:   83  -37 -149   35  -80  152  -22   -2    0    0 
   720:    0   -1   16 -322    6    0    0    0    0    0 
   730:    0    0    0   -1  -46  331   32  173  -16   -1 
   740:  -70  -57 -106   80  140  185 -145 -131  -21  164 
   750: -105   -7   42   72  -17  -18  169  -79  -94   94 
   760:  -31   95   73  -32   24 -129 -194  138  -29    1 
   770:    1    0    0    0   13 -334   13   -1    0    0 
   780:    0    0    0    0    0   -1  -29  195 -207  -14 
   790:   66  165   59  112  -32 -143  -68  -73   83  166 
   800:   43  -53  -39   24   12  -16  -41   20  -43  315 
   810:  -41   49    5   69  -15  109  -68   57  200  111 
   820:  -47    0    0    0    0    0   11 -339   15    2 
   830:    3   -1    0    0    0    0    0   -1  -32  236 
   840: -126  116 -100   42   -8   53   12   -6  284    4 
   850:   80    6 -102  -74 -178  184   65   52 -173   52 
   860:  -34 -128   36  -15   11 -105   81  -14 -251   80 
   870:   15 -261  -30    1    0    0    0    0   11 -330 
   880:   14    0    0    0    0    0    0    0    0    0 
   890:  -18  113 -231  101 -133 -112   18 -153  -53 -144 
   900: -131  -51   43   21   64   13   20  -18 -199   83 
   910:   84   32   47  -28   68   33   29  -49  -81   -6 
   920:  -37  161   77   78  -34   -2    0    0    0    0 
   930:   13 -329    9    0    0    0    0    0    0    0 
   940:    0    0    1  -51 -277   88 -133  -53   33  168 
   950:   46   60  -78  -67 -113   -6  -65  167   18    5 
   960:  -54   93  105   39  125  -44  -18  -62  -61  -78 
   970:    3 -107  -28  -89   39 -275  -26    0    0    0 
   980:    0   -1   16 -324    7    0    0    0    0    0 
   990:    0    0    0    0    2  -58  -79   92   80  -54 
  1000:  -93   21  -29  111   95   95  -38   19   -8 -156 
  1010:   25   66  -64  -20  -86  105   85   80  194  -50 
  1020:  133   -2  -32 -105  -33  -13   40  -77   22   -7 
  1030:    0    0    0   -1   17 -317    4    1    0    0 
  1040:    0    0    0    0    0    0    0  -49  123  153 
  1050:   -2   99  -43   34   23  -87   78   27  -86    0 
  1060:  -85  -44   12  106    3  -55   26   95   63  -72 
  1070:    1 -161  -83   85  -22   73  -28   22  108    1 
  1080:  -46    2    0    0    0   -1   19 -317    4    1 
  1090:    0    0    0    0    0    0    0    0   -1  -38 
  1100:  235   -6 -129  -17  -27   79   47  104  -89  -64 
  1110:  -19  100   37   77  -65   23  -14  162 -149    6 
  1120: -107    2  -62  -33   44    6 -146   42  -20  -13 
  1130:   89  -60   17   -6    0    0    0   -1   19 -328 
  1140:    8    0    0    0    0    0    0    0    0    0 
  1150:   -1  -37  272   30 -132   42   54   26  -33  -70 
  1160:   42   58  -56   78  -67  -20   78   39 -164   18 
  1170:  -26   16 -106    8   18 -236 -124   83 -121  -75 
  1180:  -37  -61   -7  -81   -3   -2    0    0    0   -2 
  1190:   22 -334    6    0    0    0    0    0    0    0 
  1200:    0    0    0  -10   58 -258   -8  -14   36  -20 
  1210:  -25   54  -66   -7   51  -31  -27  -20 -163   10 
  1220:    0 -138  -28   89   47  -59  -29 -175  -13 -116 
  1230: -117  -53   39   45   -4  128  -30    0    0    0 
  1240:    0   -2   24 -316    1    1    0    0    0    0 
  1250:    0    0    0    0    0  -12   63 -299   19  -21 
  1260:  -64  -29   58 -182  192  -36   34  128 -122  -21 
  1270:   18  -26   -3   96   -2 -186  -33 -106   97   12 
  1280:   28   24  -22    4   16   26  -59  126  -23    0 
  1290:    0    0    0   -2   24 -307    0    1    0    0 
  1300:    0    0    0    0    0    0    0  -14   93 -130 
  1310:   66   13   27  -94   28 -138   15   28  131   24 
  1320:  -16  -87  -44  -76  115   76  -61  -36   -6   22 
  1330:  -51   53  -19   52 -122 -138   14   12 -173   77 
  1340:  -11    0    0    0    0   -2   26 -310    0    1 
  1350:    0    0    0    0    0    0    0    0    0    1 
  1360:  -42 -143   83   34   27  -14   76   90   38  -47 
  1370:   48  -33   33  -54  -34  -40   72   93  158   35 
  1380:  143  -43 -102  -65   16   -1   26   13 -178  -84 
  1390:  159  168  -24   -1    0    0    0   -2   25 -308 
  1400:    1    1    0    0    0    0    0    0    0    0 
  1410:    0    0  -30   61  106   23  -50   10  -64  -24 
  1420: -102  -92  -18  -25    5    5 -105   93 -114   -4 
  1430:   63  -80  -36  -62   19   34   -8   13  -73   68 
  1440:   48  -91  -30    1   -3    0    0    0    0   -2 
  1450:   25 -309    2    1    0    0    0    0    0    0 
  1460:    0    0    0    0  -28  146   18  -10  -23   24 
  1470:  163  -68   41  -71  -30    8 -120   60   82   55 
  1480:  -34  105   12   96  201  136   17  -70  -35   62 
  1490:  -85   17  -53   21  -10  -17    0    0    0    0 
  1500:    0   -2   23 -307    4    0    0    0    0    0 
  1510:    0    0    0    0    0    0  -29  166  -39    1 
  1520:  -12   30  -76   40   11 -135  -80 -204   23  -50 
  1530:  -44   13    8   12  -19   -8  -10 -163  -14    5 
  1540: -146  -87   57 -183  -96 -107   96  -15    0    0 
  1550:    0    0    0   -2   27 -319    4    0    0    0 
  1560:    0    0    0    0    0    0    0   -1  -28  214 
  1570:  228  -93  116   23  -90   16   54  -19   77   40 
  1580:   47  -67  -98 -115 -108  -95   13  -16   20    1 
  1590:   -4   -2  -46  174   60  -42 -233  -87   37   -6 
  1600:    0   -3    0    0    0   -2   27 -327    4    1 
  1610:    0    0    0    0    0    0    0    0    0   -1 
  1620:  -30  238   89 -178 -191   54  134  126  -39  118 
  1630:   36   38 -106 -196  -15   59   10 -155 -159  -52 
  1640:  103   20  118  -20  -22   -8  -14   -1   17   23 
  1650:    1    0   -1    5   10   -1    0   -3   29 -320 
  1660:    1    1    0    0    0    0    0    0    0    0 
  1670:    0   -1  -22  149  -39   60   52   45  180  -76 
  1680:   72   77  -87  -30   77 -131   60  -12   15  280 
  1690:   71   23  -21  -31  -79   46  128  -51   55   20 
  1700:   98 -187   -6    1    0    0    0    0    0   -3 
  1710:   34 -320    1    1    0    0    0    0    0    0 
  1720:    0    0    0   -1  -27  170  100 -123  -28  193 
  1730:  -16  -85    0  -38  -66   35  248 -207   85   91 
  1740:  -30   60  -37   88    8  -19  -94  -44 -101  -64 
  1750:  -51   26  309 -172  -24    1    0    0    0    0 
  1760:    0   -3   30 -306   -1    1    0    0    0    0 
  1770:    0    0    0    0    0   -1  -17  106  -11 -113 
  1780:  128  -34 -160  -70 -130  -18 -125   51   67   66 
  1790:  289  -27   48  179  -53   21   86   30   27  -97 
  1800:    2   48  -73   -4  211 -358  -29    3    0    0 
  1810:    0    0    0   -3   33 -327    1    1    0    0 
  1820:    0    0    0    2   -1    0    0    1  -29  -21 
  1830:   56  142  -71  -26  147   27  -88   97  -66 -108 
  1840:   68    3  -23  -48   50  236  125   31 -100    8 
  1850:  -70 -165  -96  147    4  251  -82   -5   -8    0 
  1860:    0    1    1    0    0   -3   36 -321    0    1 
  1870:    0    0    0    0    0    2    0    0   -1    3 
  1880:  -39 -166    5  262 -131 -135  108  187 -172  -14 
  1890:  -33   -3  -11   56 -107  113  -45  -71   53   76 
  1900: -118   30 -117 -104 -100  150    5   79 -202  214 
  1910:  -25   -1    0    0    0    0    0   -3   35 -309 
  1920:   -3    1    0    0   -1    0    0    0    0    0 
  1930:    0    1  -40  -13    4  -15 -120 -189  104  -46 
  1940:  -13  -26  101  -63  133   39  -33  142  252 -159 
  1950:   67   49 -157  -37 -149   47  -75  110  265  361 
  1960: -136   36   -7    0    0    0    0    0    0   -4 
  1970:   43 -298   -5    2    0    0    0    0    0    0 
  1980:    0    0    0   -1    6 -148 -190  -99  -21   78 
  1990: -197   41    1  -34   26  -29   47   19 -179  -12 
  2000:  -98   77  -60   37   33  -29 -168  161  198 -158 
  2010:  124 -228 -341   33   -4    0    0    0    0    0 
  2020:    0   -4   44 -302   -4    2    0    0    0    0 
  2030:    0    0    0    0   -1  -25  169  118    6  144 
  2040:  -57 -213 -129  163   69  -47   57  130  188  -27 
  2050: -310  -22   53  191    0  -48  -49 -129  -96 -264 
  2060:  106   24  -74  -16  -96  171  -19   -1    0    0 
  2070:    1    0    0   -5   48 -294   -5    2    0    0 
  2080:    0    0    0    0    0    0   -1  -28  201  -26 
  2090:  -65  -82  -28 -260 -123  -44  -39  -46   69  107 
  2100:  187  105   -5 -180   14  230   -7 -106  -43  -61 
  2110: -139 -262   25 -135 -120   99  100   -5   -4    0 
  2120:    0    0    0    0    0   -5   46 -305   -4    1 
  2130:    0    0    0    0    0    0    0    0    0  -46 
  2140:   91  158    0 -173  -88   87  -60  125   50  -71 
  2150:   53   62  140 -105 -120   19  -77  -21  171   41 
  2160:  -37   76   -3   22  -41  -33   32   -3 -100  178 
  2170:  -22   -1    0    0    0    0    0   -5   50 -311 
  2180:   -5    2    0    0    0    0    0   -1    0   -1 
  2190:  -12   60 -202    0   63 -235  -48 -109  -50  -31 
  2200:   91  -23   17   23  169  104   -6    0  -84   54 
  2210: -106  -25 -236 -321  -48 -200  166   75   87  142 
  2220:  196   64  -19   -1    0    0    0    0    0   -7 
  2230:   58 -316   -5    2    0    0   -2   -7    0   -2 
  2240:    6    2  -27   66  -17 -360 -178   77   -6  -32 
  2250:  -18   39   32  -85  -85   -2  213  -91  158   94 
  2260:   53 -183   76  199  -90 -230   16    8  289  148 
  2270:  108  274 -196 -207  -15   -1    1    3    3    0 
  2280:   -1   -7   58 -304   -3   -1   -4   -5   17  -13 
  2290:    8   33   -5   39   26 -127 -108  -45  -26  133 
  2300:   17  -35  191  132   40   83   -1   35  -18  -43 
  2310:  -49  -67  228  252   44  171  -40  -30  -65  -25 
  2320:   62  134  -48  133   35 -272  118  -23    0    1 
  2330:    0    0    0   -6   58 -290    1   12   17   -6 
  2340:  -92 -303  -11 -172  248  114  243 -140  -28   51 
  2350: -155   49 -204   67   41   -9 -140   38  254  -81 
  2360:  163  -16   81  -45 -106  103   28  260    1  -24 
  2370: -136 -224   -3   76  -81    6   85 -121  -62  -38 
  2380:    2    0    2    1   -1   -6   60 -307   82  -75 
  2390: -277 -174  199 -248  432  -88    9  385 -315  -71 
  2400: -295  331 -267  221  362   59  367  117   97 -761 
  2410:   78  487 -697    9  -14   14   13  -45   -5   28 
  2420:   -9   -7   22  -35   26   -3  -16   47  -20  -26 
  2430:   22   10  -11   34    1   -3   11   -4   60 -336 
  2440:   23  288 -164 -302 -225  122 -100  260   42  -40 
  2450:   46  108 -105   64   34 -128  228 -446 -252   13 
  2460:  -16 -152 -259  229 -602   44    4   -1   13 -192 
  2470:    6   74    0 -109  -14   17   40  -25   40   69 
  2480:  -27 -191   41  -11  -14   49   68   11    4   10 
  2490:   44 -313   26  -91  210  160 
