     0:   25   30   25   27   35   30   35   43   38   38 
    10:   35   38   47   46   52   44   55   62   56   52 
    20:   54   60   68   73   69   73   74   76   86   88 
    30:   84   93   87   93   89   98   95   94   96  105 
    40:   98  104  125   58  112  120  122   84   80  118 
    50:  115  120   -3   -4   -4   -4   -5   -4   -5   -6 
    60:   -5   -5   -4   -5   -6   -6   -4   -5   -6   -6 
    70:   -6   -5   -6   -6   -7   -7   -7   -7   -6   -7 
    80:   -7   -7   -7   -7   -6   -7   -6   -7   -7   -7 
    90:   -7   -7   -8   -7   -6  -12   -8   -8   -9   -6 
   100:   -5   -7   -7   -7    0    0    0    0    0    0 
   110:    0    0    0    0    0    0    0   -3  -13    1 
   120:    0    0    0    0    0    1   13   -1    0   -1 
   130:    0    0    0    0    0    0    0    0    0    0 
   140:    0    0    0   -2    2    2   -2   -8    1    0 
   150:    4    6    1   -1    0   -1    0    0    0    0 
   160:    0    0    0    0    0    0   -2    4    5   86 
   170:  -64  -14   -2    0    2   -1   10  -18 -105   14 
   180:    1  -10    9   -6   -3    2    0   -1    0    0 
   190:   -1   -1    3   -1    5    3   89  -76   62  -11 
   200:   -1    8   88   14   10    0    0    0    0    0 
   210:    0    0   -1   -1    0    0    0    0   -4    7 
   220:  -37   41  -15  -19    2   35  -39  -28 -196    7 
   230:   35   33   29   95  -73   54   30  -19   -1   -4 
   240:    8    5    5    5  -24    0    2  -13   26  -77 
   250:   31   -8    1  -16   36   15    5    0    0    0 
   260:    0    0    0    0    0    0    0    0    0   -4 
   270:   42   -2  -39  -13  -11   25  -55  -31   13  -72 
   280:   19 -182   45   -6   42   91  -88   -2  -35  -14 
   290:  -65  118  -56  -35   31   76  -73   27  -12  -41 
   300:    4  -31   -6   -9    3   -8    2  -33   -2   -1 
   310:    0    0    0    0    0    0    0    0    0    0 
   320:   -3   13  -52   22   17  -17   32   38  -68   49 
   330:   47  -61   16  -47   33 -120   56  -28  161    9 
   340:  -16  -70   85   62 -122    6    9   63   51  107 
   350:   20   -5  -10    5    6   10   17   -8   19   -1 
   360:   -1    0    0    0    2    0    0    0    0    0 
   370:    0    0   -1    7   52   -6   18   14  -21  -11 
   380:   18   52   18   -2    6  -25   87 -180   14   47 
   390:  -50  162  174   -1   70  -47  -82   15 -101  131 
   400:   35   16   33   12    6    0    2    6   36   50 
   410:   -5   11    1    0    0    0   -3    0    0    0 
   420:    0    0    0    1   -1  -30  -31  -62  -37   60 
   430:  -64   -5  -44   50  -24   55  -27  -33  -18   29 
   440:  186  177   72   29  154  -58    7  -28  -80  -19 
   450:  -39   29  -69   41   54  -14   -5   13  -23   13 
   460:   -9  114   -4    4    0    0    0    0    0    0 
   470:    0    0    0    0    0    1   -7   25  -83    1 
   480:   -4   37  -15  -13  -10  -17   17   41  -39   40 
   490:   29   70 -165  126  101   46   43    7   -2   84 
   500:   45   38   79   83   11    8   -7   13   31  -59 
   510:  -13   -5  -11   -6    1    0    0    0    0    0 
   520:    0    0    0    0    0    0    0    1  -27   -3 
   530:  -11  -15    6   32   -1   10    5  -38  141   65 
   540:  -41   11   55  -54  -93  -31   -2   60   23   66 
   550:   53   14   10  -40   34  -31   70    7  -49   38 
   560:    1 -254    5   -5    2   -1    0    0    0    0 
   570:    0    0    0    0    0    0    0    0   -1    4 
   580:  -48  -19  -12   39  -21   20  -55  -18   18  -50 
   590:   35   41   40   40   59  -33  219  -38   41   67 
   600:  127    1  -29  -32  -24   58  -74  -17   48  -45 
   610:  -15  -34   -1  -34    2   -1    0    0    0   -2 
   620:    2    0    0    0    0    0    0    0    0    0 
   630:   -2    6  -46   21  -41   30  -36  -13   25    0 
   640:   15  -15   21  -74    4  -27  -44  -37  -36  -22 
   650:   17  -13  145  -63  -15  -32   24   38 -120   15 
   660:   62  -10   79    2   -1    7    0    0    0    0 
   670:    0   -2    1    0    0    0    0    0    0    0 
   680:    0    0    0    5  -27   -6  -30  -36   36  -37 
   690:  -11    8   29    0    5  -23  -20   83   19   77 
   700:   53   67  -38   16  -22   14   66  -54  -23   -3 
   710:  -36    9   49  -22   37   32   -4    1    1    0 
   720:    0    0    0    5   -1    0   -1    0    0    0 
   730:    0    0    0    0   -2   -2  -65   55   16   25 
   740:   14   -2   53   34   17   -9  103    9  -10   -6 
   750:   50  -44  -14   28  -40    0  -37  -41   56   30 
   760:    7    1   52   15   71   40  -10   56   15    1 
   770:   -1    0    0    0    0   -4   -6    0    4    0 
   780:    0    0    0    0    0    0    1   -2   31   12 
   790:   30   52  -96   20   -1   -5   19   28   65   98 
   800:   -9   27    3   -9    1   36    4  -28   17    2 
   810:  -11    6   -9  -24   97   25   -9  -18    1  -19 
   820:   -6    3   -1    0    0    0    0    0    1   -1 
   830:    4    0    0    0    0    0    0    0   -1    6 
   840:  -43   54  -42  -49   63   -3  -28  -30  -49  -85 
   850:   -8  -28   -2  -45  -38  -47   20  -34    8    2 
   860:   17   17  -55  -54   -6   15   -5   -4 -128   16 
   870:   22  -74  -20    1    0    0    0    0    0    4 
   880:    2    0   -1    0    0    0    0    0    0    0 
   890:   -2    8  -62    5   54   59   39   32   67   43 
   900:   22  -12   10   33   54   19  100   38   36   40 
   910:   45   39   37   24  -32   19   -3   40  -19  114 
   920:  -95   -5   20   50  -17    3    0    0    0    0 
   930:    0    0    0    0    0    0    0    0    0    0 
   940:    0    0    0    4  -38   39   31   70 -129   51 
   950:    6   80  -19   15   21   -6   -7   31 -126   24 
   960:  -20  -67  -37  156  -22   14   -3  -18   -6   66 
   970:   70    9   89  -23   -2  -16  -13    1   -1    0 
   980:    0    0    0    1    0    0    0    0    0    0 
   990:    0    0    0    0    0   -4   30   -2   30  -29 
  1000:  -50 -109  -16  -38  -49  -74  -25  -17  -58  -18 
  1010:  -30   -8   49  -77  -81 -135   86    1  -41  -53 
  1020:   10  -39  -38  -75   68  -49  -52  -21  -12    1 
  1030:    0    0    0    0    0    1    1    0    0    0 
  1040:    0    0    0    0    0    0    0   -3   -8  -54 
  1050:  -11  -32  -24  -55   19    4   44    9  -44   53 
  1060:   16  -87  117   11   80  -38  286  191    1  104 
  1070:  -42  -56    0  -18   42  -49   21  -71 -130   95 
  1080:  -61    5    0    0    0    0    0    0    0    0 
  1090:    0    0    0    0    0    0    0    0    0    9 
  1100:  -29  225  -60 -129    3   85 -179  -46  -40  -29 
  1110:    9 -163   52  160   17   66 -241   70 -480 -347 
  1120:   90  -68  -15   34   -9   40   61   17  -51   40 
  1130:  -81  -44  -70   10   -5    0    0    0    0    2 
  1140:    1    0    0    0    0    0    0    0    0    0 
  1150:    0    2   -8   44 -245   77   96  -56  104  -87 
  1160:  165  -45 -117   85 -211  183 -426    5 -145 -162 
  1170:  333   77 -190  -77 -119   64   46    3   -7  -89 
  1180:   16 -104  -60   35  -36    7    1    0    0    0 
  1190:    0   -1   -2    0    0    0    0    0    0    0 
  1200:    0    0    0    2  -13   67  -75  286 -163  -80 
  1210:  112 -102   -4 -271   76  133   53  -30  186  -54 
  1220:  321  148 -325    5  135  -92  -53  -16  -22   -3 
  1230:   57    3  104  -42   93  -57   -3    2    0    0 
  1240:    0    0    0    0    1    0    0    0    0    0 
  1250:    0    0    0    0    0   -5   23 -148  123 -123 
  1260:   62 -109   71   37 -311  155  580   14  125  231 
  1270:   93   98 -333  -19  316  187  -60  -65    6  -73 
  1280:   39   85  -98  188   19  -68   86   37  -17    5 
  1290:    0    0    0    0    0   -5    0    0    0    0 
  1300:    0    0    0    0    0    0    0   -2    5  -70 
  1310: -176 -187  -67  202  -24 -146  343  598  291   72 
  1320: -172 -444  105   54  245   35 -519   36  245  -50 
  1330:  -68  -31  150  -43   50  114  -56  107  -48 -100 
  1340:   16   -1    0    0    0    0    0    3    2    0 
  1350:    0    0    0    0    0    0    0    0    0    0 
  1360:   -2  -53 -144 -349 -173  -40 -283  129  384  209 
  1370:   74  175  388 -205 -346 -246  -46  464  278 -160 
  1380: -379  196 -194  236 -130  -83  208 -217  -58  193 
  1390:  -35   -7    1   -2    0    0    0    0    0   -2 
  1400:   -1    0    0    0    0    0    0    0    0    0 
  1410:    0    0   -1    8   18  171  267  141   28   69 
  1420:    7   36  -34   29  -10 -182 -145 -169   19   -3 
  1430:  205  -26  294 -356   95   39 -112  251 -192   80 
  1440:  -65  154   66   23    3    0    0    0    0    0 
  1450:    0    6    3    0    0    0    0    0    0    0 
  1460:    0    0    0    0   -2    4 -111  -61 -207 -134 
  1470:  316  170    2  -65 -129   38   84    6  -49  -20 
  1480:    9  -36   24  -15   30  205 -128 -264  260 -231 
  1490:  182   55 -205   61   -4   19   -4    0    0    0 
  1500:    0    0    0   -2    0    0    0    0    0    0 
  1510:    0    0    0    0    0    0    7  -16  222  186 
  1520:  269  511  295  452  254 -472 -333 -329 -359  376 
  1530: -249 -257   11  112   63  -30    0   18   19  -39 
  1540:   44  -30  -55   94 -204   19   70  -15    6    0 
  1550:   -1    0    0    0    0   -2   -1    0    0    0 
  1560:    0    0    0    0    0    0    0    0   -2    1 
  1570:  -84 -265  204 -245 -552  103 -202  263  231  352 
  1580:   21 -125  281   40 -387  -97  405    8 -383   90 
  1590:  134  -18   11   20  -31    0  -42  -53   -2    0 
  1600:    0    0   -1    0    0    0    0   -4   -2    0 
  1610:    0    0    0    0    0    0    0    0    0    0 
  1620:   -7   23 -265  132  -33 -218  -21  -39   75    4 
  1630: -153  -79  101  -78 -197  270  136   82 -279  245 
  1640:  115 -335  202   76  -93   97  150   60  144    1 
  1650:   -1    1    0    0    3    0    0    0    0   -2 
  1660:   -1    0    0    0    0    0    0    0    0    0 
  1670:    0    0    0    2   39  220 -225 -152   77   95 
  1680:  -20 -115   13   60 -108   39   64  -90   43  -23 
  1690:  172  -17   11   -3 -181   75  246 -209 -103  130 
  1700:   48  134   42    3    0    0    0    0    0    0 
  1710:    0    0    1    0    0    0    0    0    0    0 
  1720:    0    0    0    0    5  -16  201 -254   16  -24 
  1730:  -29   -8 -197 -178  -29  149  279   41   13   -7 
  1740:  -54  -32   62  -82  179  193  183 -148 -388  226 
  1750:  -33   93 -319   30   22   -1    0    0    0    0 
  1760:    0    0    0    0    3    0    0    0    0    0 
  1770:    0    0   -3    0    0    0    8   30  315  201 
  1780:  157  -73   55  351  241   84  316   15   28   10 
  1790: -141   74   36 -127  158  -87 -240 -215  -75  314 
  1800:  116 -301 -101  172  245    5   21    0    0    0 
  1810:    0    0    0    0    0    6    4    0    0    0 
  1820:    0    0    0   -1    6    1    0    0    0    3 
  1830:  -64  154 -265   58  -22  131  -58 -238 -170  -70 
  1840: -323  -79  152 -100  116  -45   51  128   27   27 
  1850:  -68  -74  -61  293  -79 -177  -85   72  -20    3 
  1860:    0    0    0    0    0    0    0    1    1    0 
  1870:    0    0    0    0    0    0    0    0    0    1 
  1880:   -7  -23 -272   30  278  348  217 -112  306  -39 
  1890:  -20   81   14 -281   93 -179   -7  150  -21 -245 
  1900:   -7   74   57  -47   35 -182   -4  -64  157   -4 
  1910:    6    0    0    0    0    0    0    0    0    0 
  1920:    0    0    0    0    0    0    0    0    0    0 
  1930:    0    0    6  -98   72  131  385  -11 -152 -279 
  1940:  100  249   99   12  138  -79   74   43   36  127 
  1950:   60   11   38 -239 -282  341    3  114  285 -101 
  1960: -358 -190    9   -3    0    0    0    0    0    0 
  1970:    0   -3    0    0    0    0    0    0    0    0 
  1980:    0    0    0   -4   18 -148  -65  -87 -142 -177 
  1990: -342  -17 -101    5  164  158 -310   46   41   99 
  2000:   25  218  -85   56 -106  293  205  -96  119 -245 
  2010: -314   -6  -54  151  -21    6    0    0    0    0 
  2020:    0    0    0    0   -1    0    0    0    0    0 
  2030:    0    0    0    0    0   -5   14 -204   89  -89 
  2040: -200   29 -139  261 -194 -372   11  438   59   10 
  2050: -120  109   -3 -144    8   -3   79 -367   87  287 
  2060:  254  374  235  344  104  -35    4   -1    0    0 
  2070:    0    0    0    0    0    0    1    0    0    0 
  2080:    0    0    0    0    0    0    0    0  -52 -135 
  2090: -107 -135   84 -134 -212 -228   53  131 -146   83 
  2100:  465   78 -170  -55  228 -224  117  -92  -57   32 
  2110: -151 -138 -108  -74  -26 -259 -293   18  -11    0 
  2120:    0    0    0    0    0    0    0    0    0    0 
  2130:    0    0    0    0    0    0    0    0    0   -5 
  2140:   50  271  309  -24 -169 -271  192  243  528  384 
  2150:  352  -63  -15   24   93  -68  -70  103 -149  163 
  2160:   55  -22 -111    6  -60  -37 -262  -52  250   18 
  2170:   22   -1    0    0    0    0   -1    0   -1   -4 
  2180:   -4    0    0    0    0    1    1    0    3    2 
  2190:   10  -42  -16 -140   74  -20 -306  -18  268  -13 
  2200: -177 -445 -478 -524 -128 -215 -298  441 -137  -86 
  2210:   15   57    7  -56  -81   30  -33  202  225  410 
  2220:  140   86  -88    9    0   -1   -1    0    0    0 
  2230:    1    2    0    1    0    0  -10  -11   -9    0 
  2240:  -23  -19  -33   35  -33  -59 -268  -50  168    6 
  2250: -292 -483 -309   54  302  421  331  244 -224 -293 
  2260:  257 -150   20  -11    4  191   -2   -4  214  -98 
  2270:  -38 -353 -137 -152   19  -23    0    0    0    0 
  2280:    0    0    0    3    0    2   -3   -4  109    6 
  2290:   -8   24   -8  -11  -19   84   62  185  -36  174 
  2300: -149 -168  -38  -51 -134  146  -39  -10 -208 -126 
  2310:  -52 -213 -216  214   65   58  181    2   72  -65 
  2320:  140  170  178 -159  390  239  186   55   13   11 
  2330:   15   15   15   15   13   19   21 -114   21    7 
  2340:   63   48   49   31   26  -38  -12   19  139  136 
  2350:  -23  116  -20  -22   54  194  -61   59 -159   92 
  2360:  205  127  134   73   68  -69  103   56  -49  127 
  2370: -184    3 -168   39 -122   53  -75  102   77  -77 
  2380:  -95 -105 -117 -123 -121 -120 -117 -102  -51   82 
  2390:   50   47 -291  -32  -98  -38  -59  -44  -62  -75 
  2400:  -61   69  -79  -14  -29   15   70   36   -6   11 
  2410:   18   55   57   24   44   62   61   73   18   13 
  2420:  -33  -32  -31 -148 -142 -127  -97 -111  -46  -88 
  2430:  104  261  209  130    0  -45  -61  -87  -86 -102 
  2440:   44  163   87  171  -65   28 -142  -22 -128  -75 
  2450:  124 -115 -145   89 -217  177  -44  -78 -163 -103 
  2460: -178  199  -90  -64  -65  -42  -59  -50  -39  -15 
  2470:    6  -40    8   24   35  124  136   54   23    6 
  2480:    3   37 -137 -250 -249 -212 -216  -79   32   63 
  2490:   82   90   69   31   -3   35 
