     0:   -1    0    1    0    0    2   -1    0    0    0 
    10:    0   -1   -1    1    0    0   -1    1   -1    0 
    20:    1    0    0    0    1    0   -2   -1    0    1 
    30:   -1    0    1    0   -1    0   -1    0    0    0 
    40:   -1    0   -5   -1    0    0    0    1    1    0 
    50:    0    0    0    0    0    0    0    0    0    0 
    60:    0    0    0    0    0    0    0    0    0    0 
    70:    0    0    0    0    0    0    0    0    0    0 
    80:    0    0    0    0    0    0    0    0    0    0 
    90:    0    0    0    0    0    1    0    0    0    0 
   100:    0    0    0    0    0    0    0    0    0    0 
   110:    0    0    0    0    0    0    0    0    0    0 
   120:    0    0    0    0    0    0    0    0    0    0 
   130:    0    0    0    0    0    0    0    0    0    0 
   140:    0    0    0    0    0   -1    0    0    0    0 
   150:    0    0    0    0    0    0    0    0    0    0 
   160:    0    0    0    0    0    0    0    0    1   -1 
   170:    0    0    0    0    0    0    0    0    0    0 
   180:    0    0    0    0    0    0    0    0    0    0 
   190:    0    0    0    0    0    1   -1    0   -1    1 
   200:    0   -1    0    0    0    0    0    0    0    0 
   210:    0    0    0    0    0    0    0    0    0    1 
   220:   -2   -2    1   -1    1   -1   -2    0    3    0 
   230:    0    0    0    0    0    1    0    0    0    0 
   240:    0    0    0    0    0    0    2   -3   -2   -4 
   250:    3   -2    3   -1   -2    0    0    0    0    0 
   260:    0    0    0    0    0    0    0    0    0    0 
   270:    0    0    2    4   -2    4    2    2    4    3 
   280:    1   -6   -1   -2    1    1   -2   -2   -1   -1 
   290:    0   -1    0    0    0    0    0    1    0    0 
   300:    3    2   -3    1   -2    0    0    1    0    0 
   310:    0    0    0    0    0    0    0    0    0    0 
   320:    0    1    0    0   -1   -1   -1    3    0    1 
   330:   -1   -4   -1   -1    4   -4   -2    4   -1   -1 
   340:    0    1   -2    3    1    2    2    2    0    0 
   350:   -1   -1   -1    0    0   -3    0    0    0    1 
   360:    0    0    0    0    0    0    0    0    0    0 
   370:    0    0    0    2    1   -1    0    1    1    0 
   380:    0    1   -1   -1   -2    2   -6   -1    1   -2 
   390:    2    3   -1   -1   -4   -3    1   -1    2    1 
   400:   -1    0    0    0    0    0   -1    2    0   -1 
   410:    0    1    0    0    0    0   -1    0    0    0 
   420:    0    0    0    0    1   -4    0    2   -5    1 
   430:   -1    1    0    0    0   -1    4    0   -1   -1 
   440:    2   -3    2   -2   -2   -1    3    3   -2    2 
   450:   -1    0    0    0   -1   -1    0    0    1   -1 
   460:    1   -2    0    1    0    0    0    0    0    0 
   470:    0    0    0    0    0    0   -3    4    1    0 
   480:    3    0    0    1   -1    2    2    2   -2    2 
   490:    3    1    4    2   -3    1    2    2   -1    1 
   500:    0   -1    0    0    5   -1    0    1    0   -1 
   510:    0    1   -2    0    0    0    0    0    0    0 
   520:    0    0    0    0    0    0    0    0    0   -1 
   530:    0    0    0   -1    0   -1    0   -3    0   -4 
   540:    1   -1    2   -2   -4    2    2   -1    0   -1 
   550:   -3   -1    2    0    2    0   -3   -2    0    1 
   560:    0    2    1    0    0    0    0    1    0    0 
   570:    0    0    0    0    0    0    0    0    0    0 
   580:    1    1   -5    2    0    4   -2    1    0    3 
   590:    2    2    1    1    4    3   -3    0    2    1 
   600:    1    0    2   -1   -1   -2    1    0    2   -1 
   610:    1   -1    0   -1    0    0    0    0    0    0 
   620:    0    0    0    0    0    0    0    0    0    0 
   630:    0    1    0    1    1   -1    0    0    0    0 
   640:   -4   -2    1    2   -2    2   -3    0    1    0 
   650:   -2   -6   -1    1   -1    1    1   -1   -1    2 
   660:   -3   -2   -1    0    0    0    0    0    0    0 
   670:    0    0    0    0    0    0    0    0    0    0 
   680:    0    0    0    1   -1    1   -1   -2    0    2 
   690:   -1   -3    2    3   -2    0    6   -1   -2   -2 
   700:    1   -1   -1    2    2    0    0    0   -1    0 
   710:    1   -1    1   -2   -1    0    0    0    0    0 
   720:    0    0    0    0    0    0    0    0    0    0 
   730:    0    0    0    0    0   -2    3    0    0    0 
   740:    0   -2    0    1   -1    0    1    0   -2    2 
   750:    0    1   -1    0    0   -2   -1   -1    0    0 
   760:    0    0    0   -1    1   -1   -1    0    0    0 
   770:    0    0    0    0    0    0    0    0    0    0 
   780:    0    0    0    0    0    0    0    1    1    0 
   790:    0   -2   -1    1    0    1    0   -2    1    0 
   800:    3    0   -1    2    0    0   -1    0    0    1 
   810:   -1    4   -1   -1    2   -4    1    3    0    0 
   820:    0    0    0    0    0    0    0    1    0   -1 
   830:    0    0    0    0    0    0    0    0    0    1 
   840:    1    0   -1    3    2    1    1   -4   -3   -2 
   850:   -3   -2    3    0   -1    0   -2    0   -1    1 
   860:   -1    0    3   -2    0    1   -2    3    1   -2 
   870:    1    0    0    0    0    0    0    0    0    0 
   880:    0    0    0    0    0    0    0    0    0    0 
   890:    0    1   -1   -1   -1   -1    0    2    2    1 
   900:    0    0   -2    1   -1    1    0   -4   -1    2 
   910:    0    0    0    0    1    1    0   -1    1    1 
   920:    0   -1    1    0    0    0    0    0    0    0 
   930:    0    0    0    0    0    0    0    0    0    0 
   940:    0    0    0   -1   -2    0    1    3    1   -1 
   950:    0    0   -2    1    1    1    3    1    0    1 
   960:    2    0   -2   -1    0   -1    0    0    0    0 
   970:   -1    0   -2    1    0    1    0    0    0    0 
   980:    0    0    0    0    0    0    0    0    0    0 
   990:    0    0    0    0    0    0    1    1    0   -3 
  1000:    1   -1    0    0    0    2   -1    1   -1   -4 
  1010:   -1    3    4   -1   -3   -2    1    0    0    0 
  1020:   -4    2    1    1    2   -3    0    1    0    0 
  1030:    0    0    0    0    0    0    0    0    0    0 
  1040:    0    0    0    0    0    0    0    0   -3   -2 
  1050:    0    0   -4   -2    1   -3    4    0    0    1 
  1060:    1    5    4    2    0    3   -2    0    2    1 
  1070:   -1    0   -2    0    3   -4    0    3   -1   -2 
  1080:    0    0    0    0    0    0    0    1    0    0 
  1090:    0    0    0    0    0    0    0    0    0    0 
  1100:    0    1   -3    0    2    1    1   -1   -3   -2 
  1110:    3    2   -1    3   -1    0    2    0   -4   -2 
  1120:    1   -1    2    2    4   -2    0    1   -1    5 
  1130:    4    0    0    0    0    0    0    0    0    1 
  1140:    0    0    0    0    0    0    0    0    0    0 
  1150:    0    0    0    0    2   -3    3    4    1   -3 
  1160:   -1   -3   -1    2    8   -4   -2    1    0   -4 
  1170:    0   -3    1   -2   -2    0   -1    4    1   -1 
  1180:    0   -4    1    2    0    0    0    0    0    0 
  1190:    0    1    0    0    0    0    0    0    0    0 
  1200:    0    0    0    0    0    1   -1    1    0   -1 
  1210:   -2   -2    6    4    0   -2   -4   -3    1    0 
  1220:    1   -1   -5   -3    2    2   -5    0   -4   -1 
  1230:   -1   -1    1    0   -1    0    0    0    0    0 
  1240:    0    0    0    0    0    0    0    0    0    0 
  1250:    0    0    0    0    0    0    0    1   -3   -1 
  1260:    3    0    2    0   -1    1    2    1    4    5 
  1270:   -2    0   -4    0    7    5   -2   -3    6    3 
  1280:    8    1    5    0    2    0    6   -1    0    0 
  1290:    0    0    0    0    0    0    0    0    0    0 
  1300:    0    0    0    0    0    0    0    0   -2    1 
  1310:    3    2   -2   -1    2    0    1   -2    1   -1 
  1320:   -1    1    1   -1   -1   -1    1    2    1    4 
  1330:   -5   -2   -3   -1   -1   -3   -2   -2    2    0 
  1340:    0    0    0    0    0    0    0    1    0    0 
  1350:    0    0    0    0    0    0    0    0    0    0 
  1360:    0   -3   -1   -5   -2    2   -1   -4    0    0 
  1370:    1    3   -3   -4    0    0   -3    0   -1    0 
  1380:    0    1   -1   -2    7   -5   -1    1    0   -1 
  1390:    5   -1    0    0    0    0    0    0    0    1 
  1400:    0    0    0    0    0    0    0    0    0    0 
  1410:    0    0    0    0    0   -1    4    0    0    0 
  1420:   -6    1    1   -4   -2    1    1    2   -6   -4 
  1430:    1    0   -5   -2    4    1    0    4    1   -3 
  1440:   -4    2   -1    0    0    0    0    0    0    0 
  1450:    0    0    0    0    0    0    0    0    0    0 
  1460:    0    0    0    0   -1    1    0    0   -4    3 
  1470:   -2   -1    1   -1    2   -1   -1   -4    0   -1 
  1480:    0    2    2   -6    3    4    1   -3    1    2 
  1490:   -2   -3   -1    1    1    0    0    0    0    0 
  1500:    0    0    0    0    0    0    0    0    0    0 
  1510:    0    0    0    0    0    0    0   -1   -2    2 
  1520:    1    1   -1   -3    0   -1    0    0   -1    1 
  1530:    0    0   -1   -1    0    1   -2    1    1    2 
  1540:    0    1    1   -1    7   -4    0    0    0    0 
  1550:    0    0    0    0    0    0    0    0    0    0 
  1560:    0    0    0    0    0    0    0    0    0    0 
  1570:   -4   -2   -3   -2    5    3    5    1    0    0 
  1580:    2    5   -1    1    0    4    0    0    0    1 
  1590:    1    1   -2    0    1   -2   -5    0    0    0 
  1600:    0    0    0    0    0    0    0    0    0    0 
  1610:    0    0    0    0    0    0    0    0    0    0 
  1620:    0    0    0    0    5    1    4   -3   -6    0 
  1630:    0    4    2   -1   -1    1   -5   -1   -2   -2 
  1640:    1   -3   -1    0    0    0   -1    0    1    1 
  1650:    0    0    0    0    0    0    0    0    0    0 
  1660:    0    0    0    0    0    0    0    0    0    0 
  1670:    0    0    0   -2   -1    1   -1   -1   -1    0 
  1680:    4   -3   -3   -4    0   -1    0   -2    2    0 
  1690:    0   -5    4   -5    6    0    1   -3    1    1 
  1700:    1   -2    0    0    0    0    0    0    0    0 
  1710:    0    0    0    0    0    0    0    0    0    0 
  1720:    0    0    0    0    0    0    6    6   -2   -2 
  1730:   -1    0   -1   -3    0    2    6   -1   -4    1 
  1740:   -6    0   -1    5    1    4    1   -1    0   -3 
  1750:    2   -5   -2   -1    0    0    0    0    0    0 
  1760:    0    0    0    0    0    0    0    0    0    0 
  1770:    0    0    0    0    0    0    0    1   -2   -1 
  1780:    1    0   -3    0    2   -3    0   -3   -4   -3 
  1790:   -3   -4    2    0    1    0    1    0    2   -6 
  1800:    0    0    2   -1   -1   -3    0    0    0    0 
  1810:    0    0    0    0    0    0    0    0    0    0 
  1820:    0    0    0    0    1    0    0    0    0   -2 
  1830:    5    3   -2   -1    0    1    3   -1   -2    3 
  1840:    2    0    2    1    0    3    1   -4    1    3 
  1850:   -2   -7    0   -1   -1    0    0    1    0    0 
  1860:    0    0    0    0    0    0    0    0    0    0 
  1870:    0    0    0    0    0   -1    0    0    0    0 
  1880:    0    0    3   -1    2    4    1    1    0   -1 
  1890:    7    0   -5   -1   -2    0    2    2    1    2 
  1900:    2   -2    2    5    2    0    0    0    0   -2 
  1910:    0    0    0    0    0    0    0    0    0    0 
  1920:    0    0    0    0    0    0    0    0    0    0 
  1930:    0    0    0   -4    2    0   -1   -4    0   -2 
  1940:   -1    4   -1    2    3    4   -4    0   -1    0 
  1950:    0    0    2   -1    0   -1   -2    3   -1   -1 
  1960:    3    0    0    0    0    0    0    0    0    0 
  1970:    0    0    0    0    0    0    0    0    0    0 
  1980:    0    0    0    0    2    2    2    4   -2    1 
  1990:    2    0    4   -2   -3   -3    0   -1    3    3 
  2000:    1    2    2    8    2   -2    0   -4    5    1 
  2010:    5    1   -2    0    0    0    0    0    0    0 
  2020:    0    0    0    0    0    0    0    0    0    0 
  2030:    0    0    0    0    0    0   -2   -1    0   -5 
  2040:    1    0    2    2    2   -2    1    5    4    4 
  2050:   -4    1    2   -2    2    5   -4    0    5   -2 
  2060:   -1    2   -1    0   -2    0    0    0    0    0 
  2070:    0    0    0    0    0    0    0    0    0    0 
  2080:    0    0    0    0    0    0    0    1    3   -4 
  2090:   -1    3    1    8    0   -2   -3    0    2   -2 
  2100:    2   -2   -3   -1    6   -3   -2   -2    1    0 
  2110:   -2    3    5   -4    4   -2   -4    1    0    0 
  2120:    0    0    0    0    0    0    0    1    0    0 
  2130:    0    0    0    0    0    0    0    0    0    0 
  2140:    1    3   -2    2   -2   -4   -2    1    7    4 
  2150:    6   -1   -6   -2   -1   -1    2   -1    0   -1 
  2160:    3   -7    2   -1   -1    6   -3    1    1   -1 
  2170:    0    0    0    0    0    0    0    0    0    0 
  2180:    0    0    0    0    0    0    0    0    0    0 
  2190:    0    0   -3    1   -2    5   -5    5    3   -2 
  2200:    0    0   -5    1    2    0    0   -1    2    2 
  2210:    0    1   -4    2   -1   -6    0   -5    4    4 
  2220:   -3   -2    0    0    0    0    0    0    0    0 
  2230:    0    0    0    0    0    0    0    0    0    0 
  2240:    0    0    0    8    0    1    2    0    2   -3 
  2250:   -1    1   -2    1    0   -5   -3   -1   -5   -1 
  2260:    4   -3   -2   -7    4   -4    0    2   -2   -3 
  2270:   -2   -1    2   -3    1    0    0    0    0    0 
  2280:    0    0    0    0    0    0    0    0    0    0 
  2290:    0   -1    1    0    0   -5    2    3    0   -2 
  2300:   -3   -1    2   -5    1    2   -1    3   -2    1 
  2310:    4    0    1    1   -3    6    2   -3    4    4 
  2320:   -8   -1    5    4    0   -1   -1    0    0    0 
  2330:    0    0    0    0    0    0    0    0    0    0 
  2340:    1    0   -1    1    0    1    2    3   -2   -1 
  2350:    1    2   -3    0    1    5   -5    0   -2    0 
  2360:    1   -3    0    0   -1   -2    0   -1   -4    0 
  2370:    0    4    2   -1   -2   -8   -1    0    1    0 
  2380:    0    0    0    0    0    0    0    0    1    0 
  2390:   -2    1   -1   -2    0    2   -3   -1   -1    0 
  2400:    0   -1    3    0    1    0   -1    1   -2   -1 
  2410:    0    0    1    0    0    0    1    0    2    1 
  2420:    1    0    1   -1   -2    0   -1    2    0    4 
  2430:    0    2   -1    0    1    0   -2    0   -1    2 
  2440:    0    0    1    0    1    2    2    2   -1   -1 
  2450:    0    1    2    1    0    0    0   -1   -1    0 
  2460:    0    2    1    0    0    0   -1    0    2    4 
  2470:   -3    3   -1   -1    2    1    2    0   -1    2 
  2480:    1    0   -1    1    1    3    0    1    0    0 
  2490:    0    0    2   -2    0    2 
