     0:    0   -1   10  -28  -56  -48  -95    3   25  -16 
    10:   -6    0    6    0  -16   43 -145   74    0    2 
    20:  -19   22    0  -14  -20   52 -123   80   35  -11 
    30:   -9   -5   56  -38   -8   -8    0  -32   86  -15 
    40:   10  -38    5  -28  -18   55  -20  -21   75  -87 
    50:   -2    2   91  -10  -10   78  -41   57  -39  -41 
    60:  -14   16   -8   10   66    4   65  -23  131   37 
    70:  -58  -24  -34  -43  -63   -6  -46  -33  -15  -19 
    80:   33   -3  -12   -9  -86  -88   -4   59 -115   17 
    90:  104  -86    7  -35  -42  -15   11   41  -80   28 
   100:    1  -15   20   29  130   49  -13  114  167   80 
   110:   -8   55    4  -16  -12   38   -6   11    6   -8 
   120:   -7   45 -104   74  -20   69  193   14   -6   66 
   130:   -3  -11   29   39   15  -11    5  -40   12  -97 
   140:   98   24  -12   -9  -45   22  -81  -29   15    3 
   150:  -13   -5  -16   18   15  -68   -2   59  -63    5 
   160:   26  -60  -22   42    4   18   30   -5  -13   -2 
   170:   32  -17   17  -32  -27   25   46   11   24  -96 
   180:  -95   89  -18   23  -12    9  -39    2   16   -8 
   190:  -14  -49   -3  -14  -22    7    9  -53  -40   49 
   200:  -28   53   16  -29  -39  -13  -29   43    4   -9 
   210:   56   10    2    8   87   55  151    7  -50  107 
   220:  -12  -32  -18  -40   18   19  -67   -4   56   26 
   230:  -32    2  -71   57  131  -64   66   -6   26  -82 
   240:  -33    6  -22   11  -16   39  -45    7  158  187 
   250:  -70   -6   -9  -23    1  -12  -26  -83  -49  -23 
   260:   -5    3   40  -23  -22   28  118   13 -117    1 
   270:    3    1   16  -60  -43  -47  -34   86  -16  -25 
   280:   17  -28   44   58  130   58    7  -18    1  -26 
   290:  -28  -17  -38  -68  -29    0   18   14   66 -131 
   300:   64   38  118 -128   51   -7  -16   91 -104    0 
   310:  -11   19  -11   -6  -29   10   42  -73   19    5 
   320:   24  -26   -1    0    3  -56   10  -99   24    0 
   330:  -27   13   30   43  -48  -49   53   94    2   -3 
   340:    1    0 
