     0:    0    0    0    0    0    0    0    0   -1   -4 
    10:   -1   -5    3   -9    1   -1    0    0    0    0 
    20:    0    0    0    0    0    0    0    0    0    0 
    30:    0    0    1    0    0    0    0    0    0    0 
    40:    0    0    0    0    0    1   -6   -9    3    0 
    50:   -3   -5   -2    1   -1    0    0    0    0    0 
    60:    0    0    0    0    0    0    0    0    0    0 
    70:    0    0    0    0    0    0    0    0    0    0 
    80:    0   -2   -2    2   -4   -2   -2    4    7    9 
    90:   -5   -1    0   -4    0    0    0    0    0    0 
   100:    0    0    0    0   -2    1   -2    0    0    0 
   110:    0    0    0    0    0    0   -2   -1   -1   -3 
   120:   -2    2   -2    0    3   -3    0    1    2    2 
   130:   -1    0   -1    1    0   -1   -1   -1   -6    7 
   140:    0   -2  -10   -2    0    0    0    0    0    0 
   150:    0    1   -4   -2   -1   -8    3   -3    9   -4 
   160:   -1    2    2   -1    4   -1    2   -1   -2    1 
   170:    1    0   -4    0   -2   -4    5   -4   -2    4 
   180:    0    1    0    0    0    0    0    0    1    3 
   190:    1   -1   -3   -6    2   -1    4    0   -2    0 
   200:   -6    3   -1    2   -9   -2   -1    0    0    0 
   210:   -1    2   -4    7    2    0   12   -3    3    0 
   220:    0    0    0    0    0    1    8    0    8   -3 
   230:    1    6    0   -2   -5    2   -2    4    0    0 
   240:   -7   -4   -2   -2    1    0    2   -3    4    2 
   250:    0    0    6   -7   -3    3   -2    0    0    0 
   260:    0    0    2    2    1   -1   -9    7    6    1 
   270:    3   -4   -2   -1    0    2    4    0   -3    2 
   280:   -3    0    4   -5    5    1    4    3   -1   -5 
   290:   -5   -2    2   -2    0    0    0    1    0    6 
   300:    3    0    2   -6    7    0    0    6   -2   -1 
   310:    0    0   -1   -1    0   -4    2    0   -1    1 
   320:    2    4   -4   -1    1    2   -6    6   -8   -1 
   330:    0    0    0    1   -2    6  -12   17   -1    3 
   340:   -9   -4    2   -4   -6    6    1   -1    4    0 
   350:    5    2   -3    4    0   -3   -1    1    1    0 
   360:    3    1   -4   12    2    4   -2   -1    0    0 
   370:    0    0    6   -5    9   -7    6    5   -2   13 
   380:   -5    3   -8    4   -1   -2   -5    2   -7    3 
   390:   -4    1   -4    0    4    1   -2    1    2   -3 
   400:    2    3   -8    1   -5    1    0   -2    0    0 
   410:    2    5   -2    7   -2    7    9    6    2   -2 
   420:    2   -4   -2    7   -1    2   -2    3    3    1 
   430:    3    1    0    6    0    3   -3   -1    0    0 
   440:    4    0    2    0   -2    2    0    0    2    3 
   450:   -6    7   -7   13   24  -16   11   -9    1    3 
   460:   -6    0   -8   -1    3    1   -3    7   -2   -5 
   470:    3   -5    4   -2   -1    3    1    2   -3    1 
   480:    0   -3    7    6  -11    6   -5    2   -5    4 
   490:    3    5   11   -1    8   18    0  -10   -4    4 
   500:    0   -2    4   -1   -2    3   -1    6   -4    3 
   510:    5   -2    1   -3    1    5   -5    1   -1    3 
   520:    0    0    0   -5    2    0   -5   -5   -4   -1 
   530:  -13    3   -2    4    2   -5    5  -12    2   -1 
   540:   -1   -2    4    2    2   -1   -3    4    3    2 
   550:   -5    2   -2    0    0   -3    1  -10    1    4 
   560:  -10   -3   11   -3   -7    9    0    7   -3   -3 
   570:   -8   -2    1   -6    1   -2    1   -1   -1    0 
   580:   -3    0   -3   -2    0    2   -6   -2    4   -3 
   590:   -4    0   -2   -3   -7    0    1   -4    6    6 
   600:    3   -3   -2    5   -5    2    4  -11    4   -4 
   610:    2   -3    5    1   -1   -5    8    2    0   -1 
   620:   -4    2    1    7    0    0    6   -5    4    2 
   630:    2    0    9   -8    2    2   17   -5    6   -5 
   640:    9   -4    8   -1   -1   -1    2    0   -6    3 
   650:    0   -2   -9   -2    1    0    3    1    4   -1 
   660:   -1   -2    4   -3    1   -1    5   -6    0   -8 
   670:    6    2   -3   13   -5   11  -16   16   -9    0 
   680:   -5   -1   -2   -1    3   -4    6   -4    1   -8 
   690:   -3   -1    0    3   -1   -2   -1   -1   -3    9 
   700:    4    0    1   -1   -1    5   -6    5   -7    2 
   710:   -4    6   -1  -10    8    1   -4   -3    2   -1 
   720:    1    2   -4    1    5    0    2   -2    2    2 
   730:    0    0    1    0    0    3    1    7   -9    1 
   740:   -4    2    1   -1    2    2    1   -4   -2    0 
   750:   -1    5   -1   -2   -2    5   -2   -3    2   -3 
   760:    0    2   -2   -5    6   -2    3   -6    3   -1 
   770:    0   -3    4   -6    3    1    0   -3   -1   -3 
   780:    4    0    4   -3    1    4    1    8   -1    4 
   790:   -6    7    0   -3    5    2    0    3    4   -1 
   800:    3    3    2    5    1    0    7    2   -3    1 
   810:    0   -5    2   -1   -1    3    0    6    2    1 
   820:    1   -4    0    2    4    3    4    0    0    1 
   830:    1    1    1    4    4    1    1   -3    0    4 
   840:   -3    1   -2    6   -1   -3    4    1    0    2 
   850:    0    1   -5    5    3    1    4   -4    5   -4 
   860:    1    0   -3   -2   -3    2    0    1   -2   -1 
   870:    1   -6    2    3   -4    2    2    6   -3   -3 
   880:    0   -1   -5   -4    5   -4    0    0    1   -2 
   890:    3   -2   -4    1   -2   -1    4   -1    0   -3 
   900:    4   -6    2    0    3   -2   -4    2    3    3 
   910:   -1    9    2   -2    1   -3    2   -2    1   -3 
   920:    4    6   -7    1    0    0    0    2   -5    5 
   930:  -14    0   11   -1   -4    2   -2    8   -2    5 
   940:    2   -3   -4    3   -3    4    1  -10    0   -2 
   950:    0   -5   -2    0    1   -1    2    1   -2    2 
   960:    0    0    1   -2    4    2   -2   -5    0    2 
   970:  -10    7    2    0   -2    7   -3    4   -1    3 
   980:   -1    6    1    3   -3   -4   -4    3   -5    2 
   990:   -1    6   -1   -3    5   -4    1    0    0    0 
  1000:    0   -2   -5   -1   -5   -2    3    5   -2    1 
  1010:    0  -13    4    7   -1   -2   -5  -10   14  -10 
  1020:   -3    0   -3    3    4    2   -4   -1    2   -5 
  1030:    5  -11   -3    1    0    0    0    0    1   -3 
  1040:    6   -7   -1    1    7   -4    2  -21    4   -1 
  1050:    5    9   -2   -3    7   -3    1   -6   -9    5 
  1060:    5   -1   10   -7   -4    1   -4   11  -14    2 
  1070:    0    0    0    0    0    0    0    0    2  -15 
  1080:    7    5   -1   -3   -9   -2    3   -6    8    0 
  1090:    2    4    2    4    1    1    0   -1   -1    7 
  1100:   -3   14   -5    3   -6   -3    3    0    0    0 
  1110:    0    0    0    0    0    0   -3    2    1  -14 
  1120:    5   -6   -2    1   -6   14    3   -4   -2    5 
  1130:   -6    1    3  -13    7   -1   -3    4    3   -2 
  1140:    0   -4    0   -7    0    0    0    0    0    0 
  1150:    0    0   -1    3   -6    4   -1   -1    2  -10 
  1160:   -3    9   -8    2   -7   -3    4   -4   -2    0 
  1170:    3    0   11    2    7   -5    6   -5    3   -3 
  1180:    0    0    0    0    0    0    0    0    4    1 
  1190:    3    5   -2    5  -11    7   -2    6   -3    4 
  1200:    2   -1    4    1  -10    1    3  -11    1    4 
  1210:   -9    5   -1   -2    0    8   -4    0    0    0 
  1220:    0    0    0    0    0    0    5   -5    3   -7 
  1230:    0    0    6    0   -3    1   -2    7   -7    0 
  1240:   -2    5    2   -2    0   -6    0    8    5   -7 
  1250:   -2    5    6    0    0    0    0    0    0   -1 
  1260:    2   -1   12   -4    2   -5    2   -1    1   -4 
  1270:    6   -6    3   -2   -5    3    5    6    0   -2 
  1280:   -1  -10  -10  -13    1   -5   -2   -2    0   -1 
  1290:    0    0    0    0    0    2    1   -6    4   -4 
  1300:    0   -8   -2    6    8    8   -8    0   -6    1 
  1310:    2    1    5    4    5    2   -4    5   -7   -3 
  1320:    9   -2    1    2    0    0    0    0    0    0 
  1330:    0    0   -1    0    0    2   -5    1   -2   -6 
  1340:    3   -2    1   -1   -3    1    0    4    1    2 
  1350:   -1   -4   -1   -2   -2   -1   -6    3   -1    0 
  1360:    0    0    0    0    0    0    0    0    0    3 
  1370:    1    0    0    0    0    3    1   -1   -1    0 
  1380:    1    0    0    0    0    1   -2    0    0   -1 
  1390:    0    0    0    1   -2    0    0    0    0    0 
  1400:    0    0    0    0    0    0 
