     0:    0   -1    0    0    1    1    0    1    0   -2 
    10:    0   -3   -1   -3   -1   -1   -2   -2   -1    0 
    20:    0   -1   -2    1   -4   -2    2   -3    0   -2 
    30:    0    3    0   -2    1   -1    3    1    0    0 
    40:   -2    0   11   -2   -2    3    0    0   -4    1 
    50:   -3   -1    0    0    0    0    0    0    0    0 
    60:    0    0    0    0    0    0    0    0    0    0 
    70:    0    0    1    0    0    0    0    0    0    0 
    80:    0    0    0    0    0    0    0    0    0    0 
    90:    0    0    0    0    3   -1    1    0    0    2 
   100:    0    0    0    0    0    0    0    0    0    0 
   110:    0    0    0    0    0    0    0   -2    3    0 
   120:    0    0    0    0    0    0    0    0    0    0 
   130:    0    0    0    0    0    0    0    0    0    0 
   140:    0    0    0    0    0    0    1    8   -1    1 
   150:    0    2    0    0    0    0    0    0    0    0 
   160:    0    0    0    0    0    0    0    3  -10   46 
   170:   17   -4    0    0   -1   -2   -2    2   -3    3 
   180:   -1    2   -1    2    1    0    0    0    0    0 
   190:    0    0    0    0    1   -5    0   -2    0    0 
   200:    1   -3    0   -3    0    0    0    0    0    0 
   210:    0    0    0    0    0    0    0    0   -4    2 
   220:    2  -17   41   25    8    0   25   25    9   25 
   230:    1  -22    7  -15   10  -19   -7   -2   -3    0 
   240:    0    0    0   -1    1    0   -4   -3    2    0 
   250:   -2  -11   -6  -10    3    6    0    0    0    0 
   260:    0    0    0    0   -1    0    0    0    1   -4 
   270:   28   18   61   -7   23    0  -29    9   50   16 
   280:    4   23  -20  -57   -6  -21  -14   10  -33   22 
   290:   20    5    2    4    1   15  -17    0    7    1 
   300:   -2    2    7    8   14    1  -11   -3    0    0 
   310:    0    0    0    0    0    0    0    0    0    0 
   320:    2   -1   49   -7  -30  -29  -11   32  -28   36 
   330:  -35   96   -5    5   11  -11   10   13   37    0 
   340:   17   41   36  -29   26    0    9  -38   60  -10 
   350:   -3    2    0   -1  -11    5   -2    0  -10   -4 
   360:    1    0    0    0    2    0    0    0    0    0 
   370:    0    0    0   21   50   21   30   33   16   18 
   380:   23   21   29   24  -10   30   -8   17   37   31 
   390:  -16   17   24  -51  -11  -50   42  -17    0  -31 
   400:   46  -64   21    6    2    1    5    6   -7   -3 
   410:  -10    6    0    0    0    0    2    0    0    0 
   420:    0    0    0    1  -11   14  -42  -20   44  -33 
   430:   -2   -7   20  -31  -17  -20    3   16  -42   10 
   440:   25  -11   -1   15    3   18  -29   33   91  -49 
   450:    6    4    2  -43   16  -26   -1   -1   -6   -1 
   460:  -13    2    2    2    1    0    0    0    0    0 
   470:    0    0    0    0    0    1  -12  -35   30  -26 
   480:   94  -50   63    8   28  -45   18    2  -82  -56 
   490:   24   -1    6   30   -5   -5   -1  -34   -4   52 
   500:   65  -45   11    3   41  -28   34    8    5    1 
   510:    6    8   -6    0    0    0   -1    0    0    0 
   520:    0    0    0    0    0    0    1   -5   38  -22 
   530:   17  -20   55  -32   61  -54  -17   54  -24   17 
   540:  -25  -10  -43    9   -4   54   30  -57   18  -92 
   550:   42   56   12  -69   16  -33   -4   -8    2   10 
   560:   -6    3    5   -1    1    0    0   -1    0    0 
   570:    0    0    0    0    0    0    0    0    1   -4 
   580:   31  -44   34  -19   30   -8   37   -5  -48  -44 
   590:  -60  -19   25   39    6  -16   14  119  -39  -49 
   600:  120  -81    4   86  -93 -164   79   -6  -12   -7 
   610:    1   17   -8    2    0    0    0    0    0   -1 
   620:    0    0    0    0    0    0    0    0    0    0 
   630:    2  -16  -16   42   18   83   15   22  -11  -62 
   640:   63   13   10  -85   74  -41   35  -30   -2  161 
   650:   27  -25   32  106  -61  125   98 -102 -132  -20 
   660:   17   -3  -37   18   -2    0    0    0    0    0 
   670:    0    0    1    0    0    0    0    0    0    0 
   680:    0    0   -3   20  -26  -22   -9    6    3  -24 
   690:   22  -25   36   40   35   -7   17  -65  -23    1 
   700:  -33  -93  -52   35  -20  -11   17  -35   82  148 
   710:  -13 -126  -16    5  -48  -52    5   -1    0    0 
   720:    0    0    0   -3    1    0    0    0    0    0 
   730:    0    0    0    0    0   -8  -18   40   25  -48 
   740:  -11   19    4   60   45   13  -45   10  -33   68 
   750:   51   38   24   43  106   14  102   -6   44   63 
   760: -155 -142   59   98  -55   64  -26  -17    2   -1 
   770:    0    0    0    0    0    0    0    0    0    0 
   780:    0    0    0    0    0    0   -1   12   14  -37 
   790:   43  -11  -37   25   15   85    3  -11   43   94 
   800:   37  -77  -59  -13   -6   11  -40  -49  -27  -34 
   810:   15  102   98  -51  -22  -51   -7  -15   -8   68 
   820:   -8    3    0    0    0    0    0    2    0    0 
   830:    1    0    0    0    0    0    0    0    0   -7 
   840:   14   -2   16   59  -11   17  -15  -55   24  -33 
   850:   27  -77  -77   76   28   18   -7  -19  -59   26 
   860:  -21   21   37  -76  -13   67  -12    0  -54  -90 
   870:   63  -65    6   -2    0    0    0    0    0    1 
   880:   -1    0    0    0    0    0    0    0    0    0 
   890:    0   -8  -28   -8   27    1   25   29  -26  -16 
   900:  -13   -4   15 -109    8 -127 -100   -3  -27   16 
   910:   37    2   91  121   20  103  -47 -219  -18   52 
   920:  -12  -20   23   24   -6    0    0    0    0    0 
   930:    0    2    0    0    0    0    0    0    0    0 
   940:    0    0    1    1   16   12   -4   11   49   52 
   950:   14    9  -14  -50  -62   -5   41  -15  -22  111 
   960:  -42   -9   81  -87  -48 -102  -72  -98   30   66 
   970:  137   15   15  -14  -17   28    8    0    0    0 
   980:    0    0    0    0    1    0    0    0    0    0 
   990:    0    0    0    0    0    0    9   33   -7  -16 
  1000:   -9    3   18  -82  -49  -35  -16  105    2    2 
  1010:   58   15  -27   14   18  -40 -184  -60  168   68 
  1020:  -26   18   77  -52    3   18  -30  -29   -7   -1 
  1030:    0    0    0    0    0    0    0    0    0    0 
  1040:    0    0    0    0    0    0    0   -1    6  -17 
  1050:   56  -48  -47  -61    1    8   -6    4    2   45 
  1060:  -20    2    0   -9   24   -6   33   -4   48  -65 
  1070:   14  -75   -4  -78   88  -66    2    6   31  -11 
  1080:    1   -1    0    0    0    0    0    0   -1    0 
  1090:    0    0    0    0    0    0    0    0    0    4 
  1100:  -23   54   13   -4   -4  -27  -48   15   13    4 
  1110:   14   14   15   31  -19   -1   -2   23    8    1 
  1120:   67  -38   -1  -16  -19  -18  -28  -14   23    3 
  1130:   58   22    0    1    0    0    0    0    0   -1 
  1140:    0    0    0    0    0    0    0    0    0    0 
  1150:    0    0   -4   -7  -25    6   83  -61   -4  -11 
  1160:  -62    7  -25    2  -21   -2   16   41    3   -5 
  1170:   -6   12    6  -53   -4   -9   22   12  -11    9 
  1180:   18   -1  -23   -1    1    0    0    0    0    0 
  1190:    0    0    0    0    0    0    0    0    0    0 
  1200:    0    0    0    1    8   58    0   31   11   20 
  1210:   36  -17    9   27  -10  -17  -39  -13   -3  -16 
  1220:    2    4   -1  -14  -14  -59    3    6    0  -19 
  1230:   17   28  -21   15   -1    5   -1    1    0    0 
  1240:    0    0    0    1   -1    0    0    0    0    0 
  1250:    0    0    0    0    0    0   -4  -24   18  -20 
  1260:   15  -17  -49   12   32    7   19   23  -23  -17 
  1270:  -18  -22    9  -17  -10  -18   11  -26  -26   -1 
  1280:    5  -31   -8   17    0    8    2  -38    5   -1 
  1290:    0    0    0    0    0   -1    0    0    0    0 
  1300:    0    0    0    0    0    0    0    1  -10    5 
  1310:  -34   22  -13  -21  -23   -7   -1   18  -11   21 
  1320:  -11  -13  -49   -7  -17  -25  -10  -25    7    0 
  1330:    1   -3   -3   -4   -2  -29  -67    7   16   11 
  1340:   -1    0    0    0    0    0    0   -1   -1    0 
  1350:    0    0    0    0    0    0    0    0    0    1 
  1360:   -3   33  -78   19    4    5    4  -45   16    0 
  1370:   39  -25   36  -55  -34  -10    6    9   38   -8 
  1380:  -13  -19  -16    3    3  -10    1   10  -36  -13 
  1390:    2   -7    1    0    0    0    0    0    0   -1 
  1400:    0    0    0    0    0    0    0    0    0    0 
  1410:    0    0    2  -11   70   -7    7   30   10  -52 
  1420:  -17   -9   28    2   59   59  -21    0   -3   16 
  1430:    6  -47  -17  -41   -9    5    1  -26   -4   37 
  1440:  -17   51  -19    0    0    0    0    0    0    0 
  1450:    0   -4    0    0    0    0    0    0    0    0 
  1460:    0    0    0    1   -7   45  -13   -3  -67  -24 
  1470:    1   46  -18  -10   11   -1   -3    3    7  -37 
  1480:    4    6    2  -14    7   31  -43    8  -11    8 
  1490:  -20   20   35  -16  -11    2    0    0    0    0 
  1500:    0    0    0   -3    0    0    0    0    0    0 
  1510:    0    0    0    0    0    0    2  -28   -3    4 
  1520:    6   29    4   11   -3    9   77   22    4   18 
  1530:    0   12  -12   -5   -4    0   -1   18  -11    0 
  1540:    0   44  -17  -24   46  -31   33   -4    1    0 
  1550:    0    0    0    0    0   -1    0    0    0    0 
  1560:    0    0    0    0    0    0    0    0   -1    4 
  1570:  -35   42  -20   35   12   -4  -28   36  -70  -42 
  1580:  -37  -37   -6   26  -10   -6   -6  -21  -23  -22 
  1590:   13   -4    4    1    6   -4  -10   -2   -1    0 
  1600:    0    3    2    0    0    0    0    0    0    0 
  1610:    0    0    0    0    0    0    0    0    0    0 
  1620:    1    3   45  -55  -22  -48   24  -23  -38   62 
  1630:   11   24  -76  -27  -19  -27  -34   -4  -17   10 
  1640:   -6  -21   -4   -3  -13  -21    8    2  -12   10 
  1650:   -1    0    0    0    1    0    0    0    0   -1 
  1660:    0    0    0    0    0    0    0    0    0    0 
  1670:    0    0   -2   12  -52  -14  -21  -21    9  -18 
  1680:   -9  -23   40   17   22    7   76  -49   48   -2 
  1690:   -6  -36  -13   -6  -17   20    0  -11  -28  -63 
  1700:   28  -31    7   -1    0    0    0    0    0    0 
  1710:    0    0    0    0    0    0    0    0    0    0 
  1720:    0    0    0    1   -4   33   29  -58  -20   39 
  1730:  -30   30   -7    0   -3  -29  -53   -3  -25   13 
  1740:  -25  -24   24    8    1  -94  -96    3  -26   39 
  1750:  -71  -50   -9   -4    0    0    0    0    0    0 
  1760:    0    0    0   -1    0    0    0    0    0    0 
  1770:    0    0    1    0    0   -1    3   -5   38  -12 
  1780:   -1   10  -70    7   10  -24   40  -39  -26  -68 
  1790:   59  -33    0   23  -33  -16    6    9  -28   -8 
  1800:   33    2  -47   20   57  -10    4    0    0    0 
  1810:    0    0    0    0    0    0    0    0    0    0 
  1820:    0    0    0    0   -1    0    0   -1    5  -40 
  1830:   -6   26  -21    1    3  -77   22  -14  -34   34 
  1840:   -3  -29   74   -8  -43   35  -11   58   28   56 
  1850:    4  -31    7  -74   20   -7   35    0    1    0 
  1860:    0    0    0    0    0    0    0   -1   -1    0 
  1870:    0    0    0    0    0    0    0    0    0    0 
  1880:    1    6  100   54  100  -57   37   13  -26  -47 
  1890:   16   34   13  -74  -37    9    8   22   15   -5 
  1900:   61   81  -19   12   67  -11   20   26   -8  -30 
  1910:    3    0    0    0    0    0    0    0    0    1 
  1920:    0    0    0    0    0    0    0    0    0    0 
  1930:    0    0   -2  -22 -121   39  -54  -55   31   59 
  1940:   17   -4  -34   23  -47 -104   64   20   41   14 
  1950:    5    9   10   17   -9  -42  -34   31  -29  -24 
  1960:   -2   -6    0    0    0    0    0    0    0    0 
  1970:    0    1    0    0    0    0    0    0    0    0 
  1980:    0    0    0   -2   18   20  -43  -43  -37    1 
  1990:  -55   85    8  -32   15  -26   74   55  -18   -1 
  2000:  -15  -34  -24  -17   10   14   29    3    3   -7 
  2010:   -2    5    7    8   -1    0    0   -1    0    0 
  2020:    0    0    0   -1   -1    0    0    0    0    0 
  2030:    0    0    0    0    0   -4   20  -58  -31  -94 
  2040:   53  -26  -13  -18   52    5  -29   -3  -48  -97 
  2050:   10  -51   53  -16   11  -11   49   12  -46    4 
  2060:   51   30  -34  -50  -29    1   -1    0    0    0 
  2070:    0    0    0    0    0    2    0    0    0    0 
  2080:    0    0    0    0    0    0    0   -3   21  -43 
  2090:  -19  -45   -2   26   14  -34  -16    4   47   59 
  2100:   35    9  -64  -24   24    3  -24    3   -6   19 
  2110:   45   47   44   37  -26    1  -20   25   -5    1 
  2120:    0    0    0    0    0    0    0    1    0    0 
  2130:    0    0    0    0    0    0    0    0    2   -6 
  2140:   46    0   35   10   -4  -23   43   18  -43    2 
  2150:  -17  -21   -7 -113   -3   -5   43  -14   14  -28 
  2160:   30   25  -49  -60  -39  -10  -43   11  -17   28 
  2170:   -2    0    0    0    0    0    0    0    1    2 
  2180:   -1    0    0    0    0    0    0    0    0    0 
  2190:   -1   12  -36   38   31   -6   45   -1   26  -13 
  2200:  -12    6    5   56   15  -36  -23  108  -14   -4 
  2210:  -27   -2  -41    3   -7   -2  -16   16   22   11 
  2220:  -43    3   -2    0    0    0    0    0    0    0 
  2230:    0    0    0    0    0    0    0   -1    0    1 
  2240:    3   -3    4  -61   22  -37    8   72  -21   24 
  2250:   21   21    7  -41   28  -75  -19  -53  -19  -23 
  2260:  -43   -2   41    0   36   -6  -45   -9   46    0 
  2270:   18    9   29  -22   11   -2    0    0    0    0 
  2280:    0    0   -1   -2   -1    0    1    3    4   -4 
  2290:    1    1    2   -8    5   -6  -49   -8  -23    0 
  2300:   44  -12   -6  -43  -15   20   14   -4    6   38 
  2310:   -1   16  -16  -13  -35    0   30    4   -7   -8 
  2320:   -8  -31  -13  -10  -55   31   -3   -2    0    0 
  2330:    0    0    0    0    0   -4    6   -1   -9   -9 
  2340:  -18   -1   -7   27   16    8    6   21   14   -7 
  2350:    2  -14  -26  -41   -5   20   26    4  -28   10 
  2360:    2    5  -17    9  -21  -41   -7   10   -2    2 
  2370:  -27   -8  -13    8    6   15   -5   -9    2    1 
  2380:   -1    0    0   -1    0   -1   -1    2    3   -5 
  2390:   22    6  -20   11  -41   27  -16    8  -18   -4 
  2400:   21  -13   22   18    8   14  -29    2   -3   18 
  2410:   15   -7  -14    2   -2   -3   -3   -1   -6   -3 
  2420:    3   -6  -16    8   12    3    1   11    5   -1 
  2430:    6    1    8   45   -9    3    5    3    0    6 
  2440:   12  -37   21  -14   22  -24  -26  -11   -7   -8 
  2450:    1   -9   -9  -32    3   -5   25    4  -13    4 
  2460:    8  -11   12  -10    0    6    0    3   -4   -4 
  2470:   -4    0   -2   -4    7    4    7    1   -3   -6 
  2480:   -8    6    1  -10    7    3   -4    8   -4    4 
  2490:    0    1    3  -17    7  -11 
