     0:    0    0    0    0    0    0    0   -3   18   -7 
    10:   -8  -10   -6  -10   -7    4    1    0    0    0 
    20:    0    0    0    0    0    0    0    0    0    1 
    30:    1   -3   -5    2    3    0    0    0    0    0 
    40:    0    0   -1    0    0   -6  -19   -4   -9    5 
    50:  -21   -6   -9   -4   -2    1    1    0    0    0 
    60:    0    0    0    0    0    0   -3   -1    0    1 
    70:    0    0    0    0    0    0    0    0    0    0 
    80:    4  -28   -9  -12   31    9   -7   -4    4   -5 
    90:   -2  -16    2   -3   -1    0    0   -1    0    0 
   100:    0    1   -2   18   12    0    0    0    0    0 
   110:    0    0    0    0    0   -1  -15    3   10   -4 
   120:  -10   -8  -25  -24  -25    1    3   -1   -8    4 
   130:   -1    3    0    0   10    0   -1    3   -2   -2 
   140:   -4    5   -8    1    0    0    0    0    0    0 
   150:    0    0    8  -30   -3   -1   11   51    8   -2 
   160:  -11   -4    8    9   -3    0    0   14    2   -6 
   170:    3  -10  -15   -2   -8    9    4    0   -1    1 
   180:    2    0    0    0    0    0    0    0    1   -6 
   190:   12  -12    9  -31  -23    0   -2    2   -1   -1 
   200:   -2    2    3    4  -23    6    5    2    6   -3 
   210:   -8   11   19   18    5  -13   -7   12    0    0 
   220:    0    0    0    0   -4   17    0   -1    8   -5 
   230:    2   17   -2   10   11   16   14   10   10   -8 
   240:    0   13  -17   22    2   -3    0    1   -3   -4 
   250:    4    4    1    2   -7    1    0    0    0    0 
   260:    0    2   -5    2    2  -14    2   -6    3    3 
   270:    5  -17  -39  -17    8    2   -4  -38    7    3 
   280:  -10    3    5    8    0   -7    6   -5  -18  -11 
   290:   16    4   -3   -1    0    0    0   -2    3   -6 
   300:   -5    4   -4    2  -16  -16   15    5   14    7 
   310:  -48  -33   -9   17   24   -8    7   -9   13   10 
   320:    7  -12   -4    2    5    2    1    4    3   -2 
   330:    2    0    0    0    3    2   -1   -6   -7    0 
   340:   -5    1   12    9    9  -16    4   38   15    2 
   350:  -10    6   26   -8   -1   -5    7    6    2   -2 
   360:    1   -1   12    8    2   15   -8   -1    0    0 
   370:    0   -6   -6   11    5    5    2   -7    6    0 
   380:    0   -9   -1   17  -18    6   -4   32    8   -8 
   390:   -3    6    9    0    3    5    0   -4   -8    0 
   400:    0   -8   -8    2   -9    0    0    0    6    3 
   410:   -3    7    0    2   -6   -4   -2    3    3   -1 
   420:   -1    3   11    0  -23   -2   -8   10    3    2 
   430:   -4    9    2   -1  -13   16   -8   13   -3   10 
   440:    5   -5    0    0    1    1    4    3   -3    6 
   450:    8    0   10   -3    0   -4    0   -2   -4   -5 
   460:  -19    3   21    4  -11   -5    2    4   -3  -13 
   470:   -3    5    0    5  -22   -9   11   -1  -13   -1 
   480:    0   -2   11   11    8    3    0   -9   -2   -2 
   490:    1   -1    3   -1    3   -4    5   -9   28   17 
   500:   -5    4   -1    3   -1   -8   10    0   18  -14 
   510:   14    5   -5   11    6   -2    6   -1    0    4 
   520:   -2    5    1    3   -6   -8   11   -7    5    3 
   530:    2   -4    6    0    7   14    9   -4   -4   17 
   540:   19   16   -8  -21   19    5    2    0    0    4 
   550:   -7    3    4   -1    0   -3    4    2   -2    3 
   560:    1   -1    3    4   21   -1   -5    1    0  -18 
   570:    0    0    8   -7  -22    3  -21   -5  -16  -12 
   580:    8   -3    0  -15   -1   17   -4   -2  -14   -3 
   590:   10   -1    2    3   -2    4    4   -5   -1    2 
   600:    0   -9   -1   -2   14  -11   -2   -2    0   -4 
   610:    3    0    1    8   11    0   -4   -2   -6    3 
   620:    6    7    7   -2  -26    9    4   -4   -1    0 
   630:   -3   11    6  -10    1    7    1   -7   -1   -1 
   640:   -3    7   -3   -6    4  -10    2    0   -7    8 
   650:   -4   16   -6    6    9    8    0   -8   -6  -10 
   660:    2    1   -1    5   -3    0    8    7    3   11 
   670:   -3    4    6    6    5    2   -7   -2   -3    0 
   680:    2    1    1    4    0    8   14    8   -3   26 
   690:   -5  -12   -8  -11   15    7    2    4   -9  -10 
   700:    3   -4    0    3   -3   -2    1    3    0   -2 
   710:    8    3   -1   -3    6    5    0   -3   -2   -4 
   720:   12    0  -16   16   11   -7   -1    1   -3    7 
   730:   19   -5   -9   19   13   -5    3    6    0    0 
   740:   -2   -2   -6   -2    3    1   -5   -4    2    7 
   750:   10    0    3   -2    7   -5   -5  -25  -29   38 
   760:    2   -7   12   -5  -17   -4    2   -1   11   -8 
   770:  -29   -8   -8   -5   -1   -5    1   -7   -4   -8 
   780:   19   -8    8   11   10    8    1    0   -5    8 
   790:    1  -15   30    8   13   45   30  -10  -12    2 
   800:    6   10   -3    5   -9   -8   -4   -2    5   22 
   810:   11   -9    1    0   -3    4    4    5   -3  -28 
   820:  -11    5   34    2  -28   -1   -1    0   16   -5 
   830:  -36   28    1   -5   -2  -17   -7    4   -4   -5 
   840:   -8    2   -9   -2   -6    7   13   -7    2    0 
   850:    0   -6   13   -1   -2   -5   17   -1   -5    4 
   860:  -43  -52  -27    3   49   72  -35  -25    8   16 
   870:   -9   -3    8   13  -10    9   12    0  -20   -7 
   880:    1    3    3    8   -3    0    0    0   -2  -10 
   890:  -10   -2    4  -18   -3   14  -11  -10  -16  -19 
   900:  -56  -48  -33   -2  -38    1   15   10    6    4 
   910:   -7    2   14    4   -3   -3   -2   -2   -6    3 
   920:    0   -7    0    0    0   -3   28    9   -5  -12 
   930:   -3  -17   -3   12   -6   -1   -4  -10  -12  -50 
   940:    3    0  -10    6   13   -4    6    5   13    1 
   950:    2   -1   -8    6    6   -3    3    3   -4    2 
   960:    0    0    0  -27  -12    3   21   11  -12  -15 
   970:   11   -5  -11    4  -11   -8   11   15  -10   -1 
   980:  -10   -1   -1   -9   10   -6    3    5    8    7 
   990:   13   -4    1    8   -1    2    0    0    0    0 
  1000:    0    4   13    0    1  -10    7    0   -3   -9 
  1010:   10   20    5  -16   -5   12   -1    2    4   13 
  1020:   -4    2  -15   -3   16   -9   13   -5   16    2 
  1030:   -2   14    7    0    0    0    0    0   -2    5 
  1040:   -4   -1  -15    3   10    0    5    5   40   14 
  1050:   17  -25    0   11  -10   -5   14   12  -22  -17 
  1060:   12   14   -6   16   -4    3    0    8   -1  -13 
  1070:    0    0    0    0    0    0   -2   10    6  -22 
  1080:   21    1    6   -9   -5    0  -20    0   -8    1 
  1090:    4    6    0    4    1    2    2   -1  -11    6 
  1100:   24   -7  -11   -5   -9   -6    2    0    0    0 
  1110:    0    0    0    0   -2   10    1  -16    6    8 
  1120:  -17  -20    1    1   -8   -5  -16  -21   19    2 
  1130:    0    0   -6   -5    6   -3    5   -3   -4   -3 
  1140:  -17  -18    5    1    0    0    0    0    0    0 
  1150:    0   -1    0   11   -5   16   -5   -4  -13    6 
  1160:   10   27   16    4   12   -5    0  -11    3   -3 
  1170:  -14   -5  -23  -25   38   20   -7   -3    3   -3 
  1180:    0    0    0    0    0    0    0    1    8    0 
  1190:   17   -2    9   15    4    6   12   -7  -21   -5 
  1200:    5    4   -9   -1   -1   -6    0    3  -14    8 
  1210:   18    4   -2    3    2    6    1    0    0    0 
  1220:    0    0    0   -1    8   11   10   21   -6   10 
  1230:   15   -7    5    4    6   16    9    2  -13  -19 
  1240:  -17   -4   -2   14   -9    7    5   -3   17    2 
  1250:  -11   -1   -3    0    0    0    0    0    0    0 
  1260:    9   16   21  -17   -6   13   11   -1   -6  -13 
  1270:  -22    1   -6   -2   11    9    0    8    2   -6 
  1280:    9  -13   -9   -4  -14    3    6    0    0   -2 
  1290:    0    0    0    0    0    1  -10    2  -13  -22 
  1300:   -8  -19  -22   11    6   16  -30   -1    6    9 
  1310:   -7   26   13  -15   -3   -6    0   17  -17  -12 
  1320:   11   12   -2   -4    0    0    0    0    0    0 
  1330:    0    0   -1    0   -4    2   14    6   -3    2 
  1340:   28   -4    4   -7   13   -7    4    3   32   19 
  1350:   -8    7    9  -33    0  -14  -18  -25   -1    1 
  1360:    1    0    0    0    0    0    0    0    0    0 
  1370:    1   15   -2   -8   -3   -3   -4   -5    1    0 
  1380:    0   -2    0    0   -1   -6   -3    2   -2   -3 
  1390:    7    0    1    4    6    1    0    0    0    0 
  1400:    0    0    0    0    0    0 
