     0:    0   -1   -1    0    0    0    1    0    0   -1 
    10:    0    0   -1    0    0    0   -2   -2    0    1 
    20:    1    0    1   -1    1    1   -1    0    2   -1 
    30:    2    0    0    0    1    0    0    1    1    0 
    40:    0   -1    3   -6    0    1    2  -13    2    0 
    50:    0   -2    0    0    0    0    0    0    0    0 
    60:    0    0    0    0    0    0    0    0    0    0 
    70:    0    0    0    0    0    0    0    0    0    0 
    80:    0    0    0    0    0    0    0    0    0    0 
    90:    0    0    0    0    1    0    0    0    0    0 
   100:    0    0    0    0    0    0    0    0    0    0 
   110:    0    0    0    0    0    0    0   -2    0    0 
   120:    0    0    0    0    0    0    0    0    0    0 
   130:    0    0    0    0    0    0    0    0    0    0 
   140:    0    0    0    0    0    0    2    0    0    0 
   150:    0    2    0    0    0    0    0    0    0    0 
   160:    0   -1    0    0    0    0    0    1   -4  -20 
   170:   -7    1    0    0    0    2    0   -1   -1   -1 
   180:    0    0    0    0    0    0    0    0    0    0 
   190:    0    0    0    0    1   -3   -1    5    3    4 
   200:   -2    0    0   -5    0    0    0    0    0    0 
   210:    0    0    0    0    0    0    0    0    0    3 
   220:    4   11    0    0   -3   -6   -8   18   -4   10 
   230:    2   10    6    4   -1    0   -1   -1   -1    0 
   240:    0    0    0    1    1   -1    6    3   -5    4 
   250:    1   -1   -3    8   -1   -1    0    0    0    0 
   260:    0    0    0    0    0    0    0    0    0   -2 
   270:    6    2    3   11    7   -4   -4   -2    1  -10 
   280:  -10   12   -5   18   16    1   -2   -5    1   -2 
   290:    8    2    0   -5   -3    3    2    0    0    1 
   300:   -2   -1    3    2   -1    0   -1    2    0    0 
   310:    0    0    0    0    0    0    0    0    0    0 
   320:    1   -6    2    5    4    5   11    0   11    3 
   330:   -8   -3   -9   -4   -7   14    4  -14   -9    8 
   340:    0    0   -4    5    2  -12  -15   -7   10    1 
   350:   -1   -2    1   -1    2   -1   -2    0    0    1 
   360:    0    0    0    0    0    0    0    0    0    0 
   370:    0    0   -1   -7   -1    6    0   -1    1    5 
   380:    2    1   -6  -13    3   15   -2    0  -11    4 
   390:    7   -3   -5   -6  -14   -7    3  -14  -15   -3 
   400:    4   -5    0   -6    0    1   -4   -7   -3    9 
   410:    0    1    0    0    0    0   -1    0    0    0 
   420:    0    0    0    0    0    9   -5   -4   -2   -1 
   430:    2   13    3   -5   -2  -16    1   11   -6   19 
   440:  -11    4    4  -12    0    5    0    4   -4   -8 
   450:   -4   11    0  -14   -5   -1    0    4   -1   -6 
   460:    0    8    0    2    0    0    0    0    0    0 
   470:    0    0    0    0    0    0    1    9   -6   -4 
   480:    1   -2    3    1    2    8    0  -10    5   -7 
   490:  -24   20   -3   11   -2   -5   -8    0   -6    6 
   500:   -2   -7    1    2   -3    2    6   -1   -2    3 
   510:    6    0    2    0    0    0    0    0    0    0 
   520:    0    0    0    0    0    0    0    0    1   -1 
   530:   -1   -2    3    0    1    2   -4    4    0   -5 
   540:   -5   -9  -19  -15   -3    5    7   -7  -10    5 
   550:   -7   -5    3    7    7    2   -2   15   15    1 
   560:    5   -5    2    0    0    0    0    0    0    0 
   570:    0    0    0    0    0    0    0    0    0    2 
   580:  -17   -4   -2   -1   -2   -4    3    2   -2   -2 
   590:   -2   -2   -7    0   -2  -15  -11   -6   -3   -2 
   600:   -2   13   -6   -4    2    4    1   -4    5    6 
   610:    5    1    0   -1   -1    0    0    0    0   -1 
   620:    0    0    0    0    0    0    0    0    0    0 
   630:    0    3  -19   -3    4   -2    0    0    9    0 
   640:    2   -4   -3    8   -3   -9   -1    6   -8   -3 
   650:    2    1   -5    7    2    5   -4   -1   -1    1 
   660:   -3    4   -3    1    0    0    0    0    0    0 
   670:    0    0    0    0    0    0    0    0    0    0 
   680:    0    0    0   -1   -5   -2    1   -6   -2    1 
   690:    4    2    6    5    1    2   -4   -1   -7    0 
   700:   -8   -2    4    8   -1    2    5    0   -2   -4 
   710:   -2    3   -4   -7    5    0    0    0    0    0 
   720:    0    0    0    1    0    0    0    0    0    0 
   730:    0    0    0    0    0    0    0    0   -1   -6 
   740:   -5    1   -2   -5    1    9    6   -3   -3    4 
   750:    0   -3   -6    1    1   -4   -3    0   -5   -1 
   760:    1    4   -8   -4    0    0    1   -8    0    0 
   770:    0    0    0    0    0    0    0    1    1    0 
   780:    0    0    0    0    0    0    0   -2    3   -3 
   790:    1   -2    5    6   -2  -10    1   10    6    3 
   800:    5    0    0    4    0   -1    0   -1   -1    3 
   810:    0    1    7    2   -4    3    1    3    6    1 
   820:   -1    0    0    0    0    0    0    0    0    1 
   830:    1    0    0    0    0    0    0    0    0    0 
   840:   -2    1    7   -6   -1    4    1    2    1   -2 
   850:    5   13    0   -6   -1    7    1    1    3    0 
   860:    1    5    1    2    0    1    4    0   -2    0 
   870:    7    1    0    0    0    0    0    0    0    0 
   880:    0    0    0    0    0    0    0    0    0    0 
   890:    0    1    0    0   -1    7   -6   -1    5    1 
   900:    9    3   -3   -3    1   -4    1    3   -7    0 
   910:    1   -1    4   -3    2   -1   -3    2    3   -9 
   920:   -3    0    0    2    1    0    0    0    0    0 
   930:    0    0    0    0    0    0    0    0    0    0 
   940:    0    0    0    0   -3    0   -7    6   12   -8 
   950:   -2   -6    3    0   12    2    1    9    0  -10 
   960:  -14  -14   -3   -1    0   -4    4   -4   -1    1 
   970:   -1   -8    1    6   -3   -6    1    0    0    0 
   980:    0    0    0    0    0    0    0    0    0    0 
   990:    0    0    0    0    0   -1   -7  -12  -13   -1 
  1000:   -1   -4    0  -11  -13   -7   13   11   13   11 
  1010:   -4  -21   -3   -6    2   18    0    1    2   -6 
  1020:    6    9  -11   -4    4   14   -8  -19    1    0 
  1030:    0    0    0    0    0    0    0    0    0    0 
  1040:    0    0    0    0    0    0    0   -1    2   -1 
  1050:   -6  -11   -6   -1   -3  -23  -13    8   16    6 
  1060:    6    2  -14  -23   -1   -9    2   22    5    7 
  1070:   -7  -10   -7    0   -4  -13    5   12   -2  -17 
  1080:    0    0    0    0    0    0    0    0    0    0 
  1090:    0    0    0    0    0    0    0    0    0    0 
  1100:   -4    4    4   -1   -5   15  -11  -18   -8    0 
  1110:    9    1   -2    4  -25  -13   -5   -5   -4    6 
  1120:   -8   -3   -2    0    9    3   13    7   16    7 
  1130:    9    3    0    0    0    0    0    0    0    0 
  1140:    0    0    0    0    0    0    0    0    0    0 
  1150:    0    0    1    8    2   -5   -5    8   -1  -16 
  1160:    4   15   10   16  -12    0   13   -6   -6    6 
  1170:  -16  -22   -6    3    6    4   28   26   20   15 
  1180:   -8   -9    5    4    1    0    0    0    0    0 
  1190:    0    0    0    0    0    0    0    0    0    0 
  1200:    0    0    0   -1    5   -5  -18    2    8   -2 
  1210:    1   11  -11    4   -1   -1   -1   -2   18    1 
  1220:   -1  -14    3    3    9    9  -25  -13    9   -8 
  1230:   -1  -13  -12   -3  -13   -4    0    0    0    0 
  1240:    0    0    0   -1    0    0    0    0    0    0 
  1250:    0    0    0    0    0    0    2  -15   -1   21 
  1260:   21    3  -16   10    5  -17   15   -4    0    8 
  1270:    3   -2   14  -37  -10   18    7  -18   -2   20 
  1280:   13  -16    1   12   25   20   -6    0    0    0 
  1290:    0    0    0    0    0   -1    0    0    0    0 
  1300:    0    0    0    0    0    0    0    0    4   -5 
  1310:  -13    8    3  -14    3    2    0   -7   14    9 
  1320:  -13    5   19   18   21  -13    1   -8  -22  -14 
  1330:   29   18  -21    7   -5   -5   14  -21  -15   -2 
  1340:    0    0    0    0    0    0    0    0    0    0 
  1350:    0    0    0    0    0    0    0    0    0    0 
  1360:   -2   24   16    4  -10   -5   14   -4   10   -6 
  1370:    4    8  -21    8   12    7    2    1   -8  -24 
  1380:  -12   16    5  -20    6    0  -14    9    3  -20 
  1390:   -3   -1    0    0    0    0    0    0    0    1 
  1400:    0    0    0    0    0    0    0    0    0    0 
  1410:    0    0   -1   10   10    2    3    2   -4   -1 
  1420:   11   -4   -9   -3   -2   -6    0   -3   -2   -4 
  1430:  -16    4  -21   -1  -10    9   16  -14   23   -2 
  1440:   -4   -6   -2    0    0    0    0    0    0    0 
  1450:    0   -1    0    0    0    0    0    0    0    0 
  1460:    0    0    0    0    0   16   12    6   12   -4 
  1470:   -7    5    2   -7  -14    2    9   -3   -6   -1 
  1480:    2    1   -7   -3    0   -2   11   16  -23   14 
  1490:   -1   -7    7    8   12   -1    0    0    0    0 
  1500:    0    0    0    0    0    0    0    0    0    0 
  1510:    0    0    0    0    0    0    0    4    8   -8 
  1520:   -3   -3   -5    0    2   -4   -8    0   12   -7 
  1530:  -16   -1    6    8    3    1    2   10   14   -1 
  1540:    4   26    4   -9   14    4    3   -1    0    0 
  1550:    0    0    0    0    0    0    0    0    0    0 
  1560:    0    0    0    0    0    0    0    0    0   -3 
  1570:    0   -2   -3    5   -1    4   -4   -6    4    0 
  1580:    5   -7   -6   11   20   -2    2   15    4   -1 
  1590:   -6    0    4    5    4    0    6   -5   -1    0 
  1600:    0    0    0    0    0    0    0    2    0    0 
  1610:    0    0    0    0    0    0    0    0    0    0 
  1620:    0    4    0    5   11   18   -4   -4    7  -27 
  1630:    5    1   -6    2    5   -1   -3  -11   -5   11 
  1640:    2    6   -6    1   -7    3   -2  -10   -5   -5 
  1650:    0    0    0    0    0    0    0    0    0    0 
  1660:    0    0    0    0    0    0    0    0    0    0 
  1670:    0    0    0   -1   -2   -4    7   11   -8  -18 
  1680:   13   -5   17   13   12   -3   -9   -4    7    4 
  1690:    4    4  -11    3    4    2  -14    5    1  -14 
  1700:   -8  -12    0    0    0    0    0    0    0    0 
  1710:    0   -1    0    0    0    0    0    0    0    0 
  1720:    0    0    0    0   -1    2   16   16   11   -2 
  1730:    6   -4    3    1    5   12    9    1    0    5 
  1740:  -15    6    4   -3    5   -9   -2   -4  -16    1 
  1750:    8    0  -15   -1    1    0    0    0    0    0 
  1760:    0    0    1    0    0    0    0    0    0    0 
  1770:    0    0    0    0    0    0    0    6    6    0 
  1780:   -9    5   -2    4    4    9   10    5    6   -8 
  1790:    3   -9  -10    9    7  -16    5   -6    4    5 
  1800:   -6    9    5   -7   -6    4    0    0    0    0 
  1810:    0    0    0    0    0    0    0    0    0    0 
  1820:    0    0    0   -2   -2    0    0    0    0    5 
  1830:    5  -11  -10    7   -1    1  -17   16   10   -8 
  1840:   15   14   18  -10    7    1   -2    0  -20    7 
  1850:   11   -1  -13   -4   -5   -9  -13    0    0    0 
  1860:    0    0    0    0    0    0    0    0    0    0 
  1870:    0    0    0    0    0    0    0    0    0    0 
  1880:   -2   -4    9   -3   12    0    0    5  -12    8 
  1890:    3    1   14   -3   -9   -3    1   -3  -13   -8 
  1900:  -21    8   -1  -11  -12   -8    4   -5  -23   -4 
  1910:    0    0    0    0    0    0    0    0    0    1 
  1920:    0    0    0    0    0    0    0    0    0    0 
  1930:    0    0    0   -5   14    5    9  -10    1   -3 
  1940:    3   -1   -1    9  -10  -12   -1    7    7   10 
  1950:    4   -7   -3    0   -4    6   -7    2   -6   -5 
  1960:  -19    4    0    0    0    0    0    0    0    0 
  1970:    0    2    0    0    0    0    0    0    0    0 
  1980:    0    0    0    0    6    0   11   -2   10    0 
  1990:   -9   -5  -12    2   -3    0   -5  -14   -6   11 
  2000:    5   -7  -21   -6    4   -9    7    8   -4  -15 
  2010:   -5   18    1   -2    0    0    0    0    0    0 
  2020:    0    0    0    1    0    0    0    0    0    0 
  2030:    0    0    0    0    0   -2    8    0    4    2 
  2040:    6    2   -3   -7  -15   -2    6    6   10    1 
  2050:   15    3  -30  -12   -7    1   -4   -7    7    5 
  2060:    7    7   -9   -2    4    4    0    0    0    0 
  2070:    0    0    0    0    0   -1    0    0    0    0 
  2080:    0    0    0    0    0    0    0    0   -6   -2 
  2090:   -1    8    7   -3   23    2   15   -4   -1    9 
  2100:    7    6    9    1    6   10   14   -1    2   -8 
  2110:    6   13    6    6    1   -7    4    0    0    0 
  2120:    0    0    0    0    0    0    0   -1    0    0 
  2130:    0    0    0    0    0    0    0    0    0    0 
  2140:   -2   25    9    3    4   -5   15  -12    2    7 
  2150:   -6    9    1   -2   10   -7   15   -6    2    8 
  2160:  -16    3   15   -5   -7    5   -2    0    5    7 
  2170:   -1    0    0    0    0    0    0    0    0    0 
  2180:    0    0    0    0    0    0    0    0    0    0 
  2190:    1   -9   -3   18    9   10   -8   -1    6  -12 
  2200:    0   -5   -3    1   -4  -13   -1   -4  -16  -11 
  2210:  -10   11   -5    7   -7   -9   -3   -1    0   -6 
  2220:    1    5    0    0    0    0    0    0    0    1 
  2230:    0    0    0    0    0    0    0   -2    0    1 
  2240:    0    1    1   -1  -16   -4   -5   14    8   18 
  2250:    1    0    1  -10   -2   -9   -1   -3  -11    6 
  2260:  -14  -12  -16   12    6   -6   -5    4    4   17 
  2270:   -7    0   13    6   -7    0    0    0    0    0 
  2280:    0    0    0   -2    0    0    0    0   -1   -1 
  2290:    1   -1    0    1    4    7    9   11  -20   -9 
  2300:    8   -4   -7    8   -7    0    5   14    4   -2 
  2310:    9   17   -4  -11   -6    6   -2   -7    4    2 
  2320:   15  -21  -11    3    6    6    2    0    0    0 
  2330:    0    0    0    0    0   -1    1    3   -7   -2 
  2340:    2    3    0    0    1    1    1   -4    4    9 
  2350:  -12  -11    2   -8    1    9    1    0    7   15 
  2360:    2  -11    8   15   -7   -2  -12    0   -5   -7 
  2370:    0   -1   13  -19    0   -1    0   -2    5   -1 
  2380:    1    1    1   -1   -2   -1   -1    0    0   -1 
  2390:   -4    0    7    4    3    2    1   -1   -4   -3 
  2400:    4    1    2    7    1   -7   -2    2   -5    1 
  2410:   -4   -2   -3    2   -1   -1    3   -1    7   -4 
  2420:    4   -2   -4   -2    0    4   -2    6    1   -4 
  2430:    6    4   -3   -5    6    0    0    0    0    0 
  2440:   -1    0    1   -4   -7    3    1    2    0   -5 
  2450:   -2   -5    7    9    0    3   -1  -12   12    8 
  2460:   -4    1   -2    1   -6   -1   -1    1    2   -5 
  2470:    3    0   -1    1   -2   -2    2   -1   -2    6 
  2480:    5    2    0   -1    0    1    0    0   -2    1 
  2490:    1    4    0    8   -1   -6 
