     0:   -1    0    0    0    1    0    0    0    0   -1 
    10:    0    0   -1    0    0    1   -1    0    0    0 
    20:    0    0    0    0    0    0    0    0   -1    0 
    30:   -1   -1    0    0    0    0    0    0    0    0 
    40:    0    0    0    2    0    1    0   -3    0    0 
    50:    0    0    0    0    0    0    0    0    0    0 
    60:    0    0    0    0    0    0    0    0    0    0 
    70:    0    0    0    0    0    0    0    0    0    0 
    80:    0    0    0    0    0    0    0    0    0    0 
    90:    0    0    0    0    0    1    0    0    0    1 
   100:    0    0    0    0    0    0    0    0    0    0 
   110:    0    0    0    0    0    0   -1    1    2    0 
   120:    0    0    0    0    0    0    0    0    0    0 
   130:    0    0    0    0    0    0    0    0    0    0 
   140:    0    0    0    0    1    1    2    1    0    0 
   150:    0    0    0    0    0    0    0    0    0    0 
   160:    0    0    0    0    0    0    0    1    7   11 
   170:    7    0    0   -1    0    0   -1   -2    0    0 
   180:    0    0    0    0    0    0    0    0    0    0 
   190:    0    0    0    0    1   -2   -5   -5   -3   -1 
   200:    0    0    1    0    0    0    0    0    0    0 
   210:    0    0   -1    0    0    0    0    0    1    8 
   220:   10   -7  -11   -7   -4    0   -6   -3    7   19 
   230:   12    7   -1    0    2    7    2    0   -1    0 
   240:    0    0    1   -2   -2    0   -7   -3   -4   -4 
   250:   -6    1   -1    2    2   -1    0    0    0    0 
   260:    0    0    0    0    0    0    0    0    0   -2 
   270:   -5   22   17   -4    7    3    1    1   19   10 
   280:   -6   -8    5    0    2    0    1  -13    3   -2 
   290:    8    4    3   -3   -4    3    8    1    3    2 
   300:    1    1   -2    3    3    0   -7   -1    0    0 
   310:    0    0    0    0    0    0    0    0    0    0 
   320:    0    0    4   17    5   -3  -26   -6   -1   -6 
   330:   -5    8    1   -3    1   10   10    1    6   -9 
   340:   -3   -5   -6   15   -9  -18  -24   -5   20   -3 
   350:    1    2    0   -1   -4    2    1   -1   -3    1 
   360:    0    0    0    0    0    0    0    0    0    0 
   370:    0    0    0  -12  -15    3   -3    9   -1   -2 
   380:  -23  -10   10   22   15    2  -13   -7   -6    6 
   390:   -8    0    1   -2    2   -7   -8  -18   -3    5 
   400:    2   -8    1    1    0    0    0   -3    1    1 
   410:    2    0    0    0    0    0    0    0    0    0 
   420:    0    0    0    0   -3   -3    4   -1    0    6 
   430:    4  -22  -25   -1   19   22  -14  -19   -4    2 
   440:  -10  -12    6    1    4   -1   -1    2   -2    2 
   450:    9    8    4    0    3    7    1    0    2    3 
   460:    1   -2    0    0    0    0    0    0    0    0 
   470:    0    0    0    0    0   -1   -3    5    4   10 
   480:    4    7  -20   -2   -5  -13  -18    0   -5    1 
   490:    7   -8    5   13  -13    5   -2    6   -6   -2 
   500:    0  -10    6    8   -5   -3   -3    0   -1   -2 
   510:   -1    0    0    0    0    0    0    0    0    0 
   520:    0    0    0    0    0    0    0    2    7   -2 
   530:   -1    5    9    8   11   16   -2    2    5  -10 
   540:  -16    0    3   -6   -9    8   -7  -15    9    3 
   550:  -12  -23   10    6   14  -10  -13    9    2    0 
   560:   -3    0   -1    0    0    0    0    0    0    0 
   570:    0    0    0    0    0    0    0    0    0   -8 
   580:    2   10    3    1   -4    9    2    8   -2    7 
   590:  -13    5   16   -4  -24   21   19   -1   -6  -12 
   600:   -1  -16    9   23    0  -16  -14   -8   15   13 
   610:   -3   -3    0    0    0    0    0    0   -1    0 
   620:    0    0    0    0    0    0    0    0    0    0 
   630:    0   -6    5   -6    6   -6   -3   16    5    5 
   640:   -5  -28   -5   -2    6    1  -29   -9   15   -2 
   650:   -2  -17   15   -7  -38  -27   -8    2   -8   -6 
   660:   13    0   -4    0    0    0    0    0    0    0 
   670:   -1   -1    0    0    0    0    0    0    0    0 
   680:    0    0   -1    5  -13   -4    0   12   -4  -24 
   690:  -19   -1   20   21   -7  -16   -5    2   -2  -10 
   700:   -5    9   17   -5  -12   10  -16  -24   15   -8 
   710:   -3    3   -9  -19   13    5    0    0    0    0 
   720:    0    0    1    0    0    0    0    0    0    0 
   730:    0    0    0    0    1    7  -11   -9   -1   13 
   740:    4  -20   -4    5   16   19    8   -6   13    3 
   750:   15   -9    0    3   -1   -3  -11   -8   -5   -1 
   760:   -3   -4  -10  -22  -12   -2   -9    1   -1    0 
   770:    0    0    0    0    0    1    0    0    0    0 
   780:    0    0    0    0    0    0    0    2   -8    0 
   790:    9  -14   -4   15  -11   -2    5   18   10   11 
   800:   -4  -10  -16  -10    0   -5   -4    4    3   -7 
   810:    3   17   14   16    5   -5   24   23    1  -22 
   820:   -3    0    0    0    0    0    0    1    0    0 
   830:    0    0    0    0    0    0    0    0    0    7 
   840:   21    0   10    0  -14   -5    5   18   10   -2 
   850:   -3   -1   13   16    7    6   -1   -3   15   -1 
   860:   -1   -2  -11   10    2   -4   -1   -4    1  -18 
   870:  -13  -10   -1    0    0    0    0    0    1    0 
   880:    0    0    0    0    0    0    0    0    0    0 
   890:    0    0    0   -4    4   -5   -9   -6    1   -2 
   900:  -11  -11   -5   -4   11    4  -18    2   16  -10 
   910:   -5    2   -8    3    0    3   12  -18   -8  -16 
   920:  -14   15   14    5    0    0    0    0    0    0 
   930:    0    1    0    0    0    0    0    0    0    0 
   940:    0    0    0    2   13    8   10    0    0    7 
   950:   19    0   11   14   -9    2  -10  -11   -3   -4 
   960:   14   17    0    1    3   16   -4  -18   24    2 
   970:  -23  -22    5   13   -8   -5   -1    0    0    0 
   980:    0    0    0    0    0    0    0    0    0    0 
   990:    0    0    0    0    0    0   -4    7   -4    4 
  1000:   14   22    7    9   15   23   12    3   -5  -11 
  1010:   -2   -5    8    5   10   14    9   -6    2   -2 
  1020:   21   14    3   -6   12   11   -3  -13    0    0 
  1030:    0    0    0    0    0    0    0    0    0    0 
  1040:    0    0    0    0    0    0    0    1   -9    4 
  1050:   14   13    9   10   -2   -5   12   19  -10  -19 
  1060:  -18  -22   -5   11    0   -3    1   18   20   13 
  1070:    0   -7   12  -10    9  -20   -6   23   -1  -13 
  1080:    0    0    0    0    0    0    1    0    0    0 
  1090:    0    0    0    0    0    0    0    0    0    0 
  1100:   -1   -4   -1   11   -2  -16   -4   -6   11  -17 
  1110:  -26  -11   -3    3   12   18    5   -4  -12   -7 
  1120:   -7    2   16    8    4    1   10   10   -2    7 
  1130:   12    2   -2    0    0    0    0    0    0    0 
  1140:    0    0    0    0    0    0    0    0    0    0 
  1150:    0    0   -2    3    5   -5  -17   -7    6    1 
  1160:  -14  -26  -14    4   -2   -6    0    0    2   -2 
  1170:   -4   -1   -6  -15   -8   -2   20   18   11   -6 
  1180:   -8   -5   -5   -1    1    0    0    0    0    0 
  1190:    0    0    0    0    0    0    0    0    0    0 
  1200:    0    0    0    0   -6   -2    3    1   -1    7 
  1210:   -1    6   -4  -10   -1    9    2    0    0    0 
  1220:   -6   -7   -4    2   12   10  -22  -22   -3  -10 
  1230:  -10   -8   -6   -6   -3    1    0    0    0    0 
  1240:    0    0    0    0    0    0    0    0    0    0 
  1250:    0    0    0    0    0    0    1   10    5    6 
  1260:   21    6  -23   -4    1    3    4   -3   -1    3 
  1270:   -6    2    8   10    2   -5  -13  -11    1    3 
  1280:   10    6    8    8    6    5    7    3    0    0 
  1290:    0    0    0    0    0    1    0    0    0    0 
  1300:    0    0    0    0    0    0    0    0   -1   -7 
  1310:    5   -6   10   20    0    5    1   -4   -4   -8 
  1320:   12    3   -1    2    8    1    1   -6  -15   -1 
  1330:    8    8  -10   -7   -1  -13  -14  -16  -11   -1 
  1340:    0    0    0    0    0    0    0    0    0    0 
  1350:    0    0    0    0    0    0    0    0    0    0 
  1360:   -1   -9  -13   -7  -19   -7   -7   18   -2  -19 
  1370:    0   -2   10    6  -15    1   22    6    2    5 
  1380:   -1    4   -6  -11   -1  -13   -5    3   -6    0 
  1390:   11    2    0    0    0    0    0    0    0    0 
  1400:    0    0    0    0    0    0    0    0    0    0 
  1410:    0    0   -1   -7  -15   -4    3    7    4  -13 
  1420:  -10   -4   -2   -3   16   -9    1    4    2   11 
  1430:   19    1    0    5    2    4    0   -2   11    7 
  1440:    3   -4   -4    0    0    0    0    0    0    0 
  1450:    0    0    0    0    0    0    0    0    0    0 
  1460:    0    0    0    0    1   14   30   14   -5    7 
  1470:   28   19   -8  -30   -9  -10  -14    2    7    4 
  1480:   -2    1    5   -5    6   17    8   -7   -6  -12 
  1490:   -4   -6   -4    3    4    0    0    0    0    0 
  1500:    0    0    0    1    0    0    0    0    0    0 
  1510:    0    0    0    0    0    0    0   -3   12    8 
  1520:   -5   -1    7    4   -6  -10    9    5   -4   -3 
  1530:    9    4    6    1    1    0   -2   -1    2    0 
  1540:    0   -2   -6    4    5   -3    0    0    0    0 
  1550:    0    0    0    0    0    0    0    0    0    0 
  1560:    0    0    0    0    0    0    0    0    0    6 
  1570:   16   10    2   -7   10   13    2  -10   -6   -7 
  1580:   22    0   -1    2    7    9   -6   -4    2    3 
  1590:    1    0    0    0    1   -1   -2    1    0    0 
  1600:    0    2    1    0    0    0    0    0    0    0 
  1610:    0    0    0    0    0    0    0    0    0    0 
  1620:    1    7   -7    7    0  -24   -3   29   11    8 
  1630:   -2  -17   17    5  -11    3    2    9   -4  -16 
  1640:   -3    9    1    8    5    6   -1   -8   -3   -4 
  1650:    0    0    0    0    0    0    0    0    0    1 
  1660:    0    0    0    0    0    0    0    0    0    0 
  1670:    0    0   -1   -2    7   10    8    8  -19    3 
  1680:   30    2   -3    7   -4   -1   11    2    3   -6 
  1690:  -10   -1    6    8   -7  -14  -14    3   13   -9 
  1700:   -5    0    0    0    0    0    0    0    0    0 
  1710:    0    1    0    0    0    0    0    0    0    0 
  1720:    0    0    0    0   -1   -9   12   29   20   17 
  1730:    9    0    8   10    2   -2    5   -2    6   13 
  1740:    1    9   22    0   -7    7   -3  -13    0    7 
  1750:    7    8   11    2    0    0    0    0    0    0 
  1760:    0    0    0    0    0    0    0    0    0    0 
  1770:    0    0    0    0    0    0    2   -7  -20   -8 
  1780:   -4   10    3   -4  -11   14    8  -21   -4    5 
  1790:   10  -17   -5   14    6   -5  -18  -11   -1  -11 
  1800:    5    3   -6   -1   -5   -3    0    0    0    0 
  1810:    0    0    0    0   -1   -1    0    0    0    0 
  1820:    0    0    0    0    1    0    0    0    2    2 
  1830:   -7  -10   -3    2   -1   -9    3   17   -7  -33 
  1840:   -9    5   10   -1   -9   13   -7    0   -2  -11 
  1850:   -9   -7    6   10    2   -7   -4    3    0    0 
  1860:    0    0    0    0    0    0    0    0    0    0 
  1870:    0    0    0    0    0    0    0    0    0    0 
  1880:    0   -1    2   -4  -13   17   10   -9   -9  -12 
  1890:    9    7   12   -6  -25  -18   -4    0   -4    5 
  1900:    3  -12  -10  -10   -9   -9    0   -6    1    1 
  1910:    0    0    0    0    0    0    0    0    0    0 
  1920:    0    0    0    0    0    0    0    0    0    0 
  1930:    0    0   -3  -19    0   25    4    4    8  -11 
  1940:   -1    7    7    7  -26   -5  -20  -29  -33    9 
  1950:   13   12    0   -4    2    9   -1    0   -6  -14 
  1960:    1    1    0    0    0    0    0    0    0    0 
  1970:    0    0    0    0    0    0    0    0    0    0 
  1980:    0    0    0   -1    5  -10   -7   10    7  -20 
  1990:   -5    3   -7    0   13   18   -3  -12  -11    3 
  2000:  -14  -18    0    8   26   10  -15   -6    7   -3 
  2010:   -4   -7    5    3    0    0    0    0    0    0 
  2020:    0    0    0    0    0    0    0    0    0    0 
  2030:    0    0    0    0    0    1    1   -5    5    5 
  2040:    1   -2    7   -5  -11   -5  -18    2  -11    9 
  2050:   -1  -16   -8    0   -1  -18   -9   -1   -7   -2 
  2060:    6    2   -5    3    2    3    0    0    0    0 
  2070:    0    0    0    0    0   -1    0    0    0    0 
  2080:    0    0    0    0    0    0    0    1   -4  -14 
  2090:    2   -6  -13  -12    3   16   -6    1   15   25 
  2100:    1   -1    0    6    7    9   -3  -15    5   -2 
  2110:   -1    1    0   -4   -1   -5    8    2    0    0 
  2120:    0    0    0    0    0    0    0    0    0    0 
  2130:    0    0    0    0    0    0    0    0    0    2 
  2140:    5    1   -2  -14  -19  -11    8   11   -1    1 
  2150:   -5   11    2  -21  -16    6    5   -1    7    5 
  2160:    5    2    6   -6   -1   21   11   11    9   -1 
  2170:    0    0    0    0    0    0    0    0    0    0 
  2180:    0    0    0    0    0    0    0    0    0    0 
  2190:    0   -5  -17    5    8    0   -3   -9    0   -4 
  2200:   15    3   -2    6    0   -9  -14  -18   -4   -3 
  2210:    5    0    1   -6   -3   -3    2    9    0    9 
  2220:  -10   -8    0    0    0    0    0    0    0    0 
  2230:    0    0    0    0    0    0    0    0    0    0 
  2240:    0   -1    0    4    8  -12  -17   -7  -10    6 
  2250:   18   14    6  -11   -5   14   22   -3   17  -17 
  2260:   -8    9   -9   12    4    5   -2   -9   -5    1 
  2270:    6    9   -2   -1    3    0    0    0    0    0 
  2280:    0    0    0    0    0    0    0    0   -2   -1 
  2290:    1    6    1    1   -5  -13   -8   -8   -1   12 
  2300:   11    3    6    3    2    0   15    6   -4  -10 
  2310:  -17  -11   -9    8  -14  -13    2   16   -2  -11 
  2320:   -2   -4   -3    2    9    5   -5   -1    0    0 
  2330:    0    0    0    0    0   -1    3    4    3    0 
  2340:    0   -6   11   17  -13   -3   -5   -1    4   -5 
  2350:   -9   -3   11   10    1    1    2   -7    3    6 
  2360:    5   14    9    0   -2   -2    5    3   -6   -4 
  2370:   -2   -1   -2   -2   -7   -5    4    2   -4    1 
  2380:    1    1    0    0    0    0   -1    0   -6    4 
  2390:   14    3   -3    2    4    5    0    6   -2    0 
  2400:   -1    1   -2   -8   -2    9    5    0   -2   -6 
  2410:    0    6    4    0    0    0    1    0   -2    1 
  2420:    4   -2   -3   -1   -2    2    2    2    1    2 
  2430:    1    3    4   -2    1    1    1    1   -1    2 
  2440:   -1    8    5    0   -5    2   -3    3    1   -3 
  2450:   -2   -3    1   14   -5  -11    1   -3   12    5 
  2460:   -3   -4    0   -1    4    0    0   -1    0    4 
  2470:   -3    4    5    2    0    0    6    1    1    3 
  2480:   -3   -2    1   -1   -2    2   -1   -1    0   -1 
  2490:    0    0    1   -3    4    3 
