     0:    0    0    0    0    0    0    0    0   -3   -6 
    10:   -1   -4   -1   -4    0    0    0    0    0    0 
    20:    0    0    0    0    0    0    0    0    0    0 
    30:    0    1   -4   -5    0    0    0    0    0    0 
    40:    0    0    0    3   11   11   18   -7   -1    0 
    50:    7    0    1    0    0    0    0    0    0    0 
    60:    0    0    0    0    0    0    0    0    0    0 
    70:    0    0    0    0    0    0    0   -1   -2    4 
    80:  -15   19    0   -2    6  -11    3    5   -9   -1 
    90:    5    1    0    0    0    0    0    0    0    0 
   100:    1   -9    4    0    0    0    0    0    0    0 
   110:    0    0   -2   15   -1   -2   -3    4    3  -23 
   120:   31    0   -7    2    1   -9   11   -4   -8    1 
   130:    1    0   -1    0    1   -5   -1   -8   -5   -7 
   140:    1    0    0    0    0    0    0    1   -7    8 
   150:    4    3   -5    0    0   -7   -8   -4   13   -7 
   160:   14  -12   -4   13   -4    3   15   -5    7   16 
   170:   -1    0   -4   -6    4   -3    2    0    0    0 
   180:    0    0    1   -5   -6   -3    3   16    5   -6 
   190:   -9   -4   -3   -3   16    3   -4    4    1    2 
   200:   -3   16  -12   -2   -4   16    3   10   -3  -13 
   210:  -11   11    9   -1    0    0    0    0    0  -27 
   220:    3   12   -2   14    1    7   -4   -9    8  -13 
   230:    1   15   10   -6   -7    4   -2    6    8  -20 
   240:   -2    4    1    1   -7  -19   11   13  -13    8 
   250:   -1    0    0   -1    0   14   -6    7   21   -8 
   260:    9  -10   10  -10    4   -6   -2   -2   -4  -12 
   270:   12   -5    1   -8    5   -3   -2    2    4   12 
   280:  -24   -5  -10  -22   -3   10    0    0    0    3 
   290:  -15  -30   16  -11  -15   31  -26    6  -32    2 
   300:   -8    9    0   -4   -1  -11  -18   10    1    4 
   310:   13   -9   -5    4    5   -3    6   18   -6   22 
   320:   -9   18   -2    0    0   -6   10  -17    9    8 
   330:   -7   17   36  -13    7   -6   10   -6   -2  -13 
   340:  -16    1    6   16  -10    7    3   -7   -3    5 
   350:    5    0    3   -2   -4   11    2   -3    2    0 
   360:    1   14  -28   18   -6  -12   -2   26  -15   15 
   370:   -5    3   -5    2    7   -4    6  -22   -8    2 
   380:   -6    0    4    3   -9    5    1  -23    2    1 
   390:    5   15   -9  -12    0    0   -4  -13    9  -18 
   400:    0   30  -19   17    9    0   19  -22   -2    1 
   410:   -2    1   -4   -2    7   -9   -2    0   -5   -1 
   420:   13  -10  -13   26  -20    6   -2   -3    0    4 
   430:   -2    0    0    1  -20    8    0  -17   -3   18 
   440:    1    2    0  -12   -7  -21    4    0   11  -13 
   450:   32   16  -22    0    0    0  -14    1   14   22 
   460:   -5    6   19   18   -4  -11   -3    0    6    6 
   470:  -14    2    0   14  -33  -27   79    5  -14   13 
   480:  -24   44   -4  -32    9    6  -16  -17  -11    0 
   490:   -5    4    6    5   10  -21   -4   15  -27    1 
   500:    5    0   -1   -2  -11   -3  -23    4   -1  -11 
   510:   36  -23   -7    6    3  -36  -12  -14    1   14 
   520:   -6   13  -45   20   -7    4   -2   -6   14   -8 
   530:   22    4  -10   -4  -12   20   -1    4   13   -4 
   540:   -4    6    2  -14   15   -4    5  -89   68  -37 
   550:   58  -60   24    1  -12  -10    2  -39   16   33 
   560:  -17    3   -6   20   -2   -1    7  -23    2   15 
   570:   -9    2  -21    4   15   -3   -1  -16    1  -10 
   580:   -5   -2   51 -101  102   60   69   22  -11    5 
   590:  -30   12   -2    7  -19  -14    6    8   10   -3 
   600:    7   10   -3   24  -21    4    0  -24   -2  -10 
   610:   -4   -3    5   -6  -16   16   14  -19    8  -42 
   620:   59  -27  -21  -12   42  -15   -3    5   -6   -5 
   630:   -1   12  -11    1   -1    4    4    6   -1   -1 
   640:    4   13    4   -3    8  -17    5   -7   -7    3 
   650:    5   -3    0  -10    0   69   50  -29   36   12 
   660:  -11    6    0    9    2    2   -6    3    2   -6 
   670:   15  -19  -12   17  -10    2    4  -12    3    1 
   680:   -5   -7   -1    3  -17   -4   -3   13   -2    4 
   690:  -45  119  -25   10   26  -27    4    5  -17   -9 
   700:    2    2   -1   -6   16   -3   -7  -10   -9    3 
   710:   -5   -2   -4    3   18   -8   16   14  -11   -7 
   720:   -6    5   -3    4   -3    5  -19   43  -19    6 
   730:  -11  -17   26  -14   -8    4   -5  -13   10    4 
   740:  -10   -8  -12   -6   10    5   -6    0   -1   -3 
   750:    0   -9   13  -16    4   -2  -11    1    0    2 
   760:   12   -5    9    9   -9    0   -4    3  -10    2 
   770:   13  -16   -2    2    6   -4   -5   -8    1   13 
   780:    2  -14   13   -9    7   -7  -13    6   -6    0 
   790:   -2    1    3    3    1   -2   -6  -11   -1   -4 
   800:   -7   -6    4    4   -4    2   -6    6    1    4 
   810:   19    1   -6   14    8   -7   15   15   -7   -3 
   820:    1  -19    8  -15    7    5    1   -1    7   -4 
   830:   23    6    5   -8   -7   18   10   -2   -4  -11 
   840:    0    6   -2  -17   10   -6   10  -14  -20    0 
   850:    0    7  -12    9    3  -17   13   11  -12   -9 
   860:   -4   -8    3   -1    1   -8    3    4   13    5 
   870:  -19   -1  -10  -16   -4   -4   -9    9  -21    7 
   880:   -1    8   -3   14  -18    1    6  -26    4   12 
   890:  -32   12   -2    9    0   21  -37    4   -3    0 
   900:   -3   -1   -9   12   -9   -7  -14    5  -21  -13 
   910:   23   13   -6    5    7   14   -1   -2    0   -6 
   920:   -9    7    1    5    7    4  -18   -3   17   -7 
   930:    1   -1    3  -16    1    0    1    4  -10  -27 
   940:   -1    3    4   13    9    8  -15    6   -9   -7 
   950:    5    6    4    3    5    2   25  -10    4    0 
   960:   13    8  -21   18   -6   17    5  -21    0   13 
   970:    0    0    0    2   -4    8   -7    2  -14    2 
   980:   -4   -7  -17   -1  -15  -19  -27    9   18   -7 
   990:    1  -19   -3    0    3   -2   17    3   -8  -23 
  1000:   13   10  -47  -25    4   -5    0    0    0    1 
  1010:  -16   16  -24   -1    5   -4   -3   18    2   -6 
  1020:   12  -14    1   -8   -9  -23   19  -11   35  -39 
  1030:   -1   12   -4   -3  -43    6    4    0    7  -27 
  1040:   -2   -5    1    0    0    0    0   11    1    8 
  1050:  -12  -13   -9    0   -1    2    3   -8   30  -23 
  1060:   20  -17  -14    6    8    7    1   -8    4    4 
  1070:    9   -4   25  -21  -21    4    2   -1    0    0 
  1080:    0    0    0   -1    1  -11   44  -33    4  -31 
  1090:   41   11  -18  -19  -48   10   22    6   -1  -14 
  1100:    3   -2   10    2  -22   21  -18   -5  -14  -11 
  1110:   -9    4   -7   -3    0    0    0    0    0    0 
  1120:   -1    1  -14   14   -2   15  -13  -10    2    0 
  1130:  -18   16  -53   -9   10  -19   17   -2  -16  -21 
  1140:   -6  -19    0   15   -1   -3   22  -13   -6    2 
  1150:    0    0    0    0    0    0   11   -9   16    6 
  1160:    8   12  -15    7  -13    4    4  -12  -10   18 
  1170:   38   11  -16    0   -7   12  -10   -1   -4   -2 
  1180:  -15   -6   23  -14   -3    1    0    0    0    0 
  1190:    3   -4    0  -21   12  -12   -9   18  -21   15 
  1200:    6  -21   11    8   -4  -18    3  -28  -11  -15 
  1210:   17   -3  -11   -8  -16    2   -7    8   -5   -5 
  1220:    0    0    0    0    0    1   -7   -5   21   -8 
  1230:  -38   27    2   -2   13  -21    8   -7   -1   -3 
  1240:   -1    2   -3    4   17  -15    6   -9    2    3 
  1250:   12  -26    2   -1   -1   -2    0    0    0    0 
  1260:    0    4   24    5  -21  -10   34   12  -45    9 
  1270:   -1   14    2  -22  -20   20  -11  -24   28    1 
  1280:   19  -13   -9    8  -12   -2    1    7    0    0 
  1290:    0    0    0    0    0    0    5   16   -9   13 
  1300:    4    9  -10   31   17  -23    3  -11   11    3 
  1310:   -4   30  -19   10  -12   18   -6  -13   17  -37 
  1320:  -13   15   -3    1    0    0    0    0    0    0 
  1330:    0    0    1    0    7  -18  -12   11   -2    1 
  1340:   -2    0    0    1    2   -3   -1    2    0    3 
  1350:    0   -3    2   -4   -4    4   -5   -1    0    0 
  1360:    0    0    0    0    0    0    0    0 
