     0:    0    0    0    0    0    0    0    0    0   -2 
    10:    5    0    4    4    5    3    1    0    0    0 
    20:    0    0    0    0    0    0    0    0    0    0 
    30:    0    0   -3   11   -1    0    0    0    0    0 
    40:    0    0    0    0   -1    3   -2    9  -12    7 
    50:  -17   -4   -7   -1   -1   -3   -2    1    0    0 
    60:    0    0    0    0    0    0    0   -1   -1    0 
    70:    0    0    0    0    0    0    0    0    0    0 
    80:   -2    0    3    2    9    0   -5  -10   -8    9 
    90:   19   10    9   -4   -3    0    0    0    0    0 
   100:    0   -2    1    0  -10    3    1    0    0    0 
   110:    0    0    0    0    0    0   -2    2    3    1 
   120:    1    1    0    0    0    4   18    8    3    4 
   130:    3  -11   -1    2   -1    4    3    3    3    8 
   140:   12   -7    5    0    0    0    0    0    0    0 
   150:    0    0    2    0   -8   -3    2   -6   -2    0 
   160:   -4    1   -4   -2   -6   13   -8  -10    5   -1 
   170:   -4   -3    5   -3    1    6   -5    4   -4    4 
   180:    2    0    0    0    0    0    0    0    0    3 
   190:    2   -6    3   -3    2   -2    1    0   -2   -4 
   200:    3    9    2    4    1    8    0   -4   -1   -1 
   210:   -7   -2   -2   -9   -9   -1   -2   -2   -1    0 
   220:    0    0    0    0    0    0   -6   -6    1    1 
   230:    3    4   -3   -2    0    1    2    7    0  -25 
   240:  -11   12   -6    6    5    2    0   -2   -6   -1 
   250:   -4    0   -1   -3   -2    0    0    0    0    0 
   260:    0    0    2    2   -3    0    1   10    6   -7 
   270:   -3    0    1    2    6   -3   -1    6   -3   -2 
   280:    6    1    0    1    2   -4    1    1    0    3 
   290:    1    7   -6   -2    0    0    0    0    1   -1 
   300:    3   -2    1   -9    7   -5   -2    4   -2   -1 
   310:    7   -4    1  -10    8   -4   -1    3   -3    0 
   320:   -1    0   -1   -2    4   -2    2    8    0   -2 
   330:    1    0    0    0   -1    4   -2    0   -1    2 
   340:   -7   -3   -3    4   -4    1    4    3    0   -5 
   350:    1   -7    2   -1    1   -1   -1    1    1   -1 
   360:    2   -3    1   -2    5   -2    2    2    0    0 
   370:    0    0    1   -3   -5   -4    3    0   -5    1 
   380:   -2    0    0    2    2    1    0    1   -5   -5 
   390:    2    4    0    1    0   -2   -2    0   -4    0 
   400:    1    0   -2    3    4   -3    0    0    1    3 
   410:    1   -3   -4   -2    1    0    0   -4    2    0 
   420:    1   -2   -2    2    3    0   -2    4    0   -1 
   430:   -2    0   -4   -1   -2   -5   -2    4    3    2 
   440:   -2   -2   -2    0    0    1    4    1    1    1 
   450:    0    1   -1    3    1    2    4    1    4   -2 
   460:   -2    0    3    2    0   -2    1    0   -1   -2 
   470:    0   -7    1   -4    1    3   -2   -2   -6   -3 
   480:    0    0   -1    1   -2    5   -1    1   -2   -4 
   490:    0    0    4    0   -1    3    0    0   -5    3 
   500:    3    1    3    2    0    4    0    1   -5   -1 
   510:    4   -5    1    6    1    1   -4    1   -1    1 
   520:   -3   -3    0   -3   -3   -1   -8    1    0    3 
   530:   -3   -2    0   -2   -2    0    0   -3   -1    1 
   540:    3    2    5    3    1    0   -3    2    0   -2 
   550:    2    1   -3   -1    0   -1   -2   -1    1   -5 
   560:   -1   -3   -1    0   -3    5    0   -3   -2   -1 
   570:   -2   -2    0   -2   -4   -4    3    2    2    4 
   580:   -1    4    1    4   -1    6    2    7    3    0 
   590:   -2    0    1   -2   -1   -3   -4    0   -2    0 
   600:    0    0   -5   -2   -4   -5   -5   -1    1   -4 
   610:    1   -1   -3    0   -1    0   -8    0   -4   -2 
   620:   -1    1    0    1    8   -2   -5    7   -2   -1 
   630:    7    2    8    5    0    4    1    4    4    5 
   640:    3    2   -2    2    2    2   -2    2    3    0 
   650:    1    4    3   -7   11   -1   -4   -3   -3    3 
   660:    4   -3    1  -10    0   -2    1    0   -2    2 
   670:   -2   -4    2    3    3   -1   10    2    3   -4 
   680:    2    3   -1   -2    2    0    4   -3    6   -2 
   690:   15    3    9    2   -7   -2    2    3   -1   -1 
   700:   -3   -2   -2    2    0   -2   -2   -1   -4    1 
   710:    2   -2   -3    1    0    2   -2    1    1   -1 
   720:    1   -1   -1   -2    1   -4   -7   15   -8   12 
   730:   -5   -5    1    1    0   -2   -4   -3   -3    0 
   740:    0    5    2    2   -3   -1    2   -1   -1   -4 
   750:    1    2   -1    1    0   -1    3    1   -2    0 
   760:    0    4   -4   12    3   -1   12   -8   -5    3 
   770:    0    1   -6   -4   10  -11    2   -1    7    6 
   780:   -1    5   -1   -1    0   -2   -2    0   -2   -3 
   790:    0    0    2    0    1   -6    0    6   -6    7 
   800:    1   -7   -8   -5   15  -12  -10   -5   -3  -14 
   810:  -11   12  -12    1   -2    7   -1    3    6   -3 
   820:   -8    1    7   -2   -2    2    2    0    6   -1 
   830:   -1    8    2    6    5   -2   -4    8   -3   -9 
   840:  -16   16   15    0    6   -2   -8   -8  -14    0 
   850:    0    0   -1   -4    0    3    0   -4  -12   11 
   860:   12    7   -7    1    2    1    8    2   -1   10 
   870:   -1   17   -2   -8    2   -4   -6   -6   -5   14 
   880:   14    7  -10   -7    5   -3   -1    0    0    1 
   890:    1   -7    7   -2   -6   -5    3  -13    3   13 
   900:    5   -6    6   -3    2   19    0    1   -1    8 
   910:    5    9   19   15   -5  -10   -6  -12    0    1 
   920:   -3   18   10    0    0    0    3   -2    1  -11 
   930:   -7   -3   -7    2  -11    3   -7    3  -17    1 
   940:  -10    3    2    4    2    0   12   11   17   15 
   950:    9   -7  -11   -7  -17   -3   11   10    2    5 
   960:    0    0   -1    1  -10   11  -15   -5    1  -15 
   970:    2    7    5    3    2   16    0   -9  -13   -6 
   980:    0   10    6    1   -3    8   -1  -10   -6  -10 
   990:   -8   -1  -10   13    3   -7    0    0    0    0 
  1000:    0    1    6    4    0  -10    2    2    4    5 
  1010:    2   10    5  -14    3   -5    7   -2    0   -4 
  1020:   -7   -9   10   -3   -6    2    0   -8   -5   -1 
  1030:   16   -4   10    1    0    0    0    0    0   -1 
  1040:   -1    2   -7   -1   -8   -7   -9    9   -6    3 
  1050:    0   11    6   12    2    3    6    0    2    0 
  1060:   -3    6   -2    3    1    2    8    6   -1    9 
  1070:    3    0    0    0    0    0    0   -1   -2    5 
  1080:   -2  -16  -12    1    3   -2   -1   -1   -4   -5 
  1090:    6    8    5   -1    0    1   -1   -3    7   -4 
  1100:   -2    1    2   -6    0    5   -1    0    0    0 
  1110:    0    0    0    0    0    0   -2    3   -5  -16 
  1120:    6   -7   -2    5    8    7   18   -1    4   -7 
  1130:   -8   -1   -1   -3    3    3    0   -3    7   -1 
  1140:    2    9    9   -1    1    0    0    0    0    0 
  1150:    0    0   -1   -1    4    8   -9    4    0    2 
  1160:   12    0    6    2   12    3    1   10   -2    6 
  1170:    6    2   -9    8    2   -1    0    5   12    9 
  1180:   -2    0    0    0    0    0    0    0   -1   -3 
  1190:    9   -1    8    2    4   12    8   -1   12    0 
  1200:   -2    4    0    3    1    1    7    6    0   -1 
  1210:   -2    1   -4   -2    3   -5    1    0    0    0 
  1220:    0    0    0    0    1    5    4   -1    4    7 
  1230:  -10    0    2    0    9  -17    6   -5   -5   -5 
  1240:   -5    3    2    7    1   -5    7   -4   -2   -1 
  1250:    1    2   -2    1    0    0    0    0   -1    0 
  1260:   -2    5   11   11    9    0  -16   -3    6   -6 
  1270:    4    3   -1    4    0    3   -5    5   -4    6 
  1280:    2    0    2    2   11    1   -6    2    0   -1 
  1290:    0    0    0    0    0   -1   -1    2   -6    0 
  1300:    6    5   -3   -2    9    4    6   -2   -1   13 
  1310:   -5   14    0   16   -1   11    4   12    9    3 
  1320:    2   -1    0   -8    1    0    0    0    0    0 
  1330:    0    0    0   -2    0   -5   -3    0   -3   -7 
  1340:   -3    1    1    2   -6    0    3   -2    3    1 
  1350:    6   -3    7   -4    5    2    0    2   -2    1 
  1360:    1    1    1    1    1    1    1    1    1   -8 
  1370:   -8   -8   -5   -8  -10  -10   -6   -4   -3   -2 
  1380:    0    4    1    2    6    5    8    6    9    9 
  1390:   11   10   11   10   11   12   12   12   12   12 
  1400:   12   12   10   12   11   11 
