     0:   -1    0   -1    0    0    0    0    0    0    0 
    10:    1    0    1    0    0    0    0    0    0    0 
    20:    0    0    0    0   -1    0    0    0    0    0 
    30:    0    0    0    0    0    0    0    0    0    0 
    40:    0    0   -1    1    0    0    0    0    0    0 
    50:    0    0    0    0    0    0    0    0    0    0 
    60:    0    0    0    0    0    0    0    0    0    0 
    70:    0    0    0    0    0    0    0    0    0    0 
    80:    0    0    0    0    0    0    0    0    0    0 
    90:    0    0    0    0    0    2    0    0    0    0 
   100:    0    0    0    0    0    0    0    0    0    0 
   110:    0    0    0    0    0    0    0    0   -2    0 
   120:    0    0    0    0    0    0    0    0    0    0 
   130:    0    0    0    0    0    0    0    0    0    0 
   140:    0    0    0    0    0    0    0   -1    0    0 
   150:    0    0    0    0    0    0    0    0    0    0 
   160:    0    0    0    0    0    0    0    0    0    3 
   170:    0    2    0    0    0    0    0    0   -1    0 
   180:    0    0    0    0    0    0    0    0    0    0 
   190:    0    0    0    0    0   -1    2    2    0    0 
   200:    0   -1    0    0    0    0    0    0    0    0 
   210:    0    0   -1    0    0    0    0    0    0    1 
   220:   -4   -4    5   -4   -1    0    0    1   -1    2 
   230:   -3    1   -4   -2    2    1    1    0    0    0 
   240:    0    0    0    0    1    0   -1    2    0    1 
   250:    3   -1    0    0    0    0    0    0    0    0 
   260:    0    0    0    0    0    0    0    0    0   -1 
   270:    2    2   -6    5    2   -3   -9    6   -5    2 
   280:    3    2    1    0    1    0   -1    1   -1   -4 
   290:   -4    0    1    1   -1    5    0    2    0   -1 
   300:    1   -1    1    0    0    0   -1    0    0    0 
   310:    0    0    0    0    0    0    0    0    0    0 
   320:    0    0    2   -3    4    1   -1    3   -4   -1 
   330:    6    2    2    0   -5    1    1    1   -1    0 
   340:   -2   -4    7   -3    2    1    3   -5  -10    1 
   350:    2   -1    1    0    1   -1    1    0    0   -2 
   360:    0    0    0    0    1    0    0    0    0    0 
   370:    0    0    0   -2   -2   -4    5   -1    2   -2 
   380:   -1    5   -2    0    4   -6    0    2    2   -1 
   390:   -2    1   -1   -3   -4    2   -4    8    0   -2 
   400:   -1    3    1    0    0    0    0   -1   -2    0 
   410:   -2    0    0    0    0    0   -1    0    0    0 
   420:    0    0    0    0   -1   -3   -7    3    3    5 
   430:   -6    6    1   -6    4   -3   -2    3    1    2 
   440:    4    1    3   -3    6   -7    5   -4    4   -1 
   450:    4    1   -5   -3   -5    0    1    0    0    4 
   460:    1    0    0    0    0    0    0    0    0    0 
   470:    0    0    0    0    0    0    0   -2    8   -1 
   480:    5   -2    0   -1   -1    3    0   -4   -2    5 
   490:   -4   -1    0    0    3    0   -6    4   -3    4 
   500:   -2    3    0    4    7    1    0   -2   -1    0 
   510:   -4    1   -1    0    0    0    0    0    0    0 
   520:    0    0    0    0    0    0    0    0    0    3 
   530:    7   -3    0    0    3   -4    3    2   -1    5 
   540:   -3    1   -8   -4    5   -4   -1    8   -2    2 
   550:    6    6   -6    3   -5    1   -1   -2   -3    2 
   560:    0   -1    0    0    0    0    0    0    0    0 
   570:    0    0    0    0    0    0    0    0    0   -2 
   580:    6    0   -2    7   -5    8   -6    2   -4   11 
   590:   -7    6    2    1   12   -8    1    2    4   -1 
   600:   -9    4    0   -8    5   -6   -1    2    0   -1 
   610:   -2    2   -1    0    0    0    0    0    0    1 
   620:    0    0    0    0    0    0    0    0    0    0 
   630:    0   -2    5   -6   -1   -7    5   -6    4    0 
   640:   -3    0    2   -3    0  -10    6    5   -7    8 
   650:   -3    6    6   -9   15    1   -8    7   -7   -2 
   660:    0   -2    3    1    0    0    0    0    0    0 
   670:    0    0    0    0    0    0    0    0    0    0 
   680:    0    0    0    2   -9    3    5    1    5   -3 
   690:    3    7    0    5   -2    1    4  -10   -6    8 
   700:   -4   -1    2   -6    4  -12    3   -1    9    5 
   710:   -7   16   -2   10   -2   -1    0    0    0    0 
   720:    0    0    0   -1    0    0    0    0    0    0 
   730:    0    0    0    0    0    1    1    0    1    1 
   740:   -1    0   12    0    2   -6   -7   10    1   -9 
   750:    3    4   -4    0   -4   -6   -1    0  -16    1 
   760:   13   -7    3   10   -3    4    2   -4    1    0 
   770:    0    0    0    0    0    1    0    0    0    0 
   780:    0    0    0    0    0    0    0    1    0    0 
   790:  -13    5    0   -2   -4   -1   -3    5    2    3 
   800:    2    1    0    1    2   -6   -3   -5    1    3 
   810:   -9    1   -4   -3    0    2   -1   -5   -5    2 
   820:   -2    0    0    0    0    0    0    0    0    0 
   830:    0    0    0    0    0    0    0    0    0    1 
   840:    1    4    3   -8    0    0    1   -1    5   -5 
   850:    7    0   -8    2    6   -4   -1   -3   -1   -2 
   860:    2   -2   -6   -2   -4   11   -8    5  -10    4 
   870:   -1   -2   -1    0    0    0    0    0    0   -1 
   880:    0    0    0    0    0    0    0    0    0    0 
   890:    0    0    1   -1   -8   -3    6   -5    6   -5 
   900:    2   -3    6    4    4   -7   -3    8   -6    4 
   910:    4   -2    1   10    0   10    0   -2  -12   -3 
   920:    0   -1    0   -1    0    0    0    0    0    0 
   930:    0    0    0    0    0    0    0    0    0    0 
   940:    0    0    0    0   -2   -5    0    3   -2    1 
   950:   -2   -4    1   -2   -2    2   -4    6   -5    9 
   960:    2    2   -3    0   -2   11    4    6   -4   -8 
   970:    0    6   -1   -3   -6    2    1    0    0    0 
   980:    0    0    0    0    0    0    0    0    0    0 
   990:    0    0    0    0    0    0   -1    4   12    0 
  1000:   -1   -1   -1    4    2   -7   -3    0   -4    2 
  1010:   -4    0    1    1    2    1   -2    8    0   -2 
  1020:   -2   -5   -6    4   -4   -2   -6    4   -2    0 
  1030:    0    0    0    0    0    0    0    0    0    0 
  1040:    0    0    0    0    0    0    0    1   -3   14 
  1050:    1   -1    1    4   -3    0   -3   -3   -3    3 
  1060:   -8    3   -1   -1   -1    2   -1    3   -1   -1 
  1070:    3   -1   -5    4   -4    0    6    0   -3    1 
  1080:   -2    0    0    0    0    0    0   -1    0    0 
  1090:    0    0    0    0    0    0    0    0    0    0 
  1100:    1    2   -7   -4   -6    5   -2   -1   -1    1 
  1110:    0   -2    3   -3    1   -1   -2    3    0    0 
  1120:   -2   -2    2    2    6    2    4   -3    5   -2 
  1130:   -4   -1    2   -1    0    0    0    0    0    0 
  1140:    0    0    0    0    0    0    0    0    0    0 
  1150:    0    0    0    2   -4   -1   -3  -12    0    1 
  1160:    0   -2    1   -1   -3    4    1    1    2   -5 
  1170:    4    0   -2    5   -1    0   -1    1    0   -2 
  1180:    4   -3    1    0   -1    0    0    0    0    0 
  1190:    0   -1    0    0    0    0    0    0    0    0 
  1200:    0    0    0    0   -1    3  -10    1   -6   -5 
  1210:    2   -7    2   -9    7    1   -4    2    1    1 
  1220:    0    1   -2    3   -1   -7    1   -3   -2   -1 
  1230:    4    0   -2   -3    1    0    0    0    0    0 
  1240:    0    0    0    0    0    0    0    0    0    0 
  1250:    0    0    0    0    0    0    0    3    5   -2 
  1260:    9   -1    3    3    2    0    1   -2   -1   -2 
  1270:    2   -1   -7    2   -3    3   -8   -1   -1    3 
  1280:   -2    1    4    0    3    0    2    0    0    0 
  1290:    0    0    0    0    0    0    0    0    0    0 
  1300:    0    0    0    0    0    0    0    0    0    0 
  1310:   -1    0    4  -11   -2   -5    0    3    8    5 
  1320:    3    1    4   -6    1   -1   -1    1    0    0 
  1330:    1   -1   -2    5   -6    3   -3    2    0   -1 
  1340:    0    0    0    0    0    0    0    0    0    0 
  1350:    0    0    0    0    0    0    0    0    0    0 
  1360:    0   -2    2   -4    5   -1   -1    2    1    4 
  1370:    5   -2    0   -3    2   -1   -1    0    8    2 
  1380:    0    2   -4    0    0    0    0   -1    0    2 
  1390:   -5   -1    0    0    0    0    0    0    0    0 
  1400:    0    0    0    0    0    0    0    0    0    0 
  1410:    0    0    0    0   -7    3   -1    4  -10    6 
  1420:    4    4   -3    2    0    0    3    0   -2    2 
  1430:    1   -3    2    2    1    1    0   -1    1   -5 
  1440:    0    0    3    0    0    0    0    0    0    0 
  1450:    0    0    0    0    0    0    0    0    0    0 
  1460:    0    0    0    0    0    1    6   -8   -1    3 
  1470:    0    3    2   -4   -2   -6    3    0    0   -1 
  1480:    1    1   -3    0   -1    0   -4   -3    4    3 
  1490:    5   -2    8    1   -2    1    0    0    0    0 
  1500:    0    0    0    0    0    0    0    0    0    0 
  1510:    0    0    0    0    0    0    0    0    7   -6 
  1520:   15   -3    1    7    1   -5    4    0   -3    2 
  1530:   -3    5    0    0    1    0    1    0    1   -3 
  1540:    0    6   -3   -1   -5   -3   -2    0    0    0 
  1550:    0    0    0    0    0    0    0    0    0    0 
  1560:    0    0    0    0    0    0    0    0    0    1 
  1570:    4   -4   -2    4    4    1   -4    0   -6    7 
  1580:    4  -14   12   -2    6    3    4    4    0    0 
  1590:    0    0    0   -1    0    0    1    0    0    0 
  1600:    0    0    0    0    0    0    0    0    0    0 
  1610:    0    0    0    0    0    0    0    0    0    0 
  1620:    0    1    0    5   -3    9    2   -7   -9    7 
  1630:   -1    1   13   -5   12   -1   -1    0    1    0 
  1640:   -1   -5    2    0   -5    0    1    2   -1    0 
  1650:    0    0    0    0    0    0    0    0    0    0 
  1660:    0    0    0    0    0    0    0    0    0    0 
  1670:    0    0    0   -1   -8    2    6   -3   -3    4 
  1680:   -2    2    1    7   -2   11   -2    4    3    1 
  1690:    0   -2   -5    4   -2   -1    0   -1    3   -2 
  1700:    4    0    0    0    0    0    0    0    0    0 
  1710:    0    0    0    0    0    0    0    0    0    0 
  1720:    0    0    0    0    0   -2    2    2    7   -6 
  1730:    4   -3    1   -4   -1    6   -3    0   -3    5 
  1740:   -2    2   -2    1   -1    5   -8    9   -1    5 
  1750:   -6    5   -7    1    0    0    0    0    0    0 
  1760:    0    0    0    0    0    0    0    0    0    0 
  1770:    0    0    1    0    0    0    1   -3    5   -2 
  1780:   -3   -5   -1   -4    8    5  -10    4   -2    2 
  1790:   -1    3    0   -5    5    1    4    2   -1    1 
  1800:    5    1   -3   -5   -1    1    0    0    0    0 
  1810:    0    0    0    0    0    1    0    0    0    0 
  1820:    0    0    0    0    0    0    0    0    0    0 
  1830:    5   -5    7    4    0    0    7    2    3   -2 
  1840:    0    0    2   -4    5    0    7   -2   -2    4 
  1850:   -1    5   -5    1    0   -3    4   -1    1    0 
  1860:    0    0    0    0    0    0    0    0    0    0 
  1870:    0    0    0    0    0    0    0    0    0    0 
  1880:    0    0   11   -6   14    2  -14    5   -7    2 
  1890:   -6   -5   -3  -13    0   -3    1    3    2   -3 
  1900:    0   -1    4   -5    2    4   -1    1    6    0 
  1910:    0    0    0    0    0    0    0    0    0    0 
  1920:    0    0    0    0    0    0    0    0    0    0 
  1930:    0    0    0    0    1    4    1    7   -8   -1 
  1940:    1   -2    2   -4    4    1    2   -1   -2   -3 
  1950:   -2   -3    3   -8    0   -2    0    6    3    4 
  1960:   -5   -2    0    0    0    0    0    0    0    0 
  1970:    0    0    0    0    0    0    0    0    0    0 
  1980:    0    0    0    0    1   -9    8  -10   -4    5 
  1990:    6   -9    7   -3    3    2   -6    3    6    1 
  2000:   -2   -2   -4    0    6    1   -2    1   -4    3 
  2010:   -2    4   -3   -1    0    0    0    0    0    0 
  2020:    0    0    0    0    0    0    0    0    0    0 
  2030:    0    0    0    0    0    0    0    2   -2    0 
  2040:    1    3    5   -4    7   -3    8   -1   -6   10 
  2050:   -6    0    6    2    0   -1    9   -2    1   -1 
  2060:    1   -1    1    2   -1   -2    0    0    0    0 
  2070:    0    0    0    0    0    0    0    0    0    0 
  2080:    0    0    0    0    0    0    0    0   -4   -6 
  2090:    0    0    5  -10    3   -1  -13    4    5   -1 
  2100:   -2   -1   -3    3   -7    0   -2    1    4   -2 
  2110:    0   -2    2   -7   -1   -4    4    0    0    0 
  2120:    0    0    0    0    0    0    0    0    0    0 
  2130:    0    0    0    0    0    0    0    0    0    0 
  2140:    2   -9    3    1    7    3   -2   -5    1    0 
  2150:   -1    6    0   -5    6    2   -5    0    6    3 
  2160:    2   -2    4   -4    4   -3    1    3    1   -1 
  2170:   -1    0    0    0    0    0    0    0    0    0 
  2180:    0    0    0    0    0    0    0    0    0    0 
  2190:    0   -1    5    0    0   -1   -4    8   -7   -2 
  2200:    3    0    0    6   -1    2    5   -1   -4    0 
  2210:    1    4   -2    2    4   -4   -2   -2    0    3 
  2220:   -1    4   -1    0    0    0    0    0    0    0 
  2230:    0    0    0    0    0    0    0    0    0    0 
  2240:    0    1    0    0   -8    8    8   -3   -4    2 
  2250:    6   -8    7  -16   13   -5    0   -4    1  -11 
  2260:   11   -2    7   -5   -5    5    1   -5    0    0 
  2270:    2   -5   -1    4   -1    0    0    0    0    0 
  2280:    0    0    0    0    0    0    0    0    0   -1 
  2290:    0    1    2   -1   -1   -1   -1   -4    5   -5 
  2300:    4    6   -4    2    0   -1    1    1   -2   -5 
  2310:    8   -5    6   -3   -4   -1    0   -2   -3    1 
  2320:    1   -1   -1    1    2    0    0    0    0    0 
  2330:    0    0    0    0    0    0    0    0    0    1 
  2340:    0   -1    3    2    1    0   -1    1    2    4 
  2350:    1    2    1    5    4   -3   -5    2    1   -1 
  2360:   -1    0    0    3   -3    3   -2    0    2    0 
  2370:   -1    1   -2    0    0    4    3   -2    4   -1 
  2380:    0    1    0    0    0    0    0    0    0    1 
  2390:    0    2    4   -1   -1   -4    0    1    0   -1 
  2400:    1    0    1   -2    3   -2   -2    1   -1    2 
  2410:   -2   -2   -3    1    0    0    0   -2   -1    0 
  2420:   -3    2    1   -1    2    1   -1    2    3   -3 
  2430:    2   -2    0    0    0   -2    0    0    0    1 
  2440:    1    0   -3    0    0   -2   -5   -4    0    1 
  2450:    1    0    2   -5   -1    1    1   -6   -3    4 
  2460:   -1    0   -1    3    0    1    0    0    1    2 
  2470:    4   -1    1    1    2    2   -3    0   -1   -2 
  2480:   -4   -2    0    0    0    0    0    2   -1    1 
  2490:    0    0    0   -3    3   -1 
