     0:    0    0    0    0    0    0    0    3   44  -30 
    10:   23   -9   10  -49  -20   -2    0   -9    5    0 
    20:    0    0    0    0    0    0    0    0    0   -1 
    30:    1  -11  -18  -10    8    0    0    0    0    1 
    40:    0    0    0    0  -16  -10   13   14   59    5 
    50:   36  -31    9   -7   20  -11   -1    0    0    0 
    60:    0    0    0    0    1    0   -3   -1    6   -3 
    70:    2    1    0    0    0    0    0    0    0   -1 
    80:    5   34   54  -21   -6  -94   18   55   21  -13 
    90:    7  -86   57   -6   13   -7   -1    3    3    4 
   100:    0   -5   -3   14    2  -21    1    0    0    0 
   110:    0    0    0    0    0   -1   -4  -12  -22   -3 
   120:   37   59  174   29   22  -36  -36   27   15  -47 
   130:   -6  -32   30   29    7  -14  -18   -3   32   20 
   140:  -26   12   -2  -10    1    0    0    0    0    0 
   150:    0   -3    6   51   28  -13  -62 -120  -91  -62 
   160:   28  115 -125   29    0  -33   16  -19   67  -41 
   170:  -20    8   -3   18    1   -7    0   -2   -4    6 
   180:   24   -1    0    0    0    0    0    0   10   -3 
   190:  -34  -12    9   63  114   21    4  -23 -119    8 
   200:   60  -12   -4  -32   32  -44   14   37   -9    5 
   210:  -15   -3   -1  -11  -16    0    5    1    3    0 
   220:    0    0    0    0    0  -45  -13   12   -3   -8 
   230:  -10  -55  -17  -25  -12   16  -81  -40   31  -24 
   240:   13   24    3   24    9   25  -32  -10   27  -11 
   250:    6    4    9    7    3   28   -2    0    0    0 
   260:    0   -3   -3   12  -13    1    8  -37   47    7 
   270:   25   32    2  108   56  -43    9    5  -16   26 
   280:   -9   -3  -17   21   31   -6    3   -4  -17  -15 
   290:   20   20   12    3    0    0    0    1   -4  -10 
   300:    7   20    9   12   -9  -61  -65  -15  -19   18 
   310:   43   34   38   31   53  -50  -11   -8   23   40 
   320:   11    5   30  -13   -3   21   13   34  -23  -31 
   330:  -12    2    0    0   -4    3   -4    9   11   38 
   340:   63  -31   -2    5   -7   -2   11  -57 -121    3 
   350: -103   -5  129   21   10   -1    5   28    4   -1 
   360:  -12  -21    8   14  -29   25  -14   11   -1    0 
   370:   -1    2    9  -19  -29    0  -17  -14   -9    2 
   380:  -21   11    9   -9    1   74  -38   81   16  -17 
   390:  -18  -11   -6   -7  -19  -22    2   13  -25   -6 
   400:  -26   -6  -10  -18    7   -1    0   -1   -6    4 
   410:   16    1  -17    4   22   -1   -1    8    3  -16 
   420:    9   -8  -68 -152   -5  -36   -6   -7    2   25 
   430:    2   17    9    2   -8   23   -8   18   21    7 
   440:    5  -11    5   -1   -2   25    8  -11    5    3 
   450:   -9   16   -5   -7   14   -4    7   -4    6   27 
   460:   10   -7   -3  -17  -17   18   -6  -11    6    5 
   470:  -18   -8  -10  -21  -13  -29  -36    2    5   14 
   480:   -3   -2   -3   -4    8   -2   -5   18  -22  -13 
   490:   -5    9   -2  -15    1   -6  -14  -19   20   40 
   500:    7   -4  -21   17   10   -8   -9   29   26   16 
   510:   -1   18    8   -7   -9  -17  -17    3    1  -23 
   520:    3    5   10    1  -34    1   10  -14  -17   -8 
   530:  -16    2   -6   14  -16   10  -30   11    1   10 
   540:   45    9   49   28  -31   15   16   24  -17  -11 
   550:    1  -15    7   19   -3  -15   -8   12   -5   -6 
   560:    3   20  -12  -31   15   25    5    5  -10    8 
   570:   -3    2    3    3   -2  -22  -51  -39   -7  -54 
   580:  -27  -11    4   -7  -69    6   -4  -17   15   -3 
   590:  -30    2   -7  -11  -11    8   17   19   -6   -3 
   600:    0   -8   20  -15   -1   -8   -7   17   -1    2 
   610:   27    5   23   30   17  -12  -33  -23  -17   -2 
   620:   18   32   -5   13  -11  -50   10   21   -1   -5 
   630:    4    7   -2   -2   -2    8    3    8   -7   -1 
   640:    8  -14   12    4   11   -6   -8    9  -12  -12 
   650:    0   21   46   45   93    6    0    6  -21    3 
   660:  -22    4   17  -21   -3    1    7    2  -46   11 
   670:    7   12   -6  -17    1   14   12   -7   12  -14 
   680:    8  -12    0   16  -13   10    2  -21  -11  -19 
   690:  -39  -64  -40    9  -23  -22   -9   18   22   -4 
   700:    4   17   -1    3   15    3    1   -2   14    6 
   710:   10   -6   -6    2   -7    7    2    1   -8  -10 
   720:   10   38  -15   38   80   39   -9   52  -16   64 
   730:   39  -30   26   21   56    8  -85    0   19   -3 
   740:    1   -4    3   -5    3   10    8    5    8   19 
   750:   10   -6   -4    5   21   13   -9  -35  -71   16 
   760:   -3  -76  -17   38  -80   63  -85  -17   62  -14 
   770:  -43 -114    2   54    1  -33    8    2    1   -3 
   780:   -7   -6   -9  -19   -4  -15  -26   -2   -1    4 
   790:   20  -13    3   20   -3  128   98   22  -50  108 
   800:  -64  141  -54   16   -1  -17  -30  -11  129   27 
   810:  -35  -62    1    0    3    5   -7    0   34   37 
   820:   51   28  105   26    0   -4    4   -8   17   14 
   830:    4  117 -114  -51  -25   79 -161  -10   11   -8 
   840:  -13    3  -12   49  -31  -77    7   23  -20    7 
   850:    0   -5  -10   -5    1  -81   20  -34    6  -24 
   860: -112 -119  -99  -18   70   73  -88 -186    9  164 
   870:  -74   49  -26   60   20  -41   -4   -7  -15  -13 
   880:  -11  -41   16   19    0   21   -9    0   -1   24 
   890:   15   16   60  -37   64   14  -27   15   11   54 
   900:  -89  -34  -36   24  -87   -3   67   15  -12   52 
   910:  -10   -6    5   39    5    9   51  -33   -8   18 
   920:   22   23  -36    5    0    4  -62  -38   -7   23 
   930:   56  -49   51  -70   -1   14   26  -48  -91  -20 
   940:   -9  -46   11    9   -7  -30  -11   -5   -5    8 
   950:   -6   -1   18   21   13  -38   30   28   32    4 
   960:    0    0   -3   -5   17   26  -21  -57   47   41 
   970:   82    8  -28   37  -37  -33   83   50  -37   23 
   980:   -2   13   -9   -5    0  -35   10  -18    3  -31 
   990:   30    7   10   -9  -27  -26   -5    1    0   -1 
  1000:   15  -25  -49   65  -18  -42   26  -16  -26   45 
  1010:  -12   46  -14   -4   48   -9   56  -19  -41    9 
  1020:   46  -46   26   27   33    9   33    4  -10  -32 
  1030:   -9   18   13   -4    0    0    0   -3   -9  110 
  1040:  -63   34    8   79  -62  -17  -30   14  -13  -42 
  1050:    6   35   54  -30  -17    2   22    8   -3   48 
  1060:   -8   -6   12   12   -2   -9   13   13   32  -19 
  1070:    1    0    0    0    0   -1  -22   37  -22  -39 
  1080:  -51   11  -24    2  -22   20  -40    3  -16  -38 
  1090:  -21   34   -8   -8    8   -2   -3    6   -5   -3 
  1100:  -58   19    5   12  -19    1   -5    2    0    0 
  1110:    0    0    0    3   -8   -2   44   55   61  -24 
  1120:   13   27   29    0    9   35   -2   75   31    4 
  1130:   46    1  -20   11  -25  -63   11  -42   88  -93 
  1140:   89   -8   11    4   -1    0    0    0    0    0 
  1150:   -1    7   -7    2  -35  -21    1   -1   46  -13 
  1160:  -62   18  -45   25  -43   29  -42  -27    2    4 
  1170:   51  -93  132   82   48  -75  -13  -24    8  -11 
  1180:   -1    0    0    0    0    0    0    0  -34   44 
  1190:  -67   22    6   26  -49   72  -22   19  -77   76 
  1200: -100   16  -75  154  -37   10   55  -60   75  -36 
  1210:  -57   25  -32   18   -7   15  -13    2    0    0 
  1220:    0    1    1   -5   25  -37   30   14   20   28 
  1230:   -4  -24   33  -62  -41   57  -96   53  -65   82 
  1240:  -13  -14   79  -74   49  -23   43   11  -76   10 
  1250:  -14   10  -31    4    0    0    0    0   -1   -2 
  1260:   24  -83   -9   11  -11  -68   20   33  -19  -33 
  1270:   55   56  -38   78  -32   13  -46   37   12  -89 
  1280:  113   40  -60  -12    1   61  -13    2    0  -10 
  1290:   -1    0    0    0    0    5    9  -80   21    1 
  1300:  -35   27   46    8  -22   -1  163   15 -122   20 
  1310:    4  -18  -49  -38   33  -44   51  -94  -31   84 
  1320:  -21  -22    3   24   -3    0    1    0    0    0 
  1330:    0    0    6    6   67    5  -12  -58   32  -16 
  1340:  -74   -7   25   11 -105   87   35  -57 -113  -76 
  1350:   45  -82   64    8   99   24   -3   41   13   -3 
  1360:   -6    1    0    0    0    0    0    0    0    9 
  1370:    9   -3  -19    2   11   13   -5    6    5    0 
  1380:   -1   19  -10  -10    8   13   14  -10   17   -6 
  1390:   -2  -21   -5    0   -7   -1    1    1   -1    0 
  1400:   -1    0    0    1   -1    1 
