     0:    0    0    0    0    0    0    0    0    5   19 
    10:   -5   22   -6   -8   18    0   -1    0   -1    0 
    20:    0    0    0    0    0    0    0    0    0    0 
    30:    0    0    0    0    2    0    0    0    0    0 
    40:    0    0    0    1    1    7  -10  -18    2   10 
    50:   14    3   -5   12    2    5    3   -1    0    0 
    60:    0    0    0    0    1    0   -2    1    2    0 
    70:    0    0    0    0    0    0    0    0    0    0 
    80:   -6   -8  -15  -22   -4   -4    9   -6  -13    7 
    90:    4  -13    8  -10    4    0    1    1    1    0 
   100:    1   -8    1  -11   13    4   -2    0    0    0 
   110:    0    0    0    0    1   -7   -3   -2  -10   -4 
   120:    4   -6    4    0   -2  -13    6   -3   -5    2 
   130:    2   -5    0   -2    6   -5  -11  -10  -19    9 
   140:   -6  -11  -13   10   -1    0    0    0    0    0 
   150:    0    2    4   19    6   14   32    8  -30    2 
   160:    2   -3    0   10   -3    2    4   -5   -1   -6 
   170:   -3   -8  -12   -1  -11   29    8    5  -20   -6 
   180:   12   -4    0    0    0    0    0    1  -10  -17 
   190:   34  -23   36   19  -25   15  -10   -1   -5   -5 
   200:   10    6   22    8    1   -3    2   -8   12    7 
   210:    5  -21   -3   11    0    1    2  -12  -16    1 
   220:    0    0    0    0    1  -26  -57   13   19   -7 
   230:  -19  -15   -3   14   12   -3    5    5   -1   -3 
   240:   13    6    2    2   14    7   10   11   12    4 
   250:   -7  -27    8    2   -2   21   -3    1    0    0 
   260:    0    1   -3  -22   -8   16   -4   -1   21  -17 
   270:  -13   13    7   -6  -11   -4    0    0  -29   -1 
   280:   -6   -5   -7  -12   -4   15   10    2  -21  -15 
   290:   10  -15   18    2    0    0    0   -2   10    2 
   300:  -12   11  -18    5   22   -3   27  -13    6  -16 
   310:    7    9  -10   -2   -1   -4    9   -1   -9  -16 
   320:  -18  -40   -3   -5    0  -18   25   30    3   -1 
   330:    4   -1    0    1   -2  -11   -2  -30   39  -24 
   340:   26   -4   -3   19  -26   28  -43   29  -16   17 
   350:  -15   15  -21    2    4    9   42   48   37   -6 
   360:   -2  -19   10  -14    8   25  -15  -16    2   -2 
   370:    0   -1   -1   22    0   10   -8   28   17   14 
   380:   14   -6   31   -6   -3   10   -4    2    9   12 
   390:   13  -12  -10  -32  -29   -9    9   16   18   14 
   400:  -13  -33  -13   -6   -1    1   -1   -6   23   -8 
   410:   14  -28  -25    9  -15  -21  -11   -8  -15   23 
   420:  -14  -14   56  -11    8   -8  -41  -13   25    6 
   430:   10   17  -21  -18    4   -7  -12   -9  -13  -12 
   440:   -8  -13   -1   -1   -8   32    7  -10  -36   37 
   450:   19  -22  -22    2    7    5    7  -15   33    5 
   460:    8  -24   46  -10  -37  -27    9    7   -5   24 
   470:  -22  -19   -8   -8   -8   -4   21  -16   13   -2 
   480:    1   -3   23   39   -6   15   11    9  -11    0 
   490:  -13   -7   20    2    1   17    1  -13   16  -57 
   500:   32   -8  -14    8    8  -14   12  -28  -18   10 
   510:  -25   24   -5    5    2   10   10   -3   -9   21 
   520:    1   20   11  -15  -45  -30    2  -17   -5    8 
   530:   12   -8   -2    3  -46   22  -31   15    8    2 
   540:   10    7    2  -18    9   10  -14  -24   29  -31 
   550:   18   10  -17  -18    3   -2  -41  -66  -23   -3 
   560:  -18    7    0    2  -11    0   11  -17  -12   -8 
   570:  -14  -36  -24  -11   12   29   28  -19   -5    1 
   580:   -2   11    3   -9   25   -2  -13    5   10   12 
   590:    9   -3  -14  -69  -32  -40   26   30   -8   -9 
   600:   -1   -5    1    5  -17  -68  -51  -50  -28   -4 
   610:    2  -12    8   -7    0    6  -13  -14   -1  -13 
   620:   -5    1  -16   13  -22    6    7    0   -4   13 
   630:   20  -13    6   55   38  -11   13  -10   -4   17 
   640:   -8   63  -86  -92  -82  -55   24  -18   -8    3 
   650:   -5   16   -2  -13   13   10    7  -37    4   -2 
   660:  -10   14  -13   -3  -11    0   19   -2    1  -40 
   670:   -5   15    6    9  -21  -11    6    4   81  -28 
   680:  -95 -113  -60   34  -15    0   22   20    1    7 
   690:   17   12    4    1  -10    3  -10  -10    6  -15 
   700:   10   10   -2   16   11   -5    9  -34   25  -21 
   710:   24    0  -70   -3   -6    4   94   18   17   36 
   720:    5   12  -14   -6  -10    4    6   11    5   -8 
   730:    1   21   -2   -3    6    8   -2    8   -3    2 
   740:   15   12   -8    8  -22  -15    3   15   -4  -48 
   750:   -7   50    6   21  -12   32   37  -25   13   -4 
   760:   -9   -4   22    3   -3   15    4  -14   10  -17 
   770:  -10    0   -8   -1    9    2    0    1   -5    3 
   780:   -2  -19   -6    4    0   29  -12   62   61   -4 
   790:  -43   54  -34    4  -12   13   -2    5   -9    8 
   800:   -5   -4    2    8    5    0  -17    1    2    6 
   810:   -6    5    4    0   -7    0    2   -8    3   14 
   820:   -4   16   -4    7    6  -28   10   11  -17    1 
   830:    0   -6   -1   -5   16    6    4   16    0    3 
   840:  -10   14   13    1   10  -17    0    7   -2   -2 
   850:    0    3  -12   -6    0    6    2   -2    1    4 
   860:   -5    5    3   -4    1  -11   -6   -8    5  -15 
   870:   -8   -2    4   -1  -14    1   14  -23    0   -1 
   880:  -15    3   -5    9    6    7   -1    0    1   -8 
   890:   20   -4    2    0   -6   -3   -2    6   -9  -19 
   900:   20    7    0   -2  -21    0   -4  -13   -3  -11 
   910:    0   -5  -30   11   -6    1   -5   -1    1   -5 
   920:    1  -12    2   -1    0   -5   17   -6    1    0 
   930:   -5    3   -8   -3    0   20    4   -9  -12   24 
   940:    1   -2    9  -11    8    1    5    7   42   -2 
   950:  -10  -15   -3  -30  -22   -3    7   -1   -1   -4 
   960:    0    0   -1    7   18   -1    1    7  -12   -2 
   970:    6    5   15    1    4  -11    1    1   -2  -10 
   980:   -7   -9   21  -21   17   47   13   30   -3   -5 
   990:  -11   10   -7   34  -18    4    0    0    0    0 
  1000:    0    4   -7    5   -2   -7   -4   -6  -23   16 
  1010:   -1    0    2   -8   13   13   17    5  -41    1 
  1020:   29   -8   -2   15    0   14   -5   29   -8    3 
  1030:    3  -18  -14    2    0    0    0    0   -1   -1 
  1040:    2   13   13  -10  -21   -1   -5   28   12  -19 
  1050:    1   -7  -11  -11    4  -24   -9   -7   11   -7 
  1060:   -1  -12   17  -10   -4  -10    5   26  -10    0 
  1070:    0    0    0    0    0    0    0   -7    2  -12 
  1080:   -1   20    9    2  -27   -5    2    4  -29  -12 
  1090:  -11   12  -19   10   -2    1    1   -1    0    0 
  1100:  -31    2  -30   27  -14  -11    4   -1    0    0 
  1110:    0    0    0    0    1   -1    6    4   16    7 
  1120:    0  -27  -15    8    6   12    8    4  -16   -3 
  1130:    2   -3    5   -8   -1  -32  -13   -2   11  -22 
  1140:  -13  -10   -4    0    0    0    0    0    0    0 
  1150:    0    0    6   -1   -8    5   11   -2   -7    3 
  1160:    7    7  -13   -8   13   -9    4   -2  -10    9 
  1170:    5  -10   -2    9   -6    5   -2  -25   14  -17 
  1180:    1   -1    0    0    0    0    0    0    0   -6 
  1190:  -10   12   10   -6   -3   -8  -20   10    3    2 
  1200:   -2  -11   -2    0   -8   -7  -17  -33    5  -21 
  1210:    8   -5   14    3   -6    5    0    0    0    0 
  1220:    0    0    0    0   -7   -7    0   19   10   10 
  1230:   -3   -2    5   -3   14   -8    7   -6  -10    1 
  1240:   13   17   30    2   -5   -2   -1   15  -10   -7 
  1250:   -2    0    2   -2    0    0    0    0   -3    0 
  1260:   11  -28    0  -10    0   -2    4   -2    7    1 
  1270:    4    0  -19   15   -2   -8    8  -10  -25   -4 
  1280:  -12   18   -7    1   12   -4   -4    0    0    0 
  1290:    0    0    0    0    0   -1    0   -3   17    0 
  1300:   13   25   14  -18   20    7    9    2    8    2 
  1310:  -19  -27   -6   29    4  -15   -6   11   18   -7 
  1320:    5    2    0    0    0    0    0    0    0    0 
  1330:    0    0    1   -2    3    2   -4   -6   -2   -4 
  1340:   -3   -7   -4    0    1    3    5   10   -6   -2 
  1350:   -7    2    2    4    0    5   -6   -2    0    0 
  1360:    0    0    0    0    0    0    0    0    0   -6 
  1370:    2   -4   -3    0   13    2   -3    0    2    1 
  1380:    0   -1    0   -1   -1    2    2    2   -1    0 
  1390:    0    0    0    2    0    0    0   -2    0    1 
  1400:   -1    2    0    1    1   -1 
