     0:    0    0    0    0    0    0    0    0    2   -2 
    10:    1   -2    1   -1    1    0    0    0    0    0 
    20:    0    0    0    0    0    0    0    0    0    0 
    30:    0   -1    1   -3   -1    0    0    0    0    0 
    40:    0    0    0    0   -1   -2    1    3    5   -4 
    50:    3   -3    0   -1    1    0    0    0    0    0 
    60:    0    0    0    0    0    0    0    0    0   -1 
    70:    0    0    0    0    0    0    0    0    0    0 
    80:    0    1   -2    0   -4   -7    1   -2    4    2 
    90:   -1   -4    1    0    0    0    0    0    0    0 
   100:    0    0    0   -1    0    0    0    0    0    0 
   110:    0    0    0    0    0    0    1   -1    1    0 
   120:    0    1    2    1    0   -5    1   -1   -1    0 
   130:    5    0    1    1    0   -1   -1   -2    1    0 
   140:    3    3   -1   -1    0    0    0    0    0    0 
   150:    0    0   -1    1    1    1    2   -4    2    3 
   160:   -1    2    0    3    0   -2    0   -5    1   -1 
   170:    1    2    0    0    0   -1   -2   -1   -1    0 
   180:    1    0    0    0    0    0    0    0    0    0 
   190:   -2   -3    0   -1   -1    1   -1    0    2    2 
   200:    7    0    1    2    3    3   -3    0    1   -1 
   210:    2    2    1   -1    1    4    3    0    0    0 
   220:    0    0    0    0    0    0    0    2    1    0 
   230:    3   -2    0   -4   -3   -3   -5    2   -1    3 
   240:   -1    2   -2    2    1    1   -1    0    1    0 
   250:    3    0    1   -2   -2    1    0    0    0    0 
   260:    0    0   -1    0   -1    0   -2   -2   -2    0 
   270:    2    4    6    5   -1   -1    1   -2    1    2 
   280:   -2    1    0    0   -1    1    0    0    1    1 
   290:    6    4    0    0    0    0    0    0    0    0 
   300:    0    0    1    3    0    5    0    0   -2   -5 
   310:    1    2    0    0    3   -1    0    1    0   -1 
   320:   -1    3    1    3    1    2    0   -3    0    1 
   330:    0    0    0    0    0    0    1    0    0    0 
   340:   -1    1   -2   -2   -1    2    2    2    1    0 
   350:    4   -7    0    3    1    1   -2    1   -2    0 
   360:    0   -1   -1    2   -1    2    0    0    0    0 
   370:    0    0    0   -1    2    0    0   -1   -2   -2 
   380:    2   -2    0    0    0    0    2    1    3    0 
   390:    0    0   -2   -2   -1    0   -1    2   -2   -2 
   400:   -2    0   -1    1    1    0    0    0    0   -1 
   410:    1    2    2    0   -1    0    1    1    0    1 
   420:    0    1    0   -3   -1    3    1    4    3    0 
   430:    1    2    0    0   -1    2   -1    0    0    1 
   440:    3   -1   -1    0    0    1    3    0    0   -1 
   450:    0    0    0   -1    0    0    0   -1    0   -1 
   460:    0    1    0    1    1   -1    0   -1   -1    0 
   470:   -1   -1    0    0   -1    0   -3   -2    0    1 
   480:    0    0    2    0    0    2    1    1    3    0 
   490:    0    0    1    1   -1    0    0   -2   -2    2 
   500:    0    1    0    0   -1    0    0    0    0    1 
   510:    0    0    0   -3    0    1    0    0    0   -2 
   520:   -1    3    0   -1   -2   -3   -2    1   -1   -1 
   530:    1    0   -1   -1    1    1    0   -1    0    0 
   540:    3    1    0    1    1    0    2    0    0    0 
   550:    0   -1   -1    0    0    2    0    1    0    1 
   560:   -1    0    2    2    0   -2   -1    1    3    1 
   570:    0   -1    0   -2   -1    0    1   -3    1    2 
   580:    1    1    1    0    2    0    2   -2    2    1 
   590:    0    0    0   -2    0    3    0    0    1   -1 
   600:    0   -1    1    0    0    0    0   -1    1    0 
   610:    2    2    0    2    3   -2   -3   -2    2   -2 
   620:   -1    0   -3    1    2   -1    0    3    0    1 
   630:   -1    0   -1    1   -2   -1    1    0    1   -3 
   640:    0    1    1   -1    0   -3   -2    1    0    1 
   650:    0    0    3    1    2    0   -2    1    2    0 
   660:   -2   -1    0   -1    1    0    2    4    0    0 
   670:    1    0    0    0    0   -1    1    0    0   -2 
   680:    1    0    0    1    0   -1    0    2   -3   -2 
   690:    3   -1   -1    1    3    3    0    1    4    0 
   700:    4    1    0   -1   -4    1    2    0    3    0 
   710:    3    3   -1    1    0    1    1   -2   -1   -1 
   720:    0    1   -1   -1   -1    5    0    1    0    2 
   730:    0   -1    0    0   -1    1    2   -2   -1    0 
   740:    1    0    1   -1    0   -1   -3    0   -1   -1 
   750:    1    1   -1    0    0   -1    0   -1    0    0 
   760:    3    2   -3    1   -4    0    2   -2    1    0 
   770:   -1   -2   -6    1    1   -1    0    0    0   -1 
   780:    0    3    0   -3    0   -1   -2    0   -1    4 
   790:    0    0    1    2    0    0    0   -3  -10    5 
   800:    0    2    4   -2    4    2    1   -2    4    6 
   810:    2    1   -1    0    0   -2   -3    0    0    2 
   820:    4    4   -1    1   -1    0    0    0   -2    0 
   830:    0   -1    0   -6   -1    1    2    0   -4   -1 
   840:   -1    3    1    0    0   -1    2    3    1    0 
   850:    0    0   -5   -3   -2   -2    0   -6   -1   -1 
   860:    2   -1   -1   -1    3   -1   -2    0   -1    0 
   870:    2    1   -3   -2    0   -3   -2    2   -1    1 
   880:    0   -1    0    1    1    3    0    0   -1    3 
   890:    0    0    0   -1    3    0    1   -2    0    2 
   900:    1    1    5    3    1   -1   -1   -1    1   -2 
   910:    0    0    4    0    1    0    0    0   -2    0 
   920:   -3    0   -2    0    0    0    1    4    4    2 
   930:   -1    0   -3    0    1    3   -5    0    4    2 
   940:   -3   -1   -2   -3    1    2   -4    1    0   -2 
   950:   -4    0   -1   -1   -1    1    0    2   -2    0 
   960:    0    0    0    1   -1    0   -4    1   -1    2 
   970:    5    1   -2   -4    2    0    0   -1   -2    3 
   980:   -1   -1   -5   -2   -1    0    2   -1    1    2 
   990:    0    2    0   -1    0    0    0    0    0    0 
  1000:   -1    0    2    2   -2    2   -1   -2   -5    3 
  1010:    5   -1    4   -1   -3    1   -1   -1    0    1 
  1020:   -1   -1   -3    1    2    1    0    2    0    1 
  1030:    1   -2    1    0    0    0    0    0    2    1 
  1040:   -3    0   -5    4   -1    2    2   -5    2    2 
  1050:    3    1    1   -3    0    2    0    2   -1    3 
  1060:    4    2    0    0   -2    0   -2    0    1   -3 
  1070:    0    0    0    0    0    0    0    0   -1    1 
  1080:    2    2   -1   -2    0   -2    0   -2   -1    4 
  1090:    0   -1   -2    1   -1   -1    0   -3   -1    0 
  1100:    4   -1   -2    2   -1    0    3    0    0    0 
  1110:    0    0    0    0    0    0   -6    1    4    1 
  1120:    2    0    3    1   -2    2   -3    4    2   -2 
  1130:   -1    1    0    0    1   -3   -1   -2    0    2 
  1140:   -2    0    1    0    0    0    0    0    0    0 
  1150:    0    0    0    0   -2   -2    3    2   -1   -3 
  1160:    3    4    1    0    3    1    0    0    0    5 
  1170:    0    0    1    0   -1   -3   -2    0    0    2 
  1180:    0    0    0    0    0    0    0    0    1    1 
  1190:    2    5    1    4   -2   -2    4    0   -6   -3 
  1200:   -3   -3    2   -1    1    0   -5    0    2   -3 
  1210:    0    4    3   -1    1    1    0    0    0    0 
  1220:    0    0    0    0    0   -5   -4    2    0   -1 
  1230:   -3   -1   -5    2    0    3    2    1    0   -1 
  1240:    0    3    1    2   -2   -1    0   -2    0    0 
  1250:    0    0   -2    0    0    0    0    0    0    0 
  1260:    0    0    4   -3   -4    1   -2    1    0   -2 
  1270:    1   -1   -3   -1   -3   -6   -3    0   -1    2 
  1280:    3    0   -3    3    1    3    3    0    0    2 
  1290:    0    0    0    0    0    1    1    0    4    1 
  1300:    0   -1    2    3   -4    0    0    1    1    2 
  1310:    2    1    0    0    0    0   -2   -1    1    0 
  1320:    0    2    0   -1    0    0    0    0    0    0 
  1330:    0    0    0    1    2    1    2   -4    2    0 
  1340:   -1    2    3    1    0   -2    1    4   -1   -3 
  1350:   -4   -1    0    3    3    0    0    4   -1    1 
  1360:    1    0    0    0    0    0    0    0    0   -1 
  1370:    1   -1    2    0    0    0    0    1    0    0 
  1380:    0   -1    0    1    0   -1   -1    1   -1    1 
  1390:    1    0    1    1    0    0    0    0    0    0 
  1400:    0    0    0    0    0    0 
