     0:    0    0    0    2   -1    1    2   -2   -2    0 
    10:   -2   -1   -2    0    0    2    0    0   -1   -1 
    20:    1    1    0    2    2    0    1   -1    0    1 
    30:    0    0   -1    1    1   -1   -1   -1    0    0 
    40:    0   -3    5   -4    0    0    1   -4    1   -1 
    50:   -1    1    0    0    0    0    0    0    0    0 
    60:    0    0    0    0    0    0    0    0    0    0 
    70:    0    0    0    0    0    0    0    0    0    0 
    80:    0    0    0    0    0    0    0    0    0    0 
    90:    0    0    0   -1   -1    4    0    0   -1   -2 
   100:    0    0    0    0    0    0    0    0    0    0 
   110:    0    0    0    0    0    0    0    2   -1    0 
   120:    0    0    0    0    0    0    0    0    0    0 
   130:    0    0    0    0    0    0    0    0    0    0 
   140:    0    0    0    0    0    0    1   -2    0    0 
   150:    0    0    0    0    0    0    0    0    0    0 
   160:    0    0    0    0    0    0   -1    6  -12   -7 
   170:  -10    2   -1    0    0    0    1    0    1    0 
   180:    1    0    0    1    0    0    0    0    0    0 
   190:    0    0    0    0    1   -5    7   -2    7    0 
   200:    0   -1    0    1    0    0    0    0    0    0 
   210:    0    0    0    0    0    0    0    1    0   17 
   220:   27  -44   32   -4   13   -7    2   13  -13    0 
   230:   -9    0   -8    3    3   -6    0    0    1    0 
   240:   -1    2    0   -1    0    0   -4    0    3    3 
   250:   -2    6    0   -2    2    1    0    0    0    0 
   260:    0    0    0    0    0    0    0    0    2  -11 
   270:    0   27   14  -11  -52   46  -32   13   -3    6 
   280:    8   -4   -5  -17    1    3    9    7   10    1 
   290:  -12   -3   12  -20   -7    7    2   -3   -7    2 
   300:   -1    6   -2   -3    3    7    3    1    0    0 
   310:    0    0    0    0    0    0    0    0    0    0 
   320:    2   -9  -17   16   -5   21  -32   -3  -25  -30 
   330:   21    9    4   11    0   -7    8   -9  -14   14 
   340:  -13   -5  -10  -26   13   -6   21   24  -11    9 
   350:   -3   -1    0   -3   -5   -1    5   -2    4    3 
   360:    0    0    0    0   -1    0    0    0    0    0 
   370:    0    0    0   32    2    5   19   -8   11  -37 
   380:  -26    4   15    0  -20   -9    1   10    7   11 
   390:    1    7    5    2   17  -32   -8   30   27  -14 
   400:  -48   56  -10    2    0    2    0   -3    4  -10 
   410:    4   -1    0    0    0    0   -1    0    0    0 
   420:    0    0    0    1  -25   19   -1  -27   33   36 
   430:   24  -23  -19    0   15    9  -26   -7   -5   13 
   440:    0    3   16   13   11  -12    3   -4  -19   44 
   450:  -33  -47   37   23   -5   -1   -1    0    0   -4 
   460:    4    2   -2    2    0    0    0    0    0    0 
   470:    0    0    0    0    0    1  -22  -17   25    6 
   480:  -13   19   18   -3  -35  -27   -6   73  -13    6 
   490:    1   19  -34  -14   25  -12   35    0  -24   19 
   500:  -25   55  -69   38   75  -41  -10    9   -2   -1 
   510:    9   -5   -1    0   -1   -2    0    0    0    0 
   520:    0    0    0    0    0    0    2  -12   23  -22 
   530:  -13   17  -25   31  -10   20   -9  -26  -32   45 
   540:   -2  -10   21   11   -9   12   -9    7   25    0 
   550:  -49   11   20   -7  -75   64   20  -70    0    7 
   560:    0   -1   -1    1    0    0    1    0    0    0 
   570:    0    0    0    0    0    0    0    0    1  -10 
   580:   30    3  -20   41  -53   39  -42  -21   -1   67 
   590:  -48  -27   40  -58   17   55   28  -13  -30    7 
   600:   24  -42    4   -3   12  -18  -17   32  -27  -35 
   610:   30    1    0   -2    0    0    0    0    0    0 
   620:    0    0    0    0    0    0    0    0    0    0 
   630:    2  -33  -25   42  -22    8  -31  -13   21  -17 
   640:  -63   16   42  -13  -13   20   -5  -51   40   22 
   650:  -25  -10    6  -17   -1   -3  -14  -13   11  -10 
   660:  -57   22   26   -7    0    0    0    0    0    0 
   670:   -1    1    0    0    0    0    0    0    0    0 
   680:    0    0   -5   34   -2   22  -23  -11   22   23 
   690:  -26   41    4   -2  -44   78  -49  -25   78  -23 
   700:    3  -32   22  -27   -1    6  -11    1    0   -1 
   710:   20  -41   29   15  -40   14   -2    0    0    0 
   720:    0    0    1    2    0    0    0    0    0    0 
   730:    0    0    0    0    2    1   17  -28   35  -13 
   740:  -23   56  -11  -26  -26   -4   42  -44   44  -16 
   750:   19    8  -20   25   11  -11   -8  -13   26  -27 
   760:   43   -5  -39   14    1  -45    6    7   -1    0 
   770:    0    0    0    0    1    0    0    0    0    0 
   780:    0    0    0    0    0    0   -1   21  -10   -7 
   790:   -8   21   -7  -14   30   20   27  -17   16  -57 
   800:   12    3   34  -25   20  -37   -2   15   21    1 
   810:  -25    7   -1   42  -41   45  -67   78  -53  -28 
   820:    5    0    0    0    0    0    0    0    0    1 
   830:    0    0    0    0    0    0    0    0    0  -17 
   840:   23   35  -35  -23   41   -9  -28   13  -35   32 
   850:   15   -8   -4  -41   30  -12  -15   27  -21  -30 
   860:   -9   -5   22    4   -3  -23    0  -26   38    9 
   870:  -21   17   -3    0    0    0    0    0   -1   -2 
   880:    0    0    0    0    0    0    0    0    0    0 
   890:    0  -17  -13   25  -18  -22    8   30   -9  -13 
   900:    4  -38   29  -13  -10   -9  -10   55   -2  -41 
   910:   -3  -14   32    5  -14   27   -6  -58  -16   24 
   920:    1  -47   58  -10    0    0    0    0    0    0 
   930:    0    1    0    0    0    0    0    0    0    0 
   940:    0    0    2   -1  -49    2   -3   42  -46   21 
   950:   -2   27   26   -3  -56   70  -55  -27   30  -30 
   960:   50   19    4   10  -44    1   26    0   39   11 
   970:  -20   31  -46  -24   -4   17    0    0    0    0 
   980:    0    0    1    1    0    0    0    0    0    0 
   990:    0    0    0    0    0    2   25    1   -5    5 
  1000:   12  -23  -10   14   13   57  -57   34   -9  -49 
  1010:   -9   14   44   12   -2   -4  -12   23    5   25 
  1020:   -9   33   -1   25  -54   -9   39  -11   -1    0 
  1030:    0    0    0    0    1    1    0    0    0    0 
  1040:    0    0    0    0    0    0    0   -2   11    6 
  1050:   -7    0   23  -18  -31  -43   13   20  -16   -1 
  1060:  -26  -40  -14   16   -2    8   -7  -45   47  -44 
  1070:    0    1   -6   49  -24   53  -37  -22   32    6 
  1080:   -1    0    0    0    0    0    0   -2    0    0 
  1090:    0    0    0    0    0    0    0    0    0    5 
  1100:  -57   -4    4   22   13  -59   -4   27   11    3 
  1110:  -11  -16    1   -5   -3   19    1  -17   -4  -33 
  1120:   49  -36  -16   10  -20   29  -25   32  -11  -25 
  1130:   -2    2    2    0    0    0    0    0    1   -1 
  1140:    0    0    0    0    0    0    0    0    0    0 
  1150:    0    0   -7    6   -1  -37   13   -5   -6    4 
  1160:   30   -5   -2   19  -18    7   24   -8    3  -11 
  1170:    9   -6    8  -34    6   -6  -25   15   -6    5 
  1180:   14   11  -35    0    1    0    0    0    0    0 
  1190:    0    1    0    0    0    0    0    0    0    0 
  1200:    0    0    0    2   16    3   -6  -14   -5  -26 
  1210:    9   -3    4    4    2   10    9    8   -3   -6 
  1220:   -3    0   -8   -5   15  -13   20    4    5    4 
  1230:   -6  -13    9   38  -20   -5    1    0    0    0 
  1240:    0    0   -1   -2    0    0    0    0    0    0 
  1250:    0    0    0    0    0   -1   -7    9   -5   -9 
  1260:   21  -49  -17   -1    2   -3    4   -4  -20    5 
  1270:  -11   -5    0   -1  -22    4    3   -7   -1   -2 
  1280:   31    5   -3   -8    3   -7  -29   12   -1    0 
  1290:    0    0    0    0    0    0    0    0    0    0 
  1300:    0    0    0    0    0    0    0    2  -18   10 
  1310:   -5   -6   30    6  -38   24    8   11    9  -19 
  1320:   -3   -8   -7   -7   15  -16   -4  -23    2   -2 
  1330:   -1   -7   11    5   -2  -14   10   -2    5   -3 
  1340:    0    0    0    0    0    0    0   -1    0    0 
  1350:    0    0    0    0    0    0    0    0    0    2 
  1360:   -7   -1   -4   20   -3  -14  -20   13   -6   54 
  1370:  -20  -19   28  -30   14    5  -22  -39   24    3 
  1380:    0   -4   13  -11   18   -4  -24   24   15    1 
  1390:   -9    1    0    0    0    0    0    0    1    0 
  1400:    0    0    0    0    0    0    0    0    0    0 
  1410:    0    0    4   -9   29  -13   26   -6    1   15 
  1420:   19  -12  -12   34   10   15    8    6  -17   18 
  1430:   -5   -1    9   -1    4   -7   11    7  -17   -2 
  1440:   20  -15    0    0    0    0    0    0    0    0 
  1450:    2    1    0    0    0    0    0    0    0    0 
  1460:    0    0    0    2  -18   25   -1   10  -12    0 
  1470:  -21   -5    4   -1   28  -18    8   -8  -22   13 
  1480:   -7   16    0  -17  -11   20    5  -18    5   -6 
  1490:  -12    5   24   -8    4    0    0    0    0    0 
  1500:    0    0    1    0    0    0    0    0    0    0 
  1510:    0    0    0    0    0    0    4  -60    4    7 
  1520:  -49    5   18  -24   -6  -19   29  -23  -19   33 
  1530:   -4  -11    7    0    3    0   -6    4   13  -20 
  1540:   19    7  -22   18  -36   18  -11    1    0    0 
  1550:    0    0    0    0    0    0    0    0    0    0 
  1560:    0    0    0    0    0    0    0    0   -1   17 
  1570:    1  -31   -7  -13   33   22  -12   11   -9   24 
  1580:    2  -54   26  -24    9   -6  -13   -2   15   17 
  1590:   -5    2   -1    3    1    6  -13   -2    1    0 
  1600:   -1    2   -1    0    0    0    0    0    0    0 
  1610:    0    0    0    0    0    0    0    0    0    0 
  1620:    2    6    6    0  -30   32  -11   51   -6    6 
  1630:  -21  -15   -4   -9    2   -5    8    5  -30   14 
  1640:    0  -12   -1    7    3    7   -8   -4    4   -2 
  1650:    0    0    0    0    0    0    0    0    0    0 
  1660:    0    0    0    0    0    0    0    0    0    0 
  1670:    0    0   -2   50   24   26  -56    3   23   17 
  1680:   23  -25   14  -12   -6  -17   -6    4   14   10 
  1690:  -27   16    1    1   31  -11   13   -5   55   -5 
  1700:  -17   17   -2    0    0    0    0    0    0    0 
  1710:    0    0    0    0    0    0    0    0    0    0 
  1720:    0    0    0    1  -12   16   -2    8  -11   -6 
  1730:  -34    7  -39    2    7    1   24  -26  -14   11 
  1740:   -6   21  -12  -11  -38   -5   28    0  -11   34 
  1750:    5   -7    9    1    0    0    0    0    0    0 
  1760:    0    0    0    1    0    0    0    0    0   -1 
  1770:    0    0    0    0    0   -1    8   20  -49   10 
  1780:   -6   15  -20   50   -9    2   34    4    0   11 
  1790:   33  -18   14    9  -37   -3  -16   12  -16  -26 
  1800:    3    7    8   -7  -16    8    0    0    0    1 
  1810:    0    0    0    0    0    0    0    0    0    0 
  1820:    0    0    0    0    1    0    0   -2   15   -3 
  1830:    3    9   17  -15   13   -6   24   12  -15   -1 
  1840:  -13  -10   20   -2  -10    3   30   -1   12   13 
  1850:  -38    4    5  -10  -13   -9    7    3    0    0 
  1860:    0    0    0    0    0    0    0   -1    0    0 
  1870:    0    0    0    0    0    0    0    0    0    0 
  1880:    1  -13   -1   34   24   34  -38   18    6  -26 
  1890:   -4   26  -12    2  -17    0   -6   -2    3   22 
  1900:    9  -41   38   -3   -8    4    9  -16  -52    6 
  1910:    0    0    0    0    0    0    0    0    0    0 
  1920:    0    0    0    0    0    0    0    0    0    0 
  1930:    0    0    0  -10   27  -10    8    4   19  -28 
  1940:   10   45    9    7  -49   15  -48   27  -15   22 
  1950:  -29    9  -24   -8   -1   -1    9    1    6   16 
  1960:   -6    1    0    0    0    0    0    0    0    0 
  1970:    0   -1    0    0    0    0    0    0    0    0 
  1980:    0    0    0   -4   19  -18   -3   41  -14   -2 
  1990:   10   -3   -3  -15   40    0  -24  -10  -13  -37 
  2000:  -12   32  -14  -19   28   -6    2   -4  -21   11 
  2010:    2   14   -2   -4    0    0    0    0    0    0 
  2020:    0    0    1   -1    0    0    0    0    0    0 
  2030:    0    0    0    0    0   -7   30  -29   -7   44 
  2040:  -35  -24   47   28  -27  -13  -24   12   22   -2 
  2050:   -8   -2  -23  -24   12    6   -4   13  -12   -2 
  2060:   13  -46  -27    1    5   -2    0    0    0    0 
  2070:    0    0    0    0    0    0    0    0    0    0 
  2080:    0    0    0    0    0    0    0   -6   40   -1 
  2090:   32  -32   35    8   -3   -7  -21    9   10  -13 
  2100:   15  -21    8   19  -36    1  -26  -10   33   -8 
  2110:  -23   23  -30    8    1   30    9  -12    1    0 
  2120:    0    0    0    0    0    0   -1    1    0    0 
  2130:    0    0    0    0    0    0    0    0    2  -18 
  2140:    7   -9   19    0   17    2   18   26  -11  -11 
  2150:   15  -10  -22  -38   15   13   12  -10   10  -19 
  2160:   14  -16   -7    1   18   25  -29   -4   34   -3 
  2170:    1    0    0    0    0    0    0    0    1   -1 
  2180:    0    0    0    0    0    0    0    0    0   -1 
  2190:    1   38  -58   57  -46   16   14   13   15  -30 
  2200:   15   -7  -26   18   10  -17   -6   23   -6  -10 
  2210:  -13    6   21  -13    5    0   16   -2  -12   59 
  2220:  -11   -1    1    0    0    0    0    0    0    0 
  2230:    0    0    0    0    0    0    0    1    0    2 
  2240:   -1   -5    7   17    3  -15   -6    7    5  -16 
  2250:  -15   28    7  -23   26   17    9  -49    3  -15 
  2260:    2  -18   -4   28  -35  -17   18    0    3   10 
  2270:    4   23  -26   12   -4    0    0    0    0    0 
  2280:    0    0   -1   -1   -1    0    0    1    4   -3 
  2290:    4   -2   -9    8    2  -12   -2   -2  -26    1 
  2300:   -4   15  -22   19   14  -20    0    3  -17   23 
  2310:  -22  -15  -19   -4    3    4    8   19    1  -20 
  2320:   -5   11  -10   21   12   33   -3   -1    0    0 
  2330:    0    0    0    0    1   -1    7   -1   -2   -7 
  2340:    2   -2  -10   -2    8    2   12   11   -2   16 
  2350:   -4   -8    3  -22  -17   -3   12  -16  -22  -11 
  2360:   -9   18  -15    6  -22    8   -9    8   -8    9 
  2370:    2  -20   -1    2    9   -6    0    2    2    0 
  2380:   -1   -1    0    0   -1    1    0   -1    4  -18 
  2390:    6   10    4    6  -29  -16   15    2    1   -7 
  2400:   12    5    0    4   -8  -24    8    2    3    0 
  2410:   -1    6   11   -3    0   -3    1    1    7  -11 
  2420:    5    1    6    1  -10    2    0   -2    1    6 
  2430:   -6   13   -6  -15    4   -1    1    0    0    2 
  2440:   19  -33   -3   -8  -22   19    0    4   -2    6 
  2450:   -2  -18   33   -2    2    8   22  -29   23    1 
  2460:    5    3  -12   -1   10    0   -1   -4    0   -3 
  2470:    1    4   13   -2   -5   -1   -6    3    2   -3 
  2480:    5   -6    0    1    2   -2   -1    3   -1    0 
  2490:   -2    3    3   13  -15   11 
