     0:    0    0    0    0    0    0    0    0    1    2 
    10:   -1    0    1   -1    0    0    0    0    0    0 
    20:    0    0    0    0    0    0    0    0    0    0 
    30:    0    0    0    2    0    0    0    0    0    0 
    40:    0    0    0    0    0    0   -4    4    1    1 
    50:    2    0    0    0    0    0    0    0    0    0 
    60:    0    0    0    0    0    0    0    0    0    1 
    70:    0    0    0    0    0    0    0    0    0    0 
    80:    0    0    2    1   -4    1    0    0    1    0 
    90:    1    2   -1    0    0    0    0    0    0    0 
   100:    0    0    0    0   -1   -1    0    0    0    0 
   110:    0    0    0    0    0    0    0    1    3    3 
   120:   -1    3    0    0   -1   -2   -3    1    1    2 
   130:   -2    1   -1    0    0    0    0    0    0   -1 
   140:   -2    0    3    1    0    0    0    0    0    0 
   150:    0    0    0   -1    4    1    2    4   -4    2 
   160:    1    3    3   -2    0   -3    0    2    0    1 
   170:    1    3    0   -2   -2    0    1    0   -1    0 
   180:    0    0    0    0    0    0    0    0    0    1 
   190:   -1   -2    1    0   -2    2    1    1   -2    1 
   200:    0    0    1    2   -3   -1    1   -1    1    0 
   210:    1    2    0   -3    2   -2   -1   -1    0    0 
   220:    0    0    0    0    0   -1   -1    1    1    0 
   230:    0    1   -1    1   -4    0    0    2    4    0 
   240:    2    2    2   -3   -2    2   -1    2   -2    2 
   250:    3    0    0   -3    1    1    0    0    0    0 
   260:    0    0    2    1   -3   -1    1    2    4   -1 
   270:    1   -1    0    1    4   -4   -2   -6   -1   -1 
   280:   -1    0    1    1    1    0    2   -2   -1   -1 
   290:    2   -1   -1    0    0    0    0    0    0   -1 
   300:    1   -2   -2    1    3   -6    5    1   -1   -3 
   310:   -1    0    2    0    0    3   -1   -1    2   -2 
   320:    1    0    3   -2    1    1    2   -2   -1   -1 
   330:    0    0    0    0    0    1    1    2    0    3 
   340:   -2    0    0   -3   -1   -1    0    0    2    0 
   350:   -3    0    1    0    0   -2    1    0    3    0 
   360:    2    0   -1   -1   -2    0   -2   -1    0    0 
   370:    0    0    0   -2   -1   -3    0   -3    2   -1 
   380:    0    2    0    0    1   -1    0   -1    2   -3 
   390:    1   -2   -1    0    2   -2    1    0    0    0 
   400:    2   -1    1    0    1    0    0    1   -1    2 
   410:    1    1   -1    2    3   -1    0   -1   -1    1 
   420:   -2    0   -3   -1    2    0   -2    3    1    1 
   430:    2    0    1    0   -3    1   -3    0    2    0 
   440:    1    1    0    0    0    0    1    0    0   -1 
   450:    1   -2   -5   -4   -3    2    0   -2    0    0 
   460:    0    0    1    0   -2    1    0   -1    1   -1 
   470:   -2    2    0    1    2   -2    0    0    0    0 
   480:    0    0   -1    0    0   -1    0   -2    0    1 
   490:    1    1    1    0    0    2   -1   -1    0   -1 
   500:   -1    0    0    1    1    0    0    0   -1    0 
   510:    1    1    1    3    0    0    0    0    0    0 
   520:   -1    0    1    0   -1    0    0   -2   -1    0 
   530:   -1    1    0    1   -1    0    0    0    0   -1 
   540:    0    2   -2    0   -1   -1    1    2   -1    1 
   550:   -1    0    0    1    0    1    1    2    0    0 
   560:    0   -1    0    1    0    2    0   -2   -3   -3 
   570:    1    0    1    0    0    1    2    0    1    0 
   580:   -1   -1   -1    0   -2    0    2   -1    2    2 
   590:    0    0   -1    2   -3   -2   -1    0    0    1 
   600:    1   -4    0    0   -2    1    1    0    1    1 
   610:    0   -2    2    0    3   -2    2    0    0    2 
   620:   -1    2   -1    1    0   -1   -1    0    0    1 
   630:    2    2    3    2    1    3    0    1    0    2 
   640:   -1    2    0    0   -1    1    2   -2    0   -1 
   650:    2   -1    0   -3   -2   -1   -3    1    0    1 
   660:    0    0    1    2    0    0    1    2    0   -1 
   670:    2    0   -1    2   -2    0   -2   -1   -1    0 
   680:    1    1    2   -2    1   -1    2    0    2   -1 
   690:    2    3    0    2    0    2   -1    0   -1    0 
   700:   -1    0    0    0    0    0    0    1   -1    0 
   710:   -1   -1   -1    1    2   -1    2    3    2    3 
   720:   -2    2    1    0    1   -1    0   -1   -5   -1 
   730:    1    0    0    1    1    2   -2    1    0    0 
   740:    2    2    2   -2   -1    0   -1    2    2   -2 
   750:    1    0    3   -1    0   -1    0    0    0   -2 
   760:    5    1   -3   -4    3   -4   -4    0    1    0 
   770:    0   -2   -1    0    4   -1    0    0    1    0 
   780:    2   -1    0   -1    0   -3    4   -2   -4    0 
   790:    4    0    4    3    0   -1   -1   -3   -2   -3 
   800:   -3   -1   -1    2    2    2    2   -1    0    0 
   810:    0    0    1    0    0    0    0   -2    2   -2 
   820:    2    3    1   -4    0    3    0   -3   -2    0 
   830:   -1    0    0   -2    0   -3   -2    2    0    1 
   840:    0   -1   -1   -3    1    1    0    4    0    1 
   850:    0    1   -4    2    1    0    1   -4   -1   -1 
   860:    0    0   -3    0   -2    1   -1    2    0   -1 
   870:    1    0    0   -2   -4   -2    0    1    2   -1 
   880:   -2   -2   -1    0   -5    1    0    0   -1    4 
   890:   -1   -3    2    1    2    1   -6    1   -1    0 
   900:   -1   -3   -2    1   -3   -1    0   -3    1    0 
   910:    1    0    1    0   -3   -1   -1    2    4    0 
   920:    0    0    2    0    0    1   -4   -5    3    2 
   930:    1    2    0    3   -3    1    1    0    2   -1 
   940:   -1   -2   -1    0    3   -3    0    1   -2   -2 
   950:    2    2    2    0   -3    0    2   -2   -1    0 
   960:    0    0    0    0    3   -2    2    0   -2    2 
   970:    0    2    0   -2    0   -4   -1    0   -2    2 
   980:    2   -1   -1    0    1   -1    4    0   -2    0 
   990:    2   -1    1    1    0    0    0    0    0    0 
  1000:   -1   -1   -1   -3    3   -1    1    1    0    0 
  1010:   -5    2   -2    4    1   -2   -2   -3    0    0 
  1020:   -2   -2   -1    2   -2    5   -3    0   -1   -2 
  1030:   -1   -2   -2    0    0    0    0    0    1    2 
  1040:    2    2    1    2    0    3    1   -1    3   -3 
  1050:   -1   -1    2    1    1   -2    0    2    3   -1 
  1060:    1    0   -2    5    2    3    4    2    0    1 
  1070:    0    0    0    0    0    0    0    2   -1   -1 
  1080:   -3    2   -1    3    1   -1    0    1    3   -2 
  1090:    0   -4    0    1    0    0    1    0   -1    1 
  1100:   -3   -2    0   -2    1   -1   -2    0    0    0 
  1110:    0    0    0    0    0    0    0   -4    1    1 
  1120:    0   -1    0    2   -1   -2    0   -3    2    2 
  1130:   -1    0    0    0    0    3   -2    2   -3    2 
  1140:    1    4   -1   -1    0    0    0    0    0    0 
  1150:    0    0    0    0    0   -1    1    3    1    3 
  1160:    2    4    0   -2    4   -1    1    1    0    0 
  1170:    2    0    0   -1    2    0   -1    1   -1   -1 
  1180:    1    0    0    0    0    0    0    0    0    1 
  1190:    1   -2    3   -1    2    3    0    0   -4    0 
  1200:    1   -5    0   -3   -2    0    0    1    4   -2 
  1210:    4   -1   -1    1    0   -3   -2    0    0    0 
  1220:    0    0    0    0    0   -1    2    0    0   -5 
  1230:    1   -6    1   -4    1    2    5    2    4   -6 
  1240:    0    3   -2    0    0    2   -3   -3    0    0 
  1250:    0   -2    2    0    0    0    0    0    0    0 
  1260:    0   -1   -2   -1   -2   -4   -1    0    1    5 
  1270:    5    0   -1   -3    3   -2    3    1   -3    1 
  1280:    0   -1    0   -1    0   -2   -2    0    1    0 
  1290:    0    0    0    0    0    0   -1   -1    1    2 
  1300:    1    1    3   -1    1    2    0   -1    0    2 
  1310:    1   -3    4   -1    0    0    2    0   -1    0 
  1320:    1    2    2    0    0    0    0    0    0    0 
  1330:    0    0    0   -1    1    0   -1    0    2    1 
  1340:    2   -1    2    1    0   -4    0    0    3    0 
  1350:   -3   -1    2    0    5   -4   -1    2    0    0 
  1360:    0    0    0    0    0    0    0    0    0    1 
  1370:    0    0    1    0    0    1    0    1   -1    0 
  1380:    0    0    0    0    0    0    1    0    1   -1 
  1390:    0    0    0   -1    0    0    0    0    0    0 
  1400:    0    0    0    0    0    0 
