     0:    0    0    0    0    0    0    0    0   -3    5 
    10:    2    1    5    8    0    0    0    0    0    0 
    20:    0    0    0    0    0    0    0    0    0    0 
    30:    0   -1   -4   -2    0    0    0    0    0    0 
    40:    0    0    0    1   -2  -16  -10   -4    5    4 
    50:    3   -4    0   -1    0    0    0    0    0    0 
    60:    0    0    0    0    0    0    0    0    0    0 
    70:    0    0    0    0    0    0    0    0    0   -1 
    80:   -1   -5  -19  -11    6   16   10   12   -2   16 
    90:   10   -3   -1    3   -1    0    0    0    0    0 
   100:    0    0    1    1  -15   -7    1    0    0    0 
   110:    0    0    0    0    0    1   -7  -14   -5   -6 
   120:  -10   -6    3  -11   -5   -1   -8    1    0   -2 
   130:    2   -1    1    2   -2   -1    0    2   -2   -4 
   140:   12   15    9    2    0    0    0    0    0    0 
   150:    0    2   -2  -12  -11    0    2  -10    1    6 
   160:    1    1    3    1   -5   -5   -8    8    3    3 
   170:    5    9    4  -10   -3   -8  -18  -18   -8    3 
   180:    5    0    0    0    0    0    0    0    3    7 
   190:   -1   -5  -20   -3   -2    8    9    2    6   14 
   200:    8   -4   -1    5   -1   -2    4    8    8    3 
   210:  -10   -4   -8  -18  -21  -12    2   18    1    0 
   220:    0    0    0    0    1   11   10    6    4  -10 
   230:  -12    6   15   10    2  -12    2    7    0   -4 
   240:    6   -3   -9    1   12   10    2   -4   -1  -11 
   250:   -9  -15   -6   20   -6   -8    0    0    0    0 
   260:    0    0    8    7    0   10   -3   -8   -1  -11 
   270:  -10   -1   -2  -14    0    8   -6   -4   -4  -18 
   280:   -4    8    8    4    5    1  -13    6    6    9 
   290:   28    5  -12   -1    0    0    0    2    4   -6 
   300:    5    3   -9   -4  -16   -3   -4    0    6   -5 
   310:  -10   -3    3   -1  -16   -4  -15   -5   10    7 
   320:    7   24   -7  -13    8   29   16    9   22   17 
   330:    3    0    0    0   -9   10   -8  -10   -2    3 
   340:    0    9  -10   15   11    7    1    9   -9  -19 
   350:    2    9   -1   -4   -9    6    2   -6    3   -8 
   360:   -4   25   16    7  -10  -16    1    1    0    0 
   370:    0   -5   -2    0   -3    0  -19   -7   19  -10 
   380:  -13   10   14    2   -2   -1   -8   11    9   -4 
   390:   -8  -16  -14  -16  -19  -15   -3    9    6   -5 
   400:  -31   -9   -2    5    4   -1    0   -4  -21    7 
   410:    4   -9    5   -1   -4   -9  -10    5   14    1 
   420:    9   11   -2   -5    6    1    7   -7   -1    5 
   430:   -2   -3    9   24   13   -6   -6   19   20    6 
   440:   18   17    1   -1   -4  -19   17   11   -4   27 
   450:   15   13   33   -1   11   -5  -26   23   14    4 
   460:    8   19   -4  -21    3   21   23   19   23    7 
   470:  -10  -11    0    1    7    8    3    4    6    0 
   480:    0   -6  -10   10    0    5    6   -3  -29  -32 
   490:   -3    7   -2  -31    1   -3    9   32   28  -10 
   500:   19   13  -12   -3   13   15   -8   -2   -7    2 
   510:    7   -7  -10  -16  -12   -1    4   -1   -1    5 
   520:   24    0   18  -16  -25  -43  -22    7   17    1 
   530:    1   28   30    0   -4  -10   14   17  -12   -9 
   540:   -1   -3    4    0    7    5    4   -1  -17   -3 
   550:  -17  -24   -5   -3    0   -5   -7   13   -4   -5 
   560:   16   18    7   10    4   10  -22   -7   -7  -32 
   570:  -11    0    7  -12  -10   -3    3   10   -7   -4 
   580:    6    9  -12  -20    8    7   -8  -16   -5    0 
   590:    3    0   -1    5    3   -2   -3  -10   -2   -8 
   600:   11   -3   27   61   12    6   -1   -5   -7  -12 
   610:  -17    5   -3  -14   -4    4   -7    6    8    6 
   620:  -17    3    2   -9    6   -5   27   25   -1    1 
   630:   12  -12  -12    3  -24   -8   13   23  -28   -6 
   640:  -21    2    4    6   -3    0  -10   12    3  -19 
   650:  -16   18   11    5   12    6   10   -7   -6   17 
   660:    2    0   -1    7   -3    1    9   -2    2   -6 
   670:  -10    3   13   -9    4   40    9  -29    0    6 
   680:    6   -2   12   -1   10    0   -6   -3    5   11 
   690:    0    7   -1   -8  -16  -14    3   15   10    6 
   700:   -8    4    2    0   -1   14   15    2   15   -4 
   710:    9   31   62   21    1  -10   -3   -3   -3    5 
   720:    3    3    2    6   -7  -12   -1    6   11    1 
   730:  -10  -16   -9    0  -12    2   15   -1    4   -1 
   740:   -8   -9    6   11    3    5   -4   -5  -12    2 
   750:   15   10   10    2   -4    0   -1    5    6   -3 
   760:   -2    9   10   -1    2    3   -2    1   -5   -4 
   770:   -1   -6  -19    1    9    1    0   -6   -2  -13 
   780:   -5   -7    5    1   -8    4    1   -7    1   -3 
   790:  -10   -1   -6    6   16    9    0  -12   -7    3 
   800:   -3  -14  -24   -3    6   -3   -5    7   12    9 
   810:   21   15   -2    0   -3   -2   -5  -14   -6   -4 
   820:    1    5    8   16   -8    1    5   -1   15    1 
   830:  -12    8    7    1    0    4  -12    5    2  -11 
   840:    4   11    1    8   -6    4    5   -4    6    0 
   850:    0    2   -3   -8   -1   -7  -11   10   -8   -3 
   860:    0   -2   -1    0    5    4   -3   -1  -13   -8 
   870:    1    2   -4  -14    0    7   -3    1  -12    3 
   880:   -1   -9    4   -2   -2   -1    0    0    2   -2 
   890:    3   14   -2   -8    3   16    8    2    8   10 
   900:   15   -6   -6    7    1   -9   -3   -5  -12   -2 
   910:    5  -16  -11  -15   -8   -7   -9    3   16   23 
   920:   10   -9    4    0    0    0    0    7    0   14 
   930:   19   -1    0    0    8    4   -1  -10  -14    3 
   940:    3    0   -2    9   10   12    4    1    3   -5 
   950:    3    6   10   15   12   -5    4    9   12    1 
   960:    0    0    1   -3  -13    2   17    2   -7    5 
   970:    6   -9  -11    1    6    5   -2  -12   -7    4 
   980:    9   -3   -4   -2    6    6    2   -3   -1    8 
   990:   -1  -18   13   11   11   11    0    0    0    0 
  1000:    0   -4   -6   -6    4   -5    3   -2    6   12 
  1010:   10    5    2   -5    6   14    5   -3   -2   -1 
  1020:   -3   10    8   -1    6    8    7  -19  -15   -6 
  1030:  -15  -20   -1    0    0    0    0    0    4    5 
  1040:    3   -5   -8   -8   -1    4   12   23  -29  -20 
  1050:    5    1    4   -2   21   11   -4   -5    6   -5 
  1060:    9    0   -6    4    2  -12  -27   13   10    0 
  1070:    0    0    0    0    0    0   -1   -1   11    0 
  1080:  -14   -4   16  -11   -6   -1    6    9  -17  -12 
  1090:   -6   -3   -4    9    4   -2   -1    8    9   13 
  1100:   11    4  -15  -12   -2    5    0    0    0    0 
  1110:    0    0    0    0    0    2   -4  -29   18   -3 
  1120:   -9   -5    1    6   -7  -12   19   21   14   10 
  1130:   -1   -4   18   12    0   -5    3    6   -3   -6 
  1140:  -15   -1  -10    2    0    0    0    0    0    0 
  1150:    0   -1   -5    1   12   -9  -11  -15   -6   -8 
  1160:    3    2    2  -10    9  -18  -22   -3   -4  -26 
  1170:    5  -20   -9   20    6  -11   -9    0   12    0 
  1180:   -1    0    0    0    0    0    0    0   16    8 
  1190:    1   12   -3  -12    1    4    8    8    0   -5 
  1200:   12   16   -3    3   13   -5   16   21    0   27 
  1210:   23   11    6    9   -1    2    2    0    0    0 
  1220:    0    0    0    1    6    0   -3   10    0    1 
  1230:    9   -1   -5    5    3    7   -7   -7    7    8 
  1240:    9    4   -5  -12   -6    2  -25  -23    0    2 
  1250:   -4    2   -4    0    0    0    0    0    0   -1 
  1260:    4    2  -13  -12    4   -5    3   -8    9   -2 
  1270:   11   13    6    1   -6   -3  -10  -16  -20    0 
  1280:  -10  -10   12   -2    1   -7   -4    1    0   -1 
  1290:    0    0    0    0    0    0    6    0    4    3 
  1300:   -7   14    4   11   -4   -5    7    2    4   15 
  1310:    6   -8  -10   -6    3    0    0   -7  -12  -11 
  1320:   -6    0    3   -1    0    0    0    0    0    0 
  1330:    0    0   -4    0    6   -1   -5  -10   10   13 
  1340:    4    0   -2   -3   -6   12   -2   -8   -3    2 
  1350:    0    3  -15    8   -3    4   12    4    1    0 
  1360:    0    0    0    0    0    0    0    0    0   -5 
  1370:    3    0   -1    8    4   -4   -2    2    1    0 
  1380:    0    0   -1   -2   -2    1    0    1    0    0 
  1390:    1    1    1   -1    0   -1   -1    0    0    0 
  1400:    0    0    0    0    0    0 
