     0:    0    0    0    0    0    0    0    0    0   -3 
    10:    2   -3    2   -3    1    1    0    0    0    0 
    20:    0    0    0    0    0    0    0    0    0    0 
    30:    0    0    2   -6    1    0    0    0    0    0 
    40:    0    0    0    0    0    0    3    0   -1   -3 
    50:    5   -1   -5   -1   -1    0    0    0    0    0 
    60:    0    0    0    0    0    0    0    0    0    0 
    70:    1    0    0    0    0    0    0    0    0    0 
    80:    0    0    1    1    1   -1    0   -1    1    1 
    90:    4    3    3    1   -1    0    0    0    0    0 
   100:    0    0    0    0    0    1    0    0    0    0 
   110:    0    0    0    0    0    0    0    2    0    0 
   120:    0    0    0   -2    0   -3    3   -3   -2   -5 
   130:    1    3    0    1   -1    1    1    0    2    1 
   140:    3    1    0    1    0    0    0    0    0    0 
   150:    0    0    0    3   -1   -1    0   -1    1    0 
   160:    0    3   -2    2   -3    1    3    0    0    0 
   170:   -2    0   -1    0   -2   -2    0   -2    0    0 
   180:   -1    0    0    0    0    0    0    0    0    0 
   190:   -2    3    1   -2    3   -5    1   -1    0   -3 
   200:    1   -1    0   -7    1   -5    0    1    2    1 
   210:    2   -3    2    2    0    2   -4    2    1    0 
   220:    0    0    0    0    0    0   -3   -4   -1    3 
   230:   -1    1    0   -2   -1    0    2    3   -3   11 
   240:   -3   -5    0    0    1    0    2   -2    0    1 
   250:    2    1    2    3    4    0    0    0    0    0 
   260:    0    0    0    1    0    0    1   -1    1    1 
   270:    2   -3    0   -1   -1    2    5    1   -3    2 
   280:    0   -3    0    3    0    1   -1    4   -2    1 
   290:   -2    1   -2    0    0    0    0    0    0   -1 
   300:   -3   -1    2    0    0    0   -1   -2   -1    1 
   310:    1    4   -3    2   -2    4    0    1    2    2 
   320:    1    1   -1    3   -1    3   -1    0   -2    2 
   330:    2    0    0    0    0    0    1   -1    2    0 
   340:    2   -2    5   -1    0   -1    0    2    1    3 
   350:    2    0    0   -1    0   -2   -2   -1    0    0 
   360:    0    0    0   -2   -3   -2   -1   -1    0    0 
   370:    0    0    1   -1    1   -1    0    0    2   -2 
   380:    1    1    1    0    1    0   -2    1    3   -1 
   390:    2    2    1    0    0    0    1    0    0    0 
   400:    1    2   -1    0    0    0    0    0    0    1 
   410:   -3   -1   -1   -2   -1   -4    0    1   -1   -1 
   420:   -3   -2    0    0    1   -2    1   -5   -2    1 
   430:    0    1   -2    0   -1    2   -2   -2    0    0 
   440:    2    0    1    0    0    0   -1   -1   -1    1 
   450:    1    2    1   -1    0    1   -1   -1    2    0 
   460:    1    1    2    0    3    0   -1    2    0    0 
   470:    0    0    0   -1   -2    2   -1    0    1   -1 
   480:    0    0    0    0    0   -1    0    0    1    0 
   490:    0   -1    0   -2   -1    1   -1   -1    0   -2 
   500:    0   -2   -1    0    0    1    0    0    0   -3 
   510:    2    0   -1    0    1    1    1    0    0   -1 
   520:    1    0    0    1    0    0    3    1    1    2 
   530:    1    0    2    1    1    2    1    2    1    2 
   540:    0    1    0    0    0   -1    0   -1   -2    0 
   550:    1    2   -2    0    0    1   -4    0   -2   -1 
   560:    0   -3    1   -1    0    0   -1   -1    0    0 
   570:   -1    0    0    0    0   -1   -2    1   -2    0 
   580:   -2   -2   -1    1    1    2   -2   -1   -2    3 
   590:    0    0    0    0    3    2    0   -1    0    0 
   600:    2    0    4   -2    3    2    2    1    1    1 
   610:    1   -1    0    1   -1    4   -1    2   -1   -1 
   620:    2    1    0    1   -1   -2   -4   -2    1    1 
   630:    0   -2   -2   -1    0    0   -1   -2   -1    0 
   640:    0    1   -2   -3   -3   -1   -1   -1    0    0 
   650:   -2    0   -4    1    0    2    2    2    0    1 
   660:   -1    1   -1    3    0    0    1   -3    0    4 
   670:    0   -2    1    0    1   -1    0    0   -1    3 
   680:    1    0    0   -1   -2   -1   -1   -1   -2   -1 
   690:   -2   -2    0    2   -1    1   -1   -1    0   -1 
   700:    1    2    0    0    4   -2    2    0    2    0 
   710:    1    1    2    0    2    4    0    1    1    0 
   720:    0    0    0   -1    2    0    2    1    0   -1 
   730:    0    1    0    0    1    0    1    1   -3    0 
   740:    1   -2    0   -1    0   -1    0   -1   -2    0 
   750:    1   -1   -1    0    1    0    1   -2    0    0 
   760:    0    0    1   -1    0   -3    0   -2   -5    2 
   770:    0    0    3    1    1    0    0    0    1    1 
   780:    0    2    0    1    0    1    0   -2    2   -2 
   790:    1    1    1   -2    1    1    2   -1    0    4 
   800:   -3    0   -4   -2    0    6   -2    0    0   -5 
   810:   -2   -5    2    0    0   -2    1    1    2   -1 
   820:   -2    2    0   -2    2    2    2    0    1    2 
   830:   -2    0    3    0   -2   -2   -3    4    3    0 
   840:   -1    1   -2    2    2   -2    1    0    1   -1 
   850:    0    0   -1    2   -2    3    3    1   -2   -3 
   860:    1   -2   -1   -3   -1   -3    3    0    0    3 
   870:   -3    2    1    5   -3   -3    0    2    2    1 
   880:   -1   -3    3   -1   -2   -1    1    0   -1    2 
   890:   -3    1   -1   -4   -1    3    2   -2   -1    3 
   900:    0    0   -1   -1    1    3   -4   -1   -3   -8 
   910:    1    4    4    0   -3   -4   -1   -2    0    0 
   920:    0    3    4    0    0    0    0    4    0    3 
   930:    4    4   -3   -1    7    3   -5   -8    4    0 
   940:    0   -2   -1   -1    5    8    4   -1   -2   -1 
   950:    0   -2    1    0    3    0   -3    3    0    1 
   960:    0    0    0    1    2    2    0    0   -1    2 
   970:   -1   -6   -1    6    5   -1   -1   -5    7    4 
   980:    5    1   -1   -1    0    3    0    3    0   -1 
   990:    2   -3    1    3   -2    2    1    0    0    0 
  1000:    0    0    1   -1   -2   -1    3   -3    0   -6 
  1010:   -5   -5   -5    4    5    2    1   -5    0    5 
  1020:    1    2    0    2    4    3    3    1    0    4 
  1030:   -2    1    1    0    0    0    0    0    0    4 
  1040:   -1    0   -2   -5    4    2    2    2   10    3 
  1050:   -3   -1   -4   -2    2    0   -3   -1   -2    0 
  1060:    1    0    0   -2    0    0   -4    4   -1    3 
  1070:   -1    0    0    0    0    0   -1    0    2   -3 
  1080:    5    1    3    5    0   -5   -5    1    1   -1 
  1090:    1   -6   -1    0   -1    0    0   -1    2    0 
  1100:    2   -2   -2   -1   -6    1   -2    1    0    0 
  1110:    0    0    0    0    0    0   -1   -3   -3   -2 
  1120:   -4   -2    3    2    0    0    1    1    2   -2 
  1130:   -2   -1    0   -1    1   -3    3   -4    1    2 
  1140:    2    7   -1   -1    0    0    0    0    0    0 
  1150:    0    0    0   -1    0    2    2    2    0   -3 
  1160:    0    1   -1   -2    0   -7    2    1   -2    2 
  1170:   -1    0    3    1    0    1   -2    0   -5    0 
  1180:    1    0    0    0    0    0    0    0    0    0 
  1190:    6    0    6    0    3    3    0    3    1   -3 
  1200:    3   -6    6   -2    2    0   -2    5   -3    1 
  1210:    0   -1    2    0    5    1    0    0    0    0 
  1220:    0    0    0    0    0    0    1   -1   -3   -4 
  1230:    1   -3    2    0    1   -3    4   -2    6   -3 
  1240:   -1   -3    1    2   -6    0    2    0    2   -1 
  1250:    0   -1   -2   -1    0    0    0    0    0    0 
  1260:    0    0   -2   -4    2   -3   -1    3    0    3 
  1270:    2   -4    9   -7    5   -5    4    0   -1    1 
  1280:   -3    0    2   -2   -1   -2    1    1    0    1 
  1290:    1    0    0    0    0    1    0    1   -1    1 
  1300:    1   -2    0    0   -1    0   -1   -4    3   -5 
  1310:    2    0    1    0   -3    1   -2    1   -1    1 
  1320:    2   -2    2    3    0    0    0    0    0    0 
  1330:    0    0   -1   -1   -1    2   -1   -1    0   -1 
  1340:   -2   -4   -3   -1    2   -3    0   -2   -1   -2 
  1350:   -2   -1   -4    1   -2   -2   -2   -3    4    0 
  1360:   -1    0    0    0    0    0    0    0    0   -3 
  1370:   -3   -3   -4   -2   -1   -2   -3   -3   -2   -2 
  1380:   -1   -2   -2    0   -1    0    0    1    0    2 
  1390:    0    2    1    1    2    1    2    2    2    2 
  1400:    2    2    2    2    2    2 
