     0:    0    1    0    0   -1   -1   -2    1   -1    1 
    10:   -1    0    0    0    1   -1    0    2    0   -1 
    20:   -1    0    0    0    0    0    0    0   -1    0 
    30:   -1    0    0    0    0    0   -1    0   -1    0 
    40:    0    1   -8    1    1    0    0    3   -1    0 
    50:    0    1    0    0    0    0    0    0    0    0 
    60:    0    0    0    0    0    0    0    0    0    0 
    70:    0    0    0    0    0    0    0    0    0    0 
    80:    0    0    0    0    0    0    0    0    0    0 
    90:    0    0    0    0    4    0    0    0    0    1 
   100:    0    0    0    0    0    0    0    0    0    0 
   110:    0    0    0    0    0    0   -1   -4   -2    0 
   120:    0    0    0    0    1    0    1    0    0    0 
   130:    0    0    0    0    0    0    0    0    0    0 
   140:    0    0    0   -2   -1    4   -1    3    1   -2 
   150:    1   -4    0    0    0    0    0    0    0    0 
   160:    0    0    0    0    0    0    0    1    3   31 
   170:    0    1   -1   -1   -2    9   -9    1   -2   -3 
   180:    2    0   -3   -1    1    1    0    0    0    0 
   190:    0   -1   -1    0    2    6   -8  -14   -2    2 
   200:   -7   10   -2   -1    0    0    0    0    0    0 
   210:    0    1    1    0    0    0    0    0    2    4 
   220:    4  -10   -3   -7    0   -7   -7  -22   28    0 
   230:  -28   29    6   10   10    0  -10   -6   -2    0 
   240:    0   -3   -3    5    5   -1    1    4   -7   13 
   250:    2   -2    6   -4    1    1    0    0    0    0 
   260:    0    0    0    0    0    0    0    0    0   -5 
   270:    7   -9    0   -6    0    4   12    5    1   11 
   280:  -14    9    8  -20   -4    3   -6   25   22   24 
   290:   22    0   -2    1    5    8    8   -1   -4   -4 
   300:    5   -2    0    5    0    1   -4    0    0    0 
   310:    0    0    0    0    0    0    0    0    0    0 
   320:    0    7   -7    7   -5  -17  -10   14  -16   -2 
   330:    0  -18  -10  -19   25    0    4   18   -4   -1 
   340:  -18  -31  -19   -3   14   31   -4  -29   -3    2 
   350:    1   -7    0    1   -8   -4   -6    2    0    0 
   360:    0    0    0    0    1    0    0    0    0    0 
   370:    0    0   -2   -1    0   -7    1   13   14  -14 
   380:  -20   -6   15   16   44   49   -2  -23   16   -6 
   390:   27  -21   19   15   24    0   -8    8   -7    3 
   400:    7   -6   -6    1    0    2   10    4   -2    4 
   410:    1    1    0    0    0    0    0    0    0    0 
   420:    0    0    0    0    1   -1  -11    4   23    6 
   430:   -1    4   -4   -9    1   29   -4  -34  -22   25 
   440:  -19   -1   -9   17   -3   -4   -4   13   -8  -13 
   450:    8    0   -4   -2   -8   -9   -1    1    7    6 
   460:    3   -8    1    0    0    0    0    0    0    0 
   470:    0    0    0    0    0    1   -5  -10   11   -1 
   480:   -2   -3    1   -2  -18  -15   -1    4   -4    1 
   490:    3  -20   22    1   25   -9  -17   -8   -8  -11 
   500:    8    0   -2    0   -6    9    6   -2    3    0 
   510:   -5   -1   -2    0    0    0    0    0    0    0 
   520:    0    0    0    0    0    0    0    0    2   -2 
   530:   -1    7   -2    1    2    0   21   -4   -7   11 
   540:   -5    9   26    4  -22   -3    2    2    5    1 
   550:    4    6    5   -3   -3   -3   -6   -3   10   -1 
   560:  -10   -5   -6    0    0    0    0   -1    0    0 
   570:    0    0    0    0    0    0    0    0    0    4 
   580:    2    4    2   -9    5    0   -1   -2    1   10 
   590:    5    0    6   -4   14   35    2   -8   -6    3 
   600:    0   -7   -3    4  -20   -3    0    0    5    7 
   610:   -2    4    0    1    1    0    0    0    0    1 
   620:    0    0    0    0    0    0    0    0    0    0 
   630:    1   -7   11   -2   -2   -2    2   -1   -3    6 
   640:    4    2    6    6    0    0  -10   -2    8    4 
   650:    7   10    1  -10    4   -3    4    6    4    5 
   660:   -8  -11    1   -2    0    0    0    0    0    0 
   670:    0   -1    0    0    0    0    0    0    0    0 
   680:    0    0   -1    8    2    1    9    1    3    5 
   690:  -10   -3    5    9    3   -5  -10   13   -1   -2 
   700:   -2    0  -10  -10    5   -2    4   -4    0   -2 
   710:    0    0   20    9   -8   -7    0    0    0    0 
   720:    0    0   -1    1    0    0    0    0    0    0 
   730:    0    0    0    0    1   -8   -2   -9    4    6 
   740:    3    0    5    5    0  -10   -1   11    4   -6 
   750:   -3   -2    3   -3    7   -2    2    1    6    1 
   760:    2    7    4   -5  -14   -9    2    6    0    0 
   770:    0    0    0    0    0    0    0    1    1    0 
   780:    0    0    0    0    0    0    0    0   -8   20 
   790:    6    7    7   -4    0   -1    2   -5    2   11 
   800:   -3   -3   -2   16    2    0    1   12   -2    2 
   810:    5   -1    8    3   -2  -11   -5    0  -12    8 
   820:    0    0    0    0    0    0    0    0    0    0 
   830:    0    0    0    0    0    0    0    0    0    0 
   840:    2   -3   -4    9   -5    7   11    1    0   -2 
   850:  -14  -12    6   11   -4    2   -3    5    8    0 
   860:    1   11   -1   -6   -2   -2    2  -15    0   -2 
   870:   -5   -9    2    0    0    0    0    0    0   -1 
   880:    0    0    0    0    0    0    0    0    0    0 
   890:    0   -1    8   10  -18   -2    5   -7   -6  -13 
   900:   -9    0   10    6    0    2    4   -9    2   -6 
   910:   -1   -3    0   -4    2   -4    2    4    3   -6 
   920:   -1   -4    9   -7   -1    0    0    0    0    0 
   930:    0    0    0    0    0    0    0    0    0    0 
   940:    0    0    0    0  -16  -15    1   -4   -4  -10 
   950:   -5   13    3   -6  -19   -5   -9    2    0  -19 
   960:   -3   19  -32   12    0    2    7   -8    1    5 
   970:   -6    4  -10    7    4   -8    1    0    0    0 
   980:    0    0    0    0    0    0    0    0    0    0 
   990:    0    0    0    0    0   -1   14   28   -6    1 
  1000:   -1   13    1  -10  -15   10   13   15   11  -15 
  1010:   -9  -14   23   -3   19   26   17    5  -15   -5 
  1020:   -5    6    4  -16  -21    4   10    0   -2    0 
  1030:    0    0    0    0    0    0    0    0    0    0 
  1040:    0    0    0    0    0    0    0    0   -9    3 
  1050:   21    7    2   11  -22  -16   -3   13  -10  -34 
  1060:  -21  -11  -29    1  -10   -1  -21  -18   -3   -2 
  1070:    1   -8   -2  -12   -2   -2   -8    2   10   10 
  1080:    4   -1    0    0    0    0    0    1    0    0 
  1090:    0    0    0    0    0    0    0    0    0    0 
  1100:    7    8   12    9    4   -7    5    2   20    9 
  1110:   18   21  -35    4   34   -7    0    6   -2  -42 
  1120:  -34   -5   33   49   48   43   43   40  -17  -21 
  1130:   -2   14   -5    0    0    0    0    0    0    0 
  1140:    0    0    0    0    0    0    0    0    0    0 
  1150:    0    0    0   -5  -14  -16  -14  -24   -1   21 
  1160:  -35   -8  -37   -3   47  -39   25    1   -3   -9 
  1170:    4   19   41    5  -41  -50  -43  -19  -29  -50 
  1180:  -51  -35  -30  -31    1    0    0    0    0    0 
  1190:    1   -1    0    0    0    0    0    0    0    0 
  1200:    0    0    0    0    3  -17   33   22   -1   12 
  1210:  -25   10   14  -32   44  -26   -5   53   -4  -15 
  1220:    9  -21  -32   12   -1  -22   12   32   17  -41 
  1230:   -5   35   66   52    5   15   -2    0    0    0 
  1240:    0    0    0    0    0    0    0    0    0    0 
  1250:    0    0    0    0    0   -1    8   21  -31   -4 
  1260:    9  -26   13   14  -10    5   -9   25  -12  -34 
  1270:    7   11    1  -13   10   13  -50  -31   42   37 
  1280:  -23   36    5  -31  -27  -52  -16   -4    1    0 
  1290:    0    0    0    0    0   -1    0    0    0    0 
  1300:    0    0    0    0    0    0    0    0   -7   31 
  1310:   17  -17  -12    7   16  -18   -2   -6  -23    3 
  1320:    8   -2   14    4   -7   19  -21  -31   26   46 
  1330:   13  -64  -25   -2  -46   34   14  -23   27   16 
  1340:   -2    0    0    0    0    0    0    1    0    0 
  1350:    0    0    0    0    0    0    0    0    0    0 
  1360:    1  -16    0  -14    4  -19  -16   14   14   19 
  1370:   -4    0   23   -7  -24   -5    2   10   -7   15 
  1380:  -25    4  -62   21   59  -27   70   11  -47    9 
  1390:   -8   -2    0    0    0    0    0    0    0    0 
  1400:    0    0    0    0    0    0    0    0    0    0 
  1410:    0    0    2    1    0    0   25   16    1   15 
  1420:  -15  -18   15   20   -8  -12  -22    7  -12    3 
  1430:   20    9   27  -22   47   29  -96   31   -9  -28 
  1440:   10  -24   12    0    0    0    0    0    0    0 
  1450:    0    1    0    0    0    0    0    0    0    0 
  1460:    0    0    0    0    0   -3  -16    2   -2   12 
  1470:    1   11   19    0  -12  -25   21   10   -1   -3 
  1480:    1    2   10    3    6   20  -15  -31   49   24 
  1490:  -20   10   -9   13  -22    1    0    0    0    0 
  1500:    0    0    0   -1    0    0    0    0    0    0 
  1510:    0    0    0    0    0    0    2  -20   -7  -14 
  1520:  -12  -10  -11    7   -6    7   18   11  -13    6 
  1530:    3    6   12    5   -1    5    3  -17  -10    3 
  1540:   -3  -31    0    3   -2   -6   -4    1    0    0 
  1550:    0    0    0    0    0    0    0    0    0    0 
  1560:    0    0    0    0    0    0    0    0   -1    6 
  1570:  -15   37    9   -5   -2    7  -10    6    1  -16 
  1580:   26   19    3   20  -37  -25   -4   10   -6    9 
  1590:  -12    0   -2    0   -2    0   -3    5    1    0 
  1600:    0    0    0    0    0    0    0    0    0    0 
  1610:    0    0    0    0    0    0    0    0    0    0 
  1620:    0   -1  -10  -36  -21  -18    8   -8   10  -10 
  1630:    4   17   15  -16  -30   -3    2   29    8   -6 
  1640:   25  -19    8   11  -12    4   -6  -10  -16   -6 
  1650:    1    0    0    0    0    0    0    0    0    0 
  1660:    0    0    0    0    0    0    0    0    0    0 
  1670:    0    0    1   -7   -9    6   23  -10   -5    5 
  1680:  -14   21    2   -1  -11   16    8    1  -21  -26 
  1690:   -6    1   15    5  -26   10   14  -27   18  -14 
  1700:    5   -7    1    0    0    0    0    0    0    0 
  1710:    0   -1    0    0    0    0    0    0    0    0 
  1720:    0    0    0    0    1  -10  -18    7   -4   -1 
  1730:   11  -20  -18  -11   10    8   13  -12    4    0 
  1740:  -15   20    2  -34    6   -9    2   -8  -16    6 
  1750:    4   26   -2   22   -1    0    0    0    0    0 
  1760:    0    0    0    0    0    0    0    0    0    0 
  1770:    0    0    1    0    0    0    0   18   -1  -27 
  1780:    0    5  -14   20   -5   14   15  -47   -2   25 
  1790:  -10    8   -2    0  -11   20  -18    6  -15   25 
  1800:  -11   -3   11   -2   17  -11    0    0    0    0 
  1810:    0    0    0    0    0    2    0    0    0    0 
  1820:    0    0    0    1    2    0    0    0   -2  -20 
  1830:    0   23   -2   -8   -1   -7   -9   -7   -7   13 
  1840:   14  -30  -30   10   31   11    1   -4  -10    2 
  1850:   21   -2   13  -15   -3   24   -5   -8    1    0 
  1860:    0    0    0    0    0    0    0    0    0    0 
  1870:    0    0    0    0    0    0    0    0    0    0 
  1880:   -2    9   19    2   12   -4  -10  -18  -14   -3 
  1890:    6   18  -14  -12   -5   20  -42   -5   15   11 
  1900:    7  -12  -20    8   -4    6   -3   -7   12    4 
  1910:    0    0    0    0    0    0    0    0    0    1 
  1920:    0    0    0    0    0    0    0    0    0    0 
  1930:    0    0    5  -19  -13  -11    2  -14    8  -13 
  1940:   24   -4   12   -7   19  -14   -1   17   38   26 
  1950:   14  -28   21   -9   13   10    2   -4   -5   14 
  1960:   -6    3   -1    0    0    0    0    0    0    0 
  1970:    0   -2    0    0    0    0    0    0    0    0 
  1980:    0    0    0   -1    9    4   27   11    1   20 
  1990:  -27   -2  -10    8  -18    4   22    8   39   21 
  2000:  -49  -33  -24   38  -28    9   18   -9   16   21 
  2010:    0    2   15  -10    1    0    0    0    0    0 
  2020:    0    0    0   -1    0    0    0    0    0    0 
  2030:    0    0    0    0    0   -1   -2  -12  -19   -4 
  2040:    9  -15   53    4   11   -3   -1  -13  -13   21 
  2050:   -9  -27    4   43   39  -39   36    0   -9    8 
  2060:    7    5    5   -9    9    7   -1    0    0    0 
  2070:    0    0    0    0    0    2    0    0    0    0 
  2080:    0    0    0    0    0    0    0    5  -13   26 
  2090:   -1   14    2    8    0  -11  -19   29    5   17 
  2100:   -6  -17  -12  -11   47   -8   -3   10  -29  -19 
  2110:   -6   -7   -2  -15   -8   15    2   -7    0    0 
  2120:    0    0    0    0    0    0    1    0    0    0 
  2130:    0    0    0    0    0    0    0    0    0   -8 
  2140:   11   13   -2   -5   -6   -6   -9    9    7  -12 
  2150:    1  -24    0  -22   -4   16   -5  -56  -18    8 
  2160:   22    9  -16  -12   -4  -12   20   -4  -15    5 
  2170:    0    0    0    0    0    0    0    0    0    1 
  2180:    0    0    0    0    0    1    0    0    0   -1 
  2190:    1    5  -54  -46  -17    3  -10   23    6    7 
  2200:    5   -8    0    4  -15   -8    2   21  -16   45 
  2210:  -11   30   22    0   -1   -5  -14   39  -17    6 
  2220:   23  -29    1    0    0    0    0    0    0    0 
  2230:    0    1    0    0    0    0    0   -7    0    3 
  2240:    2    7    5   13   34   -3   -4  -24   -7  -19 
  2250:   -9   13  -30  -17    2   16    8    9  -16   14 
  2260:   18  -37   11  -13  -11    2   12    4    4  -17 
  2270:    3    2  -24   23    5   -1    0    0    0    0 
  2280:    0    0   -1    0    1    2   -1   -1    0   -2 
  2290:    0    3    2    0   -9  -33    1   26   16    6 
  2300:  -11   -3    9   19   -8    9  -10    4  -11  -15 
  2310:   31   22  -15    5   -1   24   12  -20    7  -18 
  2320:    9  -40   16  -14   13    6    8    1    0    0 
  2330:   -1    0    1    0    1    0   -1   -5   -2    1 
  2340:    8    0    0  -10  -15    2    2    7    0  -12 
  2350:  -11    5    3    6    3   -2   23    6   -1  -16 
  2360:    2   11  -18  -21   20    7   16   -6    0   20 
  2370:   -4    7  -13   31  -19   14    1   -1   -5   -2 
  2380:    1    1    4   -2   -5   -1   -1    0   -2   -2 
  2390:    1   -4   -3   -1   -8   -2    6   -5    3   -5 
  2400:    3    1    5    6   -9   11    4   -2  -12    8 
  2410:    3   -8   13    2    3    3   -4    7    0   -1 
  2420:   -1   -4    1    0   -1   -4    3   -6   -5   -5 
  2430:   -5   -8    4    0   13    4   -5   -1    0   -5 
  2440:   -2   -3    1  -10   -7    1   -6  -15  -17   34 
  2450:    4    7  -20   -1  -24  -16   -4   -4   58   29 
  2460:   35  -17   18   18    8   -2    2   -1   -4   -6 
  2470:    8    9   -8   -6   -7   -9   13   10    0   -6 
  2480:    6   47    8    3    3    9   -7   -1   -1    6 
  2490:   -1    5   -2   20    5   24 
