     0:    0    0    0    0    0    0    0    0    2   -6 
    10:    4   -6    0    2    6    0    0    0    0    0 
    20:    0    0    0    0    0    0    0    0    0    0 
    30:    0    1   -6    0    0    0    0    0    0    0 
    40:    0    0    0    0   -4    2   -8    5    5    7 
    50:    6   -1    0   -3    6   -2    0    0    0    0 
    60:    0    0    0    0    0    0    0    0    1    0 
    70:    0    0    0    0    0    0    0    0    0   -1 
    80:    0  -11   -6  -11   -8    0   -3   12    1   -2 
    90:    1    1   -6    0   -1   -1    0    1    0    0 
   100:    1   -1   -1   -2   -3    3    1    0    0    0 
   110:    0    0    0    0    0    2    4   -6   -6   -6 
   120:   -7  -16  -13  -11   -3    0   -1    5   -4    4 
   130:   14    1    4    5    2   -5   -5   -5   -5   -7 
   140:   -2    5   -2    0    0    0    0    0    0    0 
   150:    0    0    5    6   -4   -4    2    3   -3   11 
   160:   -1  -11   -5  -12    9    2    0    9  -10   14 
   170:    2  -10  -12  -10  -15   -6   -7   -1   10    2 
   180:    2    0    0    0    0    0    0    0   -1    6 
   190:    5    2    2   -2   -3   11   17   11    9    6 
   200:    0    1   -2    1  -11    5   11   -4  -15  -13 
   210:  -11  -11   -9  -10   -3    1   10    5    0    0 
   220:    0    0    0    0    0    4    6    1    2    1 
   230:   -7    8   15   -2   -5   -1    6   14   -9   -1 
   240:    5  -11   12    6   -7   -9  -13   -9  -14  -12 
   250:   -8   -5   -3    0   10    1    0    0    0    0 
   260:    0    0    2    1    0   -2    2   -3    0    0 
   270:  -11   -6    0   -6    1    2    7  -16    7    9 
   280:    7    0   -5   -3  -10  -12  -12   -1   -4    2 
   290:    2   -1    0    1    0    0    0    0    1   -2 
   300:    1   -2    1   -2    0    2    0    0    3    0 
   310:    1    5   -2   -2   -1    9    7    9    8    2 
   320:   -4   -6   -7   -9   -4   -7   -2    8   -3    1 
   330:   -1    0    0    0   -2    2    3    1    0   -3 
   340:  -11    0    3   -2    2    2   -1    0    5   -9 
   350:   -2   -3   -3    9    9   10   10    1    5   -1 
   360:   -2   -2    3    1    4   -5   -3   -2    0    0 
   370:    0   -2    1    5   -2    1   -2    1   -3    1 
   380:    1    0    2    0   -4   -6    2    4   -9   -4 
   390:   -1   -2    1    0   -6    1    0   -4   -9   -1 
   400:    7    0   -5   -7   -3    2    0    0    1    0 
   410:   -5    2    5   -3   -1   -3    1    3    2    3 
   420:   -1    1    4    7   -2    3    0   -9   -2   -3 
   430:   -3   -2   -3   -3   -1   -4   -7    2    8    8 
   440:    7   -1    1    0    0    2   -2    0    1    3 
   450:    1   -5    0    0    0    1    2    2    0    3 
   460:   -4   -1    5   -4   -2    4   -3    0    4   -3 
   470:   -4   -4   -3   -2    1    2   12   10    0    1 
   480:    0    0    0    1    0   -1   -1   -2    1    5 
   490:   -2    2    0   -1    1   -1   -1    4   -1   -4 
   500:    0    0   -2   -3    0    0    1   -1   -4   -5 
   510:    3   -3   -2    0    6    8    4   -1   -1   -4 
   520:    0    0   -2   -5   -1    1    0   -4    1   -2 
   530:   -3   -3    0   -1    2    0    3    4    2    1 
   540:    7    1  -12    7    9   -1   -1    2    1    0 
   550:   -4   -1    3    2    0   -1   -1    2    0   -1 
   560:   -2   -2   -4    0   -1   -2    0    0   -2   -4 
   570:    0    1    1    3    0   -4   -3   10   12    5 
   580:   12   11   10    4    7    6    1  -10    0    3 
   590:    2    0    1   -1    1   -2    3    1    3    1 
   600:    1   -1    0   -1    3   -2   -2   -1    0    2 
   610:   -2    2    3   -4  -10   10   10    2    5    5 
   620:    5   -1    0  -10   -6    9    8   -7    1   -3 
   630:   -4    1   -4    6    4    0    2   -1    7    0 
   640:    2    0    1    0   -3    4    0   -2   10    5 
   650:  -12    0   14  -10   -2   -1  -13   -8   -8   -5 
   660:   -6    2   12    7   -6    0    0   -5    1   -1 
   670:    7    2   -5   -4   -3    3   -1   -1   -1    1 
   680:   -3   -1    3   -1   -1    9    6   -2   10    8 
   690:  -11   15   -9  -12   -7   -5   -7  -11  -10    2 
   700:    1   -8    0    2   -4    1    0    1    5   -1 
   710:   -3   -1    1   -1    2    2    3    0   -3    1 
   720:    4    2    0  -12   -4   13   -5   14   -1  -18 
   730:   10   -1    2    6    0    4    5   -9   -1    0 
   740:   -1   -1   -1    3    0    5    1    2   -3    1 
   750:   -6    0    1    5    2   -6   -4    3    3   -5 
   760:   -5   12    7  -11    3  -15    2   11  -11    6 
   770:   13    3    0  -13   -8    7   -1   -2   -5   -1 
   780:   -1   -2   -3   -4   -4   -8    3   -1    0    1 
   790:    3    7    0   -4   -2  -10   -4    8    7  -12 
   800:   -3   -5  -12    8   -4    0   12   -6   -2   -7 
   810:   -7    4    7   -1   -4  -11   -6   -2    0  -12 
   820:   -1   -8  -17   -4   -1   -5    1   -6   -4    1 
   830:   -3   -3   -4   -5    4   -7    1   -3    0    4 
   840:    2   -4    8    6   -9    8   -3    2    2   -1 
   850:    0   -1   -9  -10    1   19   -3    8   -3    2 
   860:   -2    2    0   -4   -3  -17    4    4   -6   -9 
   870:    0   -3    1    0   -7    2   -3   -1    1    0 
   880:   -1    0    6    0   11   -2    0    0    0    5 
   890:  -11   -6    4    8    8   -6   -1    4    8   -1 
   900:    0   -6    1    2   -8   -5   -7   -3   -2   -8 
   910:    4    3   -2   -5    0   -4   -2    1    3   -8 
   920:   -6    5   -1    0    0    0   10   -4   -8    4 
   930:    2   17    1   -5    6    3   -7   -1   -6    5 
   940:    5    0    1    0   -6   -2    1   -2   -3    0 
   950:   -8    3    2    2   -5    0   -1    0    2   -2 
   960:    0    0   -1    4    6    1   -5   -3    8    3 
   970:   -7    4   -2    7   -4    3    5    2    5   -5 
   980:    0    1   -7   -5    4    2   -3   -2   -5   -3 
   990:   -1   -6    5    2    7    2    0    0    0    0 
  1000:    1    8    3   -4   -2    8    8   -4    5   10 
  1010:    4  -10   10   -1    2    9   -5    0    5   -5 
  1020:   -4    0    2  -12   -9   -3   -4    0    1    6 
  1030:  -10   -5   -1    0    0    0    0    0   -1    2 
  1040:    6  -10   13    1    0   -3    5    4    2    0 
  1050:    1   -1    5    7    1    3    1    2  -10   -1 
  1060:  -12   -5    1   -2    1   -3   -2    6   -6    5 
  1070:    0    0    0    0    0    0    0    0   -3    2 
  1080:    6   -4    3    3    8   -2    4   -1   -2    6 
  1090:    0   -3    6   -1    1   -1    2   -2    1    3 
  1100:    4   -1  -12  -10   -2    1    1    0    0    0 
  1110:    0    0    0    0    0    0   -5    7   -3    3 
  1120:   -3    6    5    0   -8   -7    7   -4    6   -1 
  1130:    4    0    0    5   -5   -3    0    6    0   -1 
  1140:  -10   -9    1    2    0    0    0    0    0    0 
  1150:    0    0    1    4    2    5   -2   -9   -5    4 
  1160:   -5   -6   12    6    9    2    0   10    2   10 
  1170:   -7   -2    6  -10   -8   10   -1    0   -4   -5 
  1180:    1    0    0    0    0    0    0   -1    0   12 
  1190:   -1    9   -3    7    2   -1    1  -15   -5   14 
  1200:    3   10    8    1   -2   -8    4    1   -7    2 
  1210:    1  -12    0   -3    0    1   -1    0    0    0 
  1220:    0    0    0    0   -1  -13    5   -6   17    1 
  1230:   -6   11    4    2  -11   -6   10   -3   10   -2 
  1240:    7   -3   -9   -2   10    7  -18    2    4    3 
  1250:   -2    0    3    0    0    0    0    0    0    0 
  1260:   -3   -6   -1   -9   -9   12   -8  -12   -4    1 
  1270:    6   -2   11   -9   14    2    2   -4   -3    2 
  1280:    9   -3    3   -5   -7    0    5   -1    0   -1 
  1290:    0    0    0    0    0    2    0    3    5    7 
  1300:   -9   -4    9   -1    1  -11   -8    2    1    9 
  1310:   -4   -9  -13   12  -12    0    4   10    9   -5 
  1320:    2    0    2    4    0    0    0    0    0    0 
  1330:    0    0    1    1    2    8    2   -2    1    5 
  1340:    5   -3   -3    2   -1    2    5   -1   -6   -7 
  1350:    6   -4    3    2    0    3    3    0    1    0 
  1360:    0    0    0    0    0    0    0    0    0   -1 
  1370:   -2    2   -1   -2    0    1    0   -2    1    2 
  1380:    0    0   -1   -1    1    1    1   -1    0    1 
  1390:    1   -1   -1    0    0    0    0    0    0    0 
  1400:    0    0    0    0    0    0 
