     0:    1   -1    3    5    1   -1    4   -5    2   -2 
    10:    6    0    2   -3    4   -2    0   -4    3   -1 
    20:   -2    2   -4    3    1   -1   -2    0   -6   -2 
    30:    0    3    5   -3    2    1    0    1    1    1 
    40:    1    0   -3    0    0   -1   -3    2   -2    3 
    50:   -3   -1    0    0    0   -1    0    0   -1    1 
    60:    0    0   -1    0    0    0   -1    0    0    0 
    70:    0    1    0   -1    0    0    0    0    0    0 
    80:    0    0    0    0    0    0    0    0    0    0 
    90:    0    0    1   -1    4   -6    1    0    0    0 
   100:    0    0    0    0    0    0    0    0    0    0 
   110:    0    0    0    0    0    0    1    3   -3    0 
   120:    0    0    0    0    0    0    1    0    0    0 
   130:    0    0    0    0    0    0    0    0    0    0 
   140:    0    0    0   -1    0    0    4    3    0   -1 
   150:    1   -1    0    0    0    0    0    0    0    0 
   160:    0    0    0    0    0    0   -1    2   -5   -4 
   170:   21   -5    2   -3    0   -3   -2    1   -4    0 
   180:    0    0   -1    1    0    0    0    0    0    0 
   190:    0    0   -1    0    0    2   -4    5   -1    2 
   200:   -2    3   -6    1    1    0    0    0    0    0 
   210:    0    0    0    0    0    0    0    0    1   -1 
   220:   10   31  -35    8   -3    7    6    5   12  -19 
   230:   14   -9    6   -7    6   -2   -1    0    1    0 
   240:    0    0   -1   -1    7   -2   -5   -2  -22   18 
   250:  -20    3   11  -24   25    2    2    0    0    0 
   260:    0    0    0    0    0    0    0    0    0    0 
   270:   -9   -3  -16    0   27  -15   26  -39   10  -62 
   280:   -4  -10    2  -26   25   24  -30   12   12    4 
   290:  -10    6   -1    2    5    8  -19    2   -5   15 
   300:    0   15    2    2    8   -1   -5   -4    1    0 
   310:    0    0    0    0    0    0    0    0    0    0 
   320:    1    3   28  -10   -8   33   35   -5  -53   27 
   330:  -23  -57   35  -43   46   18  -10    0   -6   30 
   340:   25  -66   41  -26   35  -26  -36   -9   53   -2 
   350:    5    1    0   -4    2   -6  -12    0   -4    1 
   360:    0    0    0    0    0    0    0    0    0    0 
   370:    0    0    0   -3  -18   38  -15  -32   -3  -28 
   380:   12  -32    6   44   12   14  -11  -16   28   17 
   390:  -22  -15  -44  130 -106   90  -10   22   -5    0 
   400:    7    1   -2   -9    6    0    2    0    1   10 
   410:   17   -4    0    0    0    0    2    0    0    0 
   420:    0    0    0    0   -4    2  -30  -31   10    1 
   430:   -9    4  -24   59   -8   20   -5   42  -24   22 
   440:  -22   16   80  -87   81 -164  145  -91  -17   28 
   450:    3   20  -28   -6   27   -3    0   -1    1   -2 
   460:    0   -2  -16    1   -3    0    0    0    0    0 
   470:    0    0    0    0    0   -3   19  -55   32   29 
   480:  -33  -17    7   16   -3    2   29  -13   11   27 
   490:  -26    1   27   34  -71   94  -25   45  -92   14 
   500:   17  -43  -30   -4   21   -1    0   -3    2    1 
   510:   -4    1   -8    6    2    0    1    0    0    0 
   520:    0    0    0    0    0    0   -1    3  -20   28 
   530:   -2    7   13    1   26  -13  -11  -20  -36    1 
   540:  -17   18  -26   51  -36  -37   76  -73  -60   29 
   550:   94  -34    6    2   -8  -12  -33  -14   17   11 
   560:  -17    2   -7    3    1   -1    0   -1   -2    0 
   570:    0    0    0    0    0    0    0    0    0   -2 
   580:   10    5   24    1   12  -12   -5  -26   38  -24 
   590:   40   -4   21    1   36    0   -6   -2  -65   27 
   600:   59  -24   13  -10  -22  -12   19    9  -26   49 
   610:  -17   -3   12    0    5   -1    0    0    0    1 
   620:    2    0    0    0    0    0    0    0    0    0 
   630:    0    3   -5   35  -28   24  -19  -16   -9   -6 
   640:  -18   21  -37   46  -21    6    7   21   25  -11 
   650:    9    6  -23   27  -18    5  -19  -13   -5    3 
   660:   15  -30   11    5   -1    0   -1    0    0    0 
   670:    0    1   -1    0    0    0    0    0    0    0 
   680:    0    0    0   -3    6  -19    9  -15   -1   -5 
   690:  -15    6   16  -22   34   -3    8   -3   15  -23 
   700:   -6  -21   -4   10   12  -13   11  -53   21   19 
   710:   16  -17  -15    5  -10    5   -1    0    0    0 
   720:    0    0   -1    3   -1    0    0    0    0    0 
   730:    0    0    0    0   -1    8  -21   12    1  -22 
   740:    8   12  -19  -13  -10   16  -31   -8    4   -8 
   750:  -26   10   -6    6    1  -29   26  -24  -13   14 
   760:  -47  -14   -5   51  -49   10  -10  -45    3   -2 
   770:    0    0    0    0    0    0    1    0   -1    0 
   780:    0    0    0    0    0    0    1  -10   -1  -20 
   790:   12  -22    0    3  -13  -16  -32   -5   -3   46 
   800:   -3   11   20  -12   19  -12    2   25   -9   -4 
   810:   -2   21   19  -28   12  -24  -13  -23   21    3 
   820:    0    0    0    0    0    0    0   -1    0    1 
   830:    4    0    0    0    0    0    0    0    0    6 
   840:   10  -14  -28   19   -9    4    1   32   26    3 
   850:  -10   19   46  -18   30  -28   11   34   -4    6 
   860:  -23   -9    9  -47   28   14    5   30    5   22 
   870:   24   46   -9    1    0    0    0    0    0    3 
   880:    0    0    0    0    0    0    0    0    0    0 
   890:    2  -11   35   21   13   39   13    0   14   17 
   900:   35   22  -64   13  -26   14  -36   11  -15  -27 
   910:   -4   35   -2    3    0   42  -40  -13  -37   14 
   920:  -23   18  -13  -23    0    0    0    0    0    0 
   930:    0    1    0    0    0    0    0    0    0    0 
   940:    0    0    0    0   15    0   19  -12   11  -40 
   950:  -33  -39  -51  -46   32  -14   30  -24   -4    5 
   960:   17  -13   -1  -12    0   -7   -7  -37    9    8 
   970:   45  -22   15    8  -17   29   -5    1    0    0 
   980:    0    0    0   -3    0    0    0    0    0    0 
   990:    0    0    0    0   -1    5  -20   48  -10   -7 
  1000:   -8  -29   25   39   73   -2    5   10   -9  -12 
  1010:   39  -12   18   15    0   -5  -28  -24   54   19 
  1020:    3  -11   -1   -9   22   22   16  -10   12   -2 
  1030:    0    0    0    0    0    2    0    0    0    0 
  1040:    0    0    0    0    0    0    0    0   -2   -6 
  1050:   17  -11   26  -33  -18  -22  -53    0  -10   45 
  1060:   24   69  -44    6   11   -9  -17   18    5   24 
  1070:  -40    1  -26  -73   44  -24    9   17  -29   28 
  1080:  -15    2    0    0    0    0    0    0    0    0 
  1090:    0    0    0    0    0    0    0    0    0    0 
  1100:    6   47   21  -16   12   17    7   19  -41   24 
  1110:   39  -10  -13  -10   17  -20   12   -4    8  -12 
  1120:   11  -18    5    6   -5  -25   37    2   22   10 
  1130:   23   -6   13   -3    0    0    0    0    0    0 
  1140:   -1    0    0    0    0    0    0    0    0    0 
  1150:    0    1  -12   -6  -26  -12   -2    7   21  -13 
  1160:   42    6    8    1   25    2   19    9   17  -13 
  1170:   24   29  -41   61  -36   25  -33   55  -62   15 
  1180:  -23  -12  -16    5  -11    2    0    0    0    0 
  1190:    0    0    0    0    0    0    0    0    0    0 
  1200:    0    0    0    1   -5    3  -14    3   22   26 
  1210:    6   38  -28  -13   37   -2    1   25  -10    4 
  1220:   -3   14   25  -10   38  -52   42  -43    5  -24 
  1230:   16  -33   39   32   16   -8    3   -1    0    0 
  1240:    0    0    0    0    0    0    0    0    0    0 
  1250:    0    0    0    0    0   -2    3   -2  -11    4 
  1260:  -41  -30   -1  -50   12    1   -2    8  -33   -3 
  1270:  -27    9   -1   -1   -9   51    3    5  -67    5 
  1280:   35  -16   40  -19  -49    6  -18    6    0    1 
  1290:    0    0    0    0    0   -1   -1    0    0    0 
  1300:    0    0    0    0    0    0    0    2  -14   12 
  1310:  -54   -4  -33   -4  -16   18  -28   13   52    1 
  1320:    9  -23   17  -28  -20    5    2    7  -13  -39 
  1330:   -1   -2  -19   81  -21    4    9   -4   -8  -25 
  1340:    3    0    0    0    0    0    0   -1    0    0 
  1350:    0    0    0    0    0    0    0    0    0    1 
  1360:   -3   38  -25   15  -11   29   34    6   21    7 
  1370:   -9   -7   21  -24  -18   15   20   -5    3   31 
  1380:  -23   31   16   -1   23  -37   14  -14   -8    9 
  1390:   -2   -2    1   -2    0    0    0    0    0    3 
  1400:    0    0    0    0    0    0    0    0    0    0 
  1410:    0    0   -3   -3  -42  -35   -1  -21   38  -40 
  1420:   -8    7  -21    2  -27   31   -7  -25  -34  -30 
  1430:  -17   26    4   22  -22  -41    3   29   -5   46 
  1440:  -11   17  -27    7   -1    0    0    0    0    0 
  1450:    0   -1    0    0    0    0    0    0    0    0 
  1460:    0    0    0    0    1    0   17    8   35   39 
  1470:  -38   -7   -5  -11  -21   16    0  -12    3    8 
  1480:    0    6   18   19   14  -88   18    7   -1   16 
  1490:   66  -44   32    6   64   -4    2    0    0    0 
  1500:    0    0    0    1    0    0    0    0    0    0 
  1510:    0    0    0    0    0    0    3  -23   38   17 
  1520:  -64   -7   15    9   44   19   47  -32   43    6 
  1530:   -4  -10   -3   -5    1   -1   -1   40   13  -19 
  1540:   30   23  -59   10   -8   10  -25    2    0    0 
  1550:    0    0    0    0   -1    4   -2    0    0    0 
  1560:    0    0    0    0    0    0    0    0    0    6 
  1570:   -7   73   36  -35  -30   12  -26   11    0    0 
  1580:   22   -3  -38   46   -7   37  -10    4    3    4 
  1590:   -3    3   -4   11   14    1  -10   27   -1    1 
  1600:    0   -1    0    0    0    0    0   -1    1    0 
  1610:    0    0    0    0    0    0    0    0    0    0 
  1620:   -1   -3  -35   25   -7   16  -20   36  -22   -1 
  1630:   22   12   -6  -19    0   -7  -23   17  -47  -15 
  1640:   23  -51   23   -1  -12    2  -11    6   -6   -1 
  1650:   -1    0    0   -1    2    0    0    0    0    0 
  1660:   -1    0    0    0    0    0    0    0    0    0 
  1670:    0    0    0    3   22  -28  -44  -16   22   11 
  1680:    0   18  -26   27    4   59   24    2  -10  -51 
  1690:   10  -11   -6   48  -27  -22   77  -31   51  -34 
  1700:   17   -2    6   -1    0    0    0    0    0    0 
  1710:    0    0    1    0    0    0    0    0    0    0 
  1720:    0    0    0    0   -2   17  -46   27  -44   28 
  1730:  -15   -5   -9  -38   44   -4    8   16  -15   -8 
  1740:  -47   88  -24   14  -35   21   31   35  -41   31 
  1750:  -40   60  -31   33  -12    2    0    0    0    0 
  1760:    0    0    0    1   -1    0    0    0    0    0 
  1770:    0    0    0    0    0    0    2   -8   25   58 
  1780:  -30    7   32  -37  -34   12  -25  -37    0   28 
  1790:   -1   60  -15  -23   32   20   14  -32  -47   19 
  1800:   27    8   14  -43   15  -22   13   -2    0    0 
  1810:    0    0    0    0    0   -1    0    0    0    0 
  1820:    0    0    0   -1    0    0    0    0    1  -21 
  1830:    1   44   12  -16    9   10  -30   -3  -16   21 
  1840:   13  -31   33   19   49  -32  -19  -12  -10    4 
  1850:   16  -28  -44   16  -16   28   -3   10   -2    0 
  1860:    0    0    0    0    0    0    0   -1    0    0 
  1870:    0    0    0    0    0    0    1    0    0    0 
  1880:   -2    9  -11  -10   -2   40  -15  -14   20    6 
  1890:  -29    8   -2   74  -16   20   -8   17   -4  -27 
  1900:  -16  -27   16   -8   31    1   -5   24    0  -33 
  1910:    7   -2    0    0    0    0    0    0    0   -1 
  1920:    0    0    0    0    0    0    0    0    0    0 
  1930:    0    0    2  -14    3   29   12  -47    3   27 
  1940:    5   18    0   60   33   -7   89   24   63  -52 
  1950:   63  -42   54    4   -5   37   -8   -9   -5  -16 
  1960:  -20    7   -1    0    0    0    0    0    0    0 
  1970:    0    3    0    0    0    0    0    0    0    0 
  1980:    0    0    0   -1    1   -8  -70   33  -67   38 
  1990:  -27   29  -55   10   19    6  -14  -12  -58   17 
  2000:  -64  -13  -28   -3  -13  -15  -41  -16   51    3 
  2010:   -4   14   -1   -9    2    0    0    0    0    0 
  2020:    0    0    0    3    0    0    0    0    0    0 
  2030:    0    0    0    0    0   -1    8  -32   52  -15 
  2040:   34  -28   63  -19   24  -22   -2  -19  -36  -12 
  2050:   31   35    3   72  -26   11  -34    2   -9   12 
  2060:  -31   11  -11  -23  -40   -1   -1    0    0    0 
  2070:    1    0    0    0    0    1   -1    0    0    0 
  2080:    0    0    0    0    0    0    0    0    5   13 
  2090:   -5  -17   -9    1   12    6  -30   19  -12   32 
  2100:    7  -23  -50   24    0  -75   53   38   -8   23 
  2110:   13  -13    3  -19    5    2   24  -20    4   -1 
  2120:    0    0    0    0    0    0    0    0    0    0 
  2130:    0    0    0    0    0    0    0    0    1   -6 
  2140:   20  -60   26   37   50   19   10  -41   -6    0 
  2150:   66    9  -18   -7    7    1  -23   13   26   21 
  2160:  -24    8  -10  -15    9  -43  -16   27  -26    0 
  2170:   -2    0    0    0    0    0    0    0    0    0 
  2180:    0    0    0    0    0    0    0    0    0   -1 
  2190:    0   -2   12   -5   41   -2   82   -9   -3   34 
  2200:  -14    2  -44   20   21   18  -72   19   -1  -28 
  2210:  -17   16    0  -13   26   19  -52    3   19  -36 
  2220:   24  -23   -3   -1    0    1    0    0    0   -1 
  2230:    0   -1    0    0    0    0    0    2    0    1 
  2240:   -2    3    2   14   49  -44  -25    2  -11   10 
  2250:   -6  -24   16  -12   45    8  -53    4   27   -5 
  2260:   -7  -48    1  -22   42    7  -18   -9  -15   -6 
  2270:   -5   26  -40   34   -5    3    0    0    0    0 
  2280:    0    0    0    0    0    0    0    0    2  -10 
  2290:    1   -8    9   -1  -10  -41    2   37   51  -27 
  2300:   19    1    5  -17    4    4  -18    6    7   -4 
  2310:    1   -7  -24   37    7    0  -13   12    7   33 
  2320:  -22    4  -16  -31    5  -14   -6   -8    0    0 
  2330:    0    0    0    0    1   -2    1    2    2    1 
  2340:    0   10   -6   16   -7   -1   25    9   30  -37 
  2350:  -22  -12  -20   -6   32  -29    9  -51    6   27 
  2360:  -63   34   21  -23  -60   -2  -50   31  -31  -10 
  2370:  -10  -38   28   -8    0  -22    1  -19  -12    0 
  2380:    0    1    0    0    0    0   -1    0   -2    0 
  2390:   -6    3   -6   -5    6   14   20  -14  -22   -4 
  2400:   -7   -2   24   21   22    4  -14    5   -5   31 
  2410:  -11   -5    6   -9   -3    4    9    6   10  -14 
  2420:    2    9   -3    9   -5    2   -6   15   -1   18 
  2430:    3   -3   -6   -3    1    6   -1    3    4   -6 
  2440:   14   -4   18    1   10   17    1   10   -7  -46 
  2450:   20   -3    3  -39  -14   34  -14  -16  -16    1 
  2460:   33  -21    1    6   -4    1    3   -2   -3   -7 
  2470:   -1    0    7    5    0    4   -6    1   -9   -4 
  2480:   -9   -2    3    7   -5    5   -2   -8    1   -4 
  2490:    2   -4   -4    4   12    2 
