     0:    0    0    4  -34   67 -138 -131  -52   92   89 
    10:  -28  -16  -16  -14  -23  -17   88  144  -27    0 
    20:    3  -18    8 -103   26   11  -87  -76 -138  -49 
    30:  152  114   90  194  -39    9  -33   10    3   -7 
    40:   43  -49  111   11    6  -32    8   -2   52  -88 
    50:  -72  -11  106   76  -74    1   -1   -3   26  -40 
    60:   88   59   -1   42   17   28   53   32  -22   34 
    70:  102   53   41   28   -5    0   -3   30   63  -67 
    80:    0  -20  -12   19   58  -17  -18  -12   22   64 
    90:  -47  -71    9  -29   15    1   17  -31   23   -7 
   100:    3   20    3   18  -45   28    4   -9   53   48 
   110:  103  -24   82   13    0  -80    9   -5  -25  -20 
   120:  -48  -14   -9    7  -23  -29  -11   15   76  -11 
   130:   -2    0   21   -4  -31   -8  -17   29  -13   -9 
   140:  -12   23  -21   16   -1   -4 -103   59   -2  -96 
   150:  -43  -65    7 -109   24  -39   -7  -25  -10  -41 
   160:  -34  -47  -35  -21  -39  -25   -9  -90  -36  -14 
   170:    9    1  -26   16  -11    3   23   -4   22   -3 
   180:  -15  -12  -46   23  -24  -22  -32  -31    1  -11 
   190:  -20   46  -20  -26   10   24   -6   21   15   40 
   200:    1   -1   43   -7   18  -17   41  -20   12  -16 
   210:   65   32   14  -31  -19  -16   18   -5    8   76 
   220:   -9  -19   34   65  -27  -91   17    7  -18   16 
   230:  -80   63  -42   64  -50   67   34    3  107  -22 
   240:  -44  -88   61   40   78   -8    0    7  -41  -60 
   250:  -57  -16  -86   -1    8  -34   18  -34   54  -16 
   260:   31 -160  -29 -110  -21   -4    9   -8  130   63 
   270:  147    7    4   28   49   27  -12   41  133  185 
   280:   94  -61  -92  -27   -5   -3    4  -49  125  309 
   290:  173  141   33  123    9  -98  -87  -50  -22  -20 
   300:  -82   24    0    1    1  -31  103  -90   34   22 
   310:  -39  -11   40  125    1   14  -51   14   80   -2 
   320:   42   -6    3   75   43   30  106  -32 -105    5 
   330:  -53   -2   91  -84   19   15    2   59  -12   -4 
   340:    0    0   66  147  313  278  239  247  313  313 
   350:  327  329  198  200  268  119  -28   -6  -12   -9 
   360:   -6 
