     0:    0    0    0    0    0    0    0    0    0    0 
    10:    0    0    0    0    0    0    0    0    0    0 
    20:    0    0    0    0    0    0    0    0    0    0 
    30:    0    0    0    0    0    0    0    0    0    0 
    40:    0    0    0    0    0    0    0    0    0    0 
    50:    0    0    0    0    0    0    0    0    0    0 
    60:    0    0    0    0    0    0    0    0    0    0 
    70:    0    0    0    0    0    0    0    0    0    0 
    80:    0    0    0    0    0    0    0    0    0    0 
    90:    0    0    0    0    0    0    0    0    0    0 
   100:    0    0    0    0    0    0    0    0    0    0 
   110:    0    0    0    0    0    0    0    0    0    0 
   120:    0    0    0    0    0    0    0    0    0    0 
   130:    0    0    0    0    0    0    0    0    0    0 
   140:    0    0    0    0    0    0    0    0    0    0 
   150:    0    0    0    0    0    0    0    0    0    0 
   160:    0    0    0    0    0    0    0    0    0    0 
   170:    1    0    0    0    0    0    0    0    0    0 
   180:    0    0    0    0    0    0    0    0    0    0 
   190:    0    0    0    0    0    0   -1    0    0    0 
   200:    0    0    0    0    0    0    0    0    0    0 
   210:    0    0    0    0    0    0    0    0    0    0 
   220:   -2    1   -1    0    0    0    0    1    0    0 
   230:    1    0    0    0    0    0    0    0    0    0 
   240:    0    0    0    0    0    0    0   -1    1    1 
   250:    0    0    0    0    0   -1    0    0    0    0 
   260:    0    0    0    0    0    0    0    0    0    0 
   270:    0    0   -1    1   -2   -3    4   -2    2    0 
   280:   -2    2   -1   -2    4   -2    0    0    1   -1 
   290:    0    0    0    0    0    0   -2    0    0    0 
   300:    0    0    1   -1    0    0    0    0    0    0 
   310:    0    0    0    0    0    0    0    0    0    0 
   320:    0    0   -1   -1    1    3    0    2    2    0 
   330:   -3   -3   -1   -2   -1   -2    0    0   -1    3 
   340:   -1    1    5    1    0    1    0   -1   -1    0 
   350:    0    0    0    0    0    0    0    0    0    0 
   360:    0    0    0    0    0    0    0    0    0    0 
   370:    0    0    0    0    0   -2    1    1    1    0 
   380:    0   -4    3   -2   -1   -3    0   -2    1    1 
   390:   -4    2   -2    4   -5   -1    1   -4   -3    2 
   400:    0    1    0    1    0    0    0    0    0    1 
   410:    0    0    0    0    0    0    0    0    0    0 
   420:    0    0    0    0    0    2   -1   -3   -2    1 
   430:    0    1   -1   -1    0    0    1    0   -2    2 
   440:   -1   -3    3    0   -1    1   -1    2   -1    0 
   450:    0    0   -2    1    0    0    0    0    0    0 
   460:    1    0    0    0    0    0    0    0    0    0 
   470:    0    0    0    0    0    0    1    1   -2    0 
   480:   -3   -1   -4    3    1    0   -1    1   -2    3 
   490:   -2    0    0   -4    1    2    0   -5   -2    0 
   500:   -1   -3    2    0    0    1    0    0    0    0 
   510:    0    0    0    0    0    0    0    0    0    0 
   520:    0    0    0    0    0    0    0    0    0    1 
   530:    0   -1    0    0    1    0   -3    1   -1    1 
   540:   -3    1   -1   -1    0    0    3   -2   -1    1 
   550:    0   -1    0    1    1    1   -2    1    0    0 
   560:    1    1   -1    0    0    0    0    0    0    0 
   570:    0    0    0    0    0    0    0    0    0    0 
   580:    0    1    0    0    0    0    0    0    0    0 
   590:    0   -2    3    1    2    0    2    0   -2   -2 
   600:   -1   -1   -2    0    2    1    1   -1   -1    1 
   610:   -1    0    0    0    0    0    0    0    0    0 
   620:    0    0    0    0    0    0    0    0    0    0 
   630:    0    0   -1    2   -1   -2    0    0    1    0 
   640:   -1    3    1    0   -1    1    1   -1    0   -1 
   650:    1    1   -1    0    2    0    0    2    0    2 
   660:    2    1    0    0    0    0    0    0    0    0 
   670:    0    0    0    0    0    0    0    0    0    0 
   680:    0    0    0    0    0   -2   -1    0   -1   -1 
   690:    0    0    0    1    0   -1    0    0    0    0 
   700:    0    0    1    1   -1    0    0    0    0    0 
   710:   -2    0   -2    1    1    0    0    0    0    0 
   720:    0    0    0    0    0    0    0    0    0    0 
   730:    0    0    0    0    0    0   -1   -1   -1    0 
   740:    0    0    0    0    0    0    1   -1    2   -3 
   750:    0    1    0   -1   -1   -2   -2    0    1   -1 
   760:    1    0   -1   -1    2    0    0   -1    0    0 
   770:    0    0    0    0    0    0    0    0    0    0 
   780:    0    0    0    0    0    0    0    0    1   -1 
   790:    1    1   -2    1    0   -1   -1   -1   -1    2 
   800:   -1    1   -1    0    0    0    0    0    0   -2 
   810:    1    0    0   -2    1    1   -1   -1    0    1 
   820:    0    0    0    0    0    0    0    0    0    0 
   830:    0    0    0    0    0    0    0    0    0    0 
   840:    1    0    0   -1   -2    1    0    1   -1    1 
   850:    1   -2    2    0    1    1    2    0    0    0 
   860:    0    0   -1    0    0    0    1    0   -1   -1 
   870:    2    0    0    0    0    0    0    0    0    0 
   880:    0    0    0    0    0    0    0    0    0    0 
   890:    0    0    2   -1    2    3    0    0    2    1 
   900:    1   -1   -1    0   -1    2    3    1    1    1 
   910:    0    0    0   -1    1    0    1    0    0    1 
   920:   -1    1   -3    1    0    0    0    0    0    0 
   930:    0    0    0    0    0    0    0    0    0    0 
   940:    0    0    0    0    1   -1    1    0    0    1 
   950:    0   -1   -2    1    0    0   -1    1    0    1 
   960:    0    0    0    0    1   -3    0   -1    1    0 
   970:    3    3    0    2    1    1    0    0    0    0 
   980:    0    0    0    0    0    0    0    0    0    0 
   990:    0    0    0    0    0    0   -1    0    2    0 
  1000:    1    0    0    2    0   -1    2    0    0   -2 
  1010:   -1    2    1   -1    2   -1    0   -1    0   -1 
  1020:    0    0    0   -1    1    2    0   -1    0    0 
  1030:    0    0    0    0    0    0    0    0    0    0 
  1040:    0    0    0    0    0    0    0    0    1   -2 
  1050:    1    0   -1   -1    1    2    3   -2    1    0 
  1060:    2    0   -1    1    3    0   -1    2    0    0 
  1070:    1    2   -1   -1    0   -1   -3    2   -1   -1 
  1080:    0    0    0    0    0    0    0    0    0    0 
  1090:    0    0    0    0    0    0    0    0    0    0 
  1100:    0    0    0   -5    2   -1    1    4    1   -1 
  1110:    1    0   -3    0    3   -1    4    0    3   -1 
  1120:    4   -1    0   -1   -2    0    2    1   -2    0 
  1130:    3   -1    1    0    0    0    0    0    0    0 
  1140:    0    0    0    0    0    0    0    0    0    0 
  1150:    0    0    1    0    4    0    1    0    0    3 
  1160:   -2    5    0   -1    2    0    0    1    1   -1 
  1170:    0    1   -2    0    2    2    1   -2    2    1 
  1180:    1   -6    1    2    0    0    0    0    0    0 
  1190:    0    0    0    0    0    0    0    0    0    0 
  1200:    0    0    0    0    0   -2   -4    1   -1   -1 
  1210:    0    1    0   -5    0    0    1    0   -1    0 
  1220:   -2    1    0    0   -2   -1    0    0    0    3 
  1230:    0    0    2   -2    1    0    0    0    0    0 
  1240:    0    0    0    0    0    0    0    0    0    0 
  1250:    0    0    0    0    0    0    1   -2   -2    1 
  1260:    2    0    1    0   -1    0   -3    0   -1    1 
  1270:   -1    1    0   -1    1    2    5   -1   -1    1 
  1280:    1   -4    0   -5    1   -2    1   -3    0    0 
  1290:    0    0    0    0    0    0    0    0    0    0 
  1300:    0    0    0    0    0    0    0    0    0    1 
  1310:    0   -3    1   -2    0    0    0    0    3    1 
  1320:    0    2    2   -1    0    2   -1    2    0   -1 
  1330:    0    0   -1   -1    0   -1   -1    2    0    0 
  1340:    0    0    0    0    0    0    0    0    0    0 
  1350:    0    0    0    0    0    0    0    0    0    0 
  1360:    0    1    0   -1    0    1    0   -1    1    0 
  1370:    2    0    1   -2    0   -1    1   -1   -1   -1 
  1380:   -1    1    0    2   -2    2    0   -3    0    0 
  1390:   -1   -1    0    0    0    0    0    0    0    0 
  1400:    0    0    0    0    0    0    0    0    0    0 
  1410:    0    0    0    1   -1   -2    0   -2    0    1 
  1420:    3   -1    0   -1   -2    0   -1    0   -1    0 
  1430:    1   -1    0    2    1   -2    0    0   -2    2 
  1440:    2   -2    2    0    0    0    0    0    0    0 
  1450:    0    0    0    0    0    0    0    0    0    0 
  1460:    0    0    0    0    0    1   -2   -2    2    0 
  1470:    1    0   -1    0   -1    0    0    0   -1    0 
  1480:    0    1   -2    1    0   -1   -3   -1    0    2 
  1490:    3   -1    1    1   -1    0    0    0    0    0 
  1500:    0    0    0    0    0    0    0    0    0    0 
  1510:    0    0    0    0    0    0    0    0    1    0 
  1520:    2    0    5    1    1    0    0    0   -2    3 
  1530:    0    0    0    0    0    0    0   -2    0    1 
  1540:    2   -1   -1   -1    2    0    0    0    0    0 
  1550:    0    0    0    0    0    0    0    0    0    0 
  1560:    0    0    0    0    0    0    0    0    0    0 
  1570:    0    0    1    0    1   -1    0    3   -4    1 
  1580:    0    1    1    0   -2    3    0    2   -1    1 
  1590:    0    0    0    0    0    0   -1    1    0    0 
  1600:    0    0    0    0    0    0    0    0    0    0 
  1610:    0    0    0    0    0    0    0    0    0    0 
  1620:    0    0    0    0    1    2    0    1   -1   -3 
  1630:    0    1    2   -2   -1   -1    0    1    0   -1 
  1640:    0    1    0    0   -1    0    0    0    0    0 
  1650:    0    0    0    0    0    0    0    0    0    0 
  1660:    0    0    0    0    0    0    0    0    0    0 
  1670:    0    0    0   -1    2   -2    1    0    2    0 
  1680:    1    1   -3    2    2    0    2   -2    1   -4 
  1690:    3   -2    2    1   -1    1    0   -1    2   -2 
  1700:   -1    1    0    0    0    0    0    0    0    0 
  1710:    0    0    0    0    0    0    0    0    0    0 
  1720:    0    0    0    0    0    0    2    1   -1    2 
  1730:    0    1    0    0   -1    2    0    2   -3    0 
  1740:    4    0    2    0    1   -3    1    2    0    0 
  1750:   -2    2    0   -1   -1    0    0    0    0    0 
  1760:    0    0    0    0    0    0    0    0    0    0 
  1770:    0    0    0    0    0    0    0    0    1   -2 
  1780:   -2    3    1    1   -2   -1    0    1   -1    0 
  1790:    2   -1   -1   -2    2    0    0   -2   -2    0 
  1800:    0    0    1    1    0    0    0    0    0    0 
  1810:    0    0    0    0    0    0    0    0    0    0 
  1820:    0    0    0    0    0    0    0    0    0   -1 
  1830:    3   -1    4    0    0    0   -2   -1   -1    2 
  1840:    0   -1    0    4   -2    0    1    2    0    2 
  1850:    1    2    1   -1    1    0    1    0    0    0 
  1860:    0    0    0    0    0    0    0    0    0    0 
  1870:    0    0    0    0    0    0    0    0    0    0 
  1880:    0    1    4   -1    4    1   -2    0   -1   -1 
  1890:   -1   -1    0    1   -2    1   -5    3   -2    2 
  1900:    1    0    0   -1    1    1    1    1   -1    0 
  1910:    0    0    0    0    0    0    0    0    0    0 
  1920:    0    0    0    0    0    0    0    0    0    0 
  1930:    0    0    0    0    0   -3    0   -1    0    1 
  1940:    0    1   -1    2    0    0   -1   -1   -1    0 
  1950:    2   -5    1   -1    1    1   -1   -1    1    0 
  1960:    0    0    0    0    0    0    0    0    0    0 
  1970:    0    0    0    0    0    0    0    0    0    0 
  1980:    0    0    0    0    0   -1    0    0    2    0 
  1990:   -2    1    1   -1    1    0   -2   -1    1   -2 
  2000:    2   -3    1   -3    1    1    0    2    0    2 
  2010:    1   -4    4   -1    0    0    0    0    0    0 
  2020:    0    0    0    0    0    0    0    0    0    0 
  2030:    0    0    0    0    0    0    0   -1    0    0 
  2040:    0    0    0    0    1    0    0   -1    1    2 
  2050:    0    2    0   -1   -2    1    0    0    2   -2 
  2060:   -1    0    0   -2    1   -1    0    0    0    0 
  2070:    0    0    0    0    0    0    0    0    0    0 
  2080:    0    0    0    0    0    0    0    0   -1    0 
  2090:   -3    1    1    0    0   -3    5    0    4    0 
  2100:    0    0    0   -1   -1    1   -3    6   -4    1 
  2110:    1   -1    1   -1    1   -1   -2   -1    0    0 
  2120:    0    0    0    0    0    0    0    0    0    0 
  2130:    0    0    0    0    0    0    0    0    0    0 
  2140:    2    1   -1    0    1   -2    1    0    1   -1 
  2150:    0    3    0   -1    1    0   -2   -2    1    0 
  2160:    0    1   -1   -4   -1   -1    0   -2   -1   -2 
  2170:    0    0    0    0    0    0    0    0    0    0 
  2180:    0    0    0    0    0    0    0    0    0    0 
  2190:    0    1   -1    2   -1    2    0   -3   -4    1 
  2200:   -2    1   -1    1    2   -2   -3   -1    0    1 
  2210:    1    0   -1    1   -1    2    1    0    0   -1 
  2220:    1    0    0    0    0    0    0    0    0    0 
  2230:    0    0    0    0    0    0    0    0    0    0 
  2240:    0    0    0    0   -1   -2   -1   -2    0   -3 
  2250:    0   -1    3    0    1   -2   -2   -1    0    1 
  2260:    0    3   -3    0   -1   -1   -1   -2   -4   -2 
  2270:    0    1   -1   -1   -1    0    0    0    0    0 
  2280:    0    0    0    0    0    0    0    0    0   -1 
  2290:    0    0    1   -1    0   -3   -1    3    2   -2 
  2300:    0    0   -2    0   -1    1    0    1   -2    2 
  2310:   -1    4    0   -2    1    1    1    1    0    3 
  2320:   -3   -1   -1    1   -1   -1    0    0    0    0 
  2330:    0    0    0    0    0    0    0    0    0    0 
  2340:    1    0    0   -1   -1    1   -1   -1    0   -1 
  2350:    0   -2   -3    0    2   -1    0    0   -1   -1 
  2360:   -2    1    0   -1   -2    1    1    1    1   -1 
  2370:    2    3   -1    1    2    0    0   -2    0    0 
  2380:    0    0    0    0    0    0    0    0    0    0 
  2390:   -1    0    1   -1    0    1    0    0   -1    0 
  2400:   -2    0    0   -1    0    1    1    0    0    1 
  2410:    0    1    0    0    0    0    0    0    0   -1 
  2420:   -1    0    0    0    0   -1    0    0    0    1 
  2430:    0    0   -1    0   -1    0    0    0    0    0 
  2440:    1   -1   -1    0    1    0    0    0    0   -2 
  2450:   -1    0   -1    0   -1   -1    1    0    0    1 
  2460:    1    2    0    1   -1    0    0    0    0    0 
  2470:    0    0    1    0    0    0    0    0    0    0 
  2480:   -1    0    0    0    0    0    1    0    1    0 
  2490:    0    0    0    0    1    0 
