     0:    0    0    0    0    0    0    0    0    2   -1 
    10:   -1   -1   -1   -1   -1    0    0    0    0    0 
    20:    0    0    0    0    0    0    0    0    0    0 
    30:    0    0    1    0    0    0    0    0    0    0 
    40:    0    0    0    0    0   -1    0   -1    3    0 
    50:    0    0   -1    0    0    0    0    0    0    0 
    60:    0    0    0    0    0    0   -1    0    0    0 
    70:    0    0    0    0    0    0    0    0    0    0 
    80:    1    2    2    3    1   -1   -1    1    0    0 
    90:    1    0   -1    0    0    0    0    0    0    0 
   100:    0    0    0    2    0    0    0    0    0    0 
   110:    0    0    0    0    0    0    2    1    0   -1 
   120:   -2    1    3    2   -1    0    0   -1    1    0 
   130:   -1   -1    0    0    2    0    0   -1   -1    0 
   140:    1    0    0    0    0    0    0    0    0    0 
   150:    0    0    0   -1    1    0   -2    2    0   -2 
   160:   -1    1    1    0    0   -1    1    0    1    0 
   170:    0   -1   -1   -1   -1    0    0    0   -1    0 
   180:    0    0    0    0    0    0    0    0   -1   -1 
   190:    1    0   -1    3    1   -3   -2   -4   -4   -1 
   200:    0    0   -1   -1   -1    0    0    0    0   -1 
   210:   -1    0    0    0   -1    0    1    1    0    0 
   220:    0    0    0    0    0   -1    0    1    0    1 
   230:    1   -3   -2    1    4    4    0   -1    0   -1 
   240:    0    1    0    0   -1    0   -1    0    1    0 
   250:   -1    1   -1   -1    2    1    0    0    0    0 
   260:    0    0    0    0    1    0   -1    1    0    2 
   270:    3    0   -4    0    1    0    2    0    0    0 
   280:    0   -1    0    0   -2   -1   -1    0    0   -1 
   290:    1   -1   -1    0    0    0    0    0    0    1 
   300:    0   -1    0   -1   -1    1    0    0   -4    4 
   310:    1   -1    0    0    2    1    1    1    0    0 
   320:    0    1    1   -1   -1   -1    0    1   -1    2 
   330:    0    0    0    0    0    0    0    0    1    1 
   340:   -1    1   -1    0   -2    1   -1    0    1   -1 
   350:    0   -1    0    1    1    1    0    0    2    0 
   360:    0    0    0    1    0   -1   -2    0    0    0 
   370:    0    0    0   -1    0    0    0    0   -1    0 
   380:    0    0    0   -1    3    0    1    0   -1   -1 
   390:    0    0    0    0    0   -1    0   -1    0    1 
   400:    0    0    0   -1    0    0    0    0    0   -1 
   410:    0   -1    0    0    0    0    0    0    0    0 
   420:    0    0   -2   -2    0    0    0   -1    0    0 
   430:    0    0   -1   -1    0    0    0   -1    1    0 
   440:    1    0    0    0    0    1    0    0    0    0 
   450:    0    0    1    0    0    0    1    0    0    1 
   460:    0    0    0    0    0   -2    1    1    1    1 
   470:   -1    0    0    1    1    0    1    0    1    0 
   480:    0    0    0   -1    0    0    0    0    0   -1 
   490:    0    0    0    0    0    0    0    1    1    0 
   500:    0    0    0   -3   -2    1    1    0    0   -2 
   510:    2    1    0    0    1   -1    0    0    0    0 
   520:    0    0    0    0    0    0    1   -1    0    0 
   530:   -1    0    1    0    0    0    0    0    0    1 
   540:    0    0   -1    0    0    0    0    0    0    1 
   550:    0    0    0   -1    0    0    0    0    0    1 
   560:    0    0    0   -1    0    1    0    0   -1   -1 
   570:    1    0   -1    0    1    0   -2    3    1    2 
   580:    1    2    2    0    0    2   -1    1    0    2 
   590:    0    0    0    0    0    0    0    0    0    0 
   600:    0    0    0    0    1    1    0    0    0    0 
   610:    0    0    0   -1   -2    1    0    0    0    2 
   620:    1   -2    0   -1    1    1    0    0    0    0 
   630:   -1    2   -1   -1    0    0   -1    0    0    0 
   640:    0    0    0    0   -1    1   -1    1    0    0 
   650:    0    0    0   -1   -2    0   -2    0    0   -2 
   660:   -1   -1    2    1    0    0    0    1    0    0 
   670:    1    0    0    0    0    0    1    0    0    0 
   680:    0    0    1   -2    0    1    2   -1    0    0 
   690:    0    1    0   -1   -1   -1   -2   -2   -2    0 
   700:    0    0    0    0    0    1   -1    1    0    0 
   710:    0    0    1    0    0    0    0    0    0    1 
   720:    2   -3   -1   -3    1    1   -1    1    0   -1 
   730:    0   -1    0    0    2    3   -1   -2    0    0 
   740:    0    0    0    0    1   -2   -1    0   -1    0 
   750:   -1    0    0    0    0   -2   -1    0    3    1 
   760:    1    1    0    1    0   -1    0   -1   -1    1 
   770:    3   -1   -3   -2    0    0    0    0    0   -1 
   780:    2    0   -1    2    2   -1    0    1   -1    1 
   790:    0    0    2   -2    0    0    0    0    0    0 
   800:    0    2    0    1    1    0    1    0    0    1 
   810:    0    0    0    0    0    0    2    0    0    0 
   820:   -3   -1    0   -1   -2    1   -1   -1   -1   -1 
   830:    1    0    1    1   -1    0    0    0   -1    0 
   840:    0    1    0   -1    0    0   -1    0    0    0 
   850:    0    0    2    0    1    1    1    1   -1    0 
   860:    1    1    0    0    1    2    1    0    0    1 
   870:    0    1    0    0    0    0   -1   -1   -1    0 
   880:    1    0    0    1    0    0    0    0    0    0 
   890:   -1   -2   -1   -1    0    1    0   -2    0    0 
   900:    0   -1   -3    0    0    0    0    0    0    0 
   910:    0   -1    0    1    0    0    1    0    0   -1 
   920:    0    1    0    0    0    0    0    0   -2    1 
   930:    0    0    1    0   -1    0    1   -1   -1    3 
   940:   -2    0    0    1    0   -1    0    1    1    1 
   950:    0    0   -1    1    0    0    0   -1    0    0 
   960:    0    0    0    0    0    2    1    1    0    0 
   970:    0   -1    0    0    0    1    0    0   -1   -1 
   980:   -3    0    0   -1    1   -1    0   -1    0    1 
   990:    1    0    0   -1    0    0    0    0    0    0 
  1000:    0    0   -2   -1   -1    0    0   -1    0    0 
  1010:    0    1   -1   -1    2    2   -1    0    0    0 
  1020:    0   -1   -1   -1    1    1    1    1    0    0 
  1030:    0    0   -1    0    0    0    0    0    0   -1 
  1040:    1    2   -1    0    0    0    1    0    0    0 
  1050:    0    0    0    0    0    0    1    0    0    1 
  1060:    0    0    0   -1   -1    2   -1    1    0    0 
  1070:    0    0    0    0    0    0    0    0    0   -2 
  1080:    2    1    0   -2    0    1    0    0    0    0 
  1090:    1    0   -1    0    0    0    0    0    0    0 
  1100:   -1    1   -1   -2    0    0    0    0    0    0 
  1110:    0    0    0    0    0    0   -1    1   -1    0 
  1120:    0    0    0    0    1    2    0    1    1    1 
  1130:    0    0    0    1    1    0    0   -2    1    0 
  1140:    0    0    0    0    0    0    0    0    0    0 
  1150:    0    0    1    1    0    1    0    0    0    0 
  1160:   -1    0    1   -1    0    1    0    0    0    0 
  1170:    0    0   -1    1    2    0    2    0    1    0 
  1180:    0    0    0    0    0    0    0    0    0    0 
  1190:   -1    1    0   -1    0    0    1    0    0    1 
  1200:    0    0   -1    1    0   -2    0    0    0    1 
  1210:   -1    0    0   -1    1    0    0    0    0    0 
  1220:    0    0    0    0    0    0    1    1   -2   -1 
  1230:    0    1    2   -1   -1    0    0    2    0    1 
  1240:    0    0    1    0   -1    2    0    0    0    0 
  1250:    0    0    0    0    0    0    0    0    0    0 
  1260:    1   -2   -2    0    0    1    1    0   -1   -2 
  1270:    0    2    1    0   -1    0   -1    0    0   -1 
  1280:    2    2   -1    1    0    0    0    0    0    0 
  1290:    0    0    0    0    0    0    0    0    2   -1 
  1300:    0    0   -1    1    2    0    0    1    0    0 
  1310:    1    1    1    0    0    0    1   -1   -1   -1 
  1320:   -3   -1    0    0    0    0    0    0    0    0 
  1330:    0    0    0    0    1    0   -1    0    0    0 
  1340:   -1    0    0    0    0    0    0    0   -1   -1 
  1350:    0    0    0    1    0    0    1    1    0    0 
  1360:    0    0    0    0    0    0    0    0    0 
