     0:    0    0    0    0    0    1   -1    0    0    0 
    10:    1   -1    0    0    0    0    1    0    0    0 
    20:    0    0    0    0   -1    0    1    0   -1    0 
    30:    0   -1    0    0    0    0   -1   -1    0    1 
    40:    0    1   -1    1   -1    0    0    5    1    1 
    50:    0    0    0    0    0    0    0    0    0    0 
    60:    0    0    0    0    0    0    0    0    0    0 
    70:    0    0    0    0    0    0    0    0    0    0 
    80:    0    0    0    0    0    0    0    0    0    0 
    90:    0    0    0    0    0    1    0    0    0    1 
   100:    0    0    0    0    0    0    0    0    0    0 
   110:    0    0    0    0    0    0   -1    1    2    0 
   120:    0    0    0    0    0    0    0    0    0    0 
   130:    0    0    0    0    0    0    0    0    0    0 
   140:    0    0    0    0    0    0    0    0    0    0 
   150:    0    2    0    0    0    0    0    0    0    0 
   160:    0    0    0    0    0    0    0    2    8  -16 
   170:  -10    1    0    1   -1    0    0   -1   -1    0 
   180:   -1    0    0   -1    0    0    0    0    0    0 
   190:    0    0    0    0    2   -1   -5    7   -6    0 
   200:   -2    3   -2   -4    1    0    0    0    0    0 
   210:    0    0    0    0    0    0    0    0    0   10 
   220:   -3    3  -15    1    2   -7    0   15  -12   20 
   230:   12   -9   10   -1    2    7   -2    0   -2    0 
   240:    0    1    0    0    0    0    6  -17  -11   -9 
   250:   -3   -3   11  -15    4   -3    0    0    0    0 
   260:    0    0    0    0    0    0    0    0    0    1 
   270:    0  -34  -17   31   27   -6  -11  -19  -17  -11 
   280:    2    6   20   26    1  -14    6  -19  -15   -4 
   290:   19   -2    1   -8    2   12    8   -1   -4    5 
   300:    1   -7    0    1   -7   -6    4    0    0    0 
   310:    0    0    0    0    0    0    0    0    0    0 
   320:    0   -2    4   11   11   22   24   13   13    0 
   330:  -24  -22  -12  -19   -3   -4    6  -15   18    4 
   340:   -1   -1   15   27  -25  -63  -50  -19    2    5 
   350:   -1    1    0    0    2   -1    3   -5   -4    4 
   360:    0    0    0    0    0    0    0    0    0    0 
   370:    0    0    1   -1   10    2   -4    2   15   20 
   380:   20   -6  -34  -19   -7    2    1    1  -10    0 
   390:   -9   -7  -10    6  -16    6    5  -31   -4    8 
   400:   28    4   -5  -10    1    0    5    0   -4   18 
   410:    5   -3    0    0    0    0    0    0    0    0 
   420:    0    0    0    1   -6  -19  -22  -23  -16   -2 
   430:    7   28   11  -26  -13  -32    7   10   -2    7 
   440:  -16    5   10   -4   -3   -1    6    2   -2   -9 
   450:   38   29  -32  -29   -3    2    0    1    0    6 
   460:   -5   11   -9    1    0    0    0    0    0    0 
   470:    0    0    0    0    0    0    4    6  -16   -8 
   480:  -21  -14    3   13   19   29  -15  -37  -12  -15 
   490:  -37    3    7   -8  -10    8   17    2  -12    4 
   500:   -1   18   17    2  -31   17   29  -10   -5    0 
   510:   -5   -3    5   -2    1    0    0    0    0    0 
   520:    0    0    0    0    0    0    0   -1  -16   16 
   530:    9    0   -1    0    0  -15    7   15   14  -15 
   540:  -23  -19  -49  -13    5  -11  -11    0  -17   15 
   550:   -9   -6    7   19   21  -12   -5   26   28   13 
   560:  -12  -11   17    0   -1    0    0    0    0    0 
   570:    0    0    0    0    0    0    0    0    0    2 
   580:  -25   -8   10   -1    3   -4    2   -7  -42  -17 
   590:    8   35   16    5  -27  -31  -13    4   -2   -8 
   600:   16   11   -2  -16   -5   11   -2  -12   23   16 
   610:  -18    2    3    4   -1    0    0    0    0    0 
   620:    0    0    0    0    0    0    0    0    0    0 
   630:    0   -3   -1   -6   -1   -4   -2    8    2   11 
   640:   18  -12  -37    5    0   -4   20    9    5   -4 
   650:   10   -4   -8    9    6   -1    2    3   -3    3 
   660:   26  -13  -40   -6    1    0    0    0    0    0 
   670:    0    0    0    0    0    0    0    0    0    0 
   680:    0    0    0    1    2   10    0    2   -3   -6 
   690:    1  -32  -12   19   19  -10   15   12   -7   -8 
   700:   -1   -1   -3    1    3   11    3    1   -5   -1 
   710:   -3   17  -17  -19   25   13   -1    0    0    0 
   720:    0    0    0    1    0    0    0    0    0    0 
   730:    0    0    0    0   -1    5    6   10   -6   -2 
   740:   -1   -8   10   18   14  -20   -3   -1   -7  -12 
   750:   11    4    6   -3   -4    4   -4  -14    1    5 
   760:   -5    6    6   -8   -4   15  -16  -11    1    0 
   770:    0    0    0    0    0   -1    0    0    0    0 
   780:    0    0    0    0    0    0    1   -8   -3    2 
   790:    5  -14   -7   11  -12  -14  -10   27   14   11 
   800:   18    9   -5    0   -6    0  -16   -1   -3    1 
   810:   -2    1   -2   -4  -14   11   13   -4    4   -7 
   820:    0    0    0    0    0    0    0    0    0    0 
   830:    0    0    0    0    0    0    0    0    1   -4 
   840:  -15  -25    7    2  -15  -10   -3  -15   -8  -15 
   850:  -30  -14    4   -2  -11    5    3    0   15    4 
   860:    2  -14    0   -1    2    9    1   -7  -14   -1 
   870:   16  -22    0    0    0    0    0    0    0    1 
   880:    0    0    0    0    0    0    0    0    0    0 
   890:    1   -7  -12  -11   -1    3  -10  -15   10   42 
   900:   50   27   10   -3   -8  -10   -6   -6  -10   23 
   910:   13    6   -1    2    4    0   -9  -11   -4  -23 
   920:  -19   22    0   19    0    0    0    0    0    0 
   930:    0    0    0    0    0    0    0    0    0    0 
   940:    0    0    0    0    1  -10   -2    1   15   -4 
   950:    3  -17  -13    3   26    5   27   16  -18  -28 
   960:  -32  -20    9   -1    1  -16    7    3  -10    6 
   970:   -3  -11   35   15  -14  -18    4    0    0    0 
   980:    0    0    0    0    0    0    0    0    0    0 
   990:    0    0    0    0    0    0  -15   -8   -2   -2 
  1000:    4  -19  -24  -25  -33  -26    6   26   24   35 
  1010:   -2  -32  -26  -18   -9   15   -1  -10  -12  -21 
  1020:   20   23  -19   18   39   25  -38  -36   -2    1 
  1030:    0    0    0    0    0    0    0    0    0    0 
  1040:    0    0    0    0    0    0    0    0    8   -7 
  1050:   -5  -22  -14    5    3  -18   -5   -5   17   37 
  1060:   24   23    2   -9   15  -13   -2   27   -8   11 
  1070:    6   -3  -10  -15    9   -7   18   16  -19  -33 
  1080:   -1    0    0    0    0    0    0    1    0    0 
  1090:    0    0    0    0    0    0    0    0    0    0 
  1100:    1   -2   -4  -17  -16   10    7  -27   -3    5 
  1110:   34    5   24   11  -41  -13    7    2   19   35 
  1120:  -11   -4   -1  -23  -13   -1   12   10   24   12 
  1130:    8   -9    0    0    0    0    0    0    0   -1 
  1140:    0    0    0    0    0    0    0    0    0    0 
  1150:    0    0   -6   25    7  -15   -4   18    1  -25 
  1160:  -11   30   14    0  -24   13  -25    2    9  -10 
  1170:   -4    0   -5    7   -5  -32   12   15   25   31 
  1180:   20   18   19    5   -1    0    0    0    0    0 
  1190:    0    0    0    0    0    0    0    0    0    0 
  1200:    0    0    0   -1   12    2  -23   -1   -6  -21 
  1210:   17  -17    6   31    1    9  -13  -15    2   -1 
  1220:    1    1    5   -1  -15   -6  -27  -18   14   10 
  1230:  -10   17   -5   17   10    5    0    0    0    0 
  1240:    0    0    0    0    0    0    0    0    0    0 
  1250:    0    0    0    0    0    1   -7    4   -6   -8 
  1260:   -9  -10   12  -13   -6   -1    6  -12    5  -10 
  1270:    7    1   -1    1  -14  -23   15    0  -45  -19 
  1280:    3  -13  -18  -13   -2   43   33    7    0    0 
  1290:    0    0    0    0    0    0    0    0    0    0 
  1300:    0    0    0    0    0    0    0    1   -9  -14 
  1310:    4    7  -12    0   -1   -3  -15    5   12    0 
  1320:    1    6    1   -6   -9    1    2    1    0  -23 
  1330:    0   42    3    1    5   -8    9   15   -4   -7 
  1340:    1    0    0    0    0    0    0    0    0    0 
  1350:    0    0    0    0    0    0    0    0    0    0 
  1360:   -2   17    8    8  -13    8    4   -7    1   30 
  1370:    7    0   -8   17   10    4   19   13  -17   -2 
  1380:    2   -5   19    2   -3   -2  -33  -16    5  -12 
  1390:   -4   -4    0    0    0    0    0    0    0    0 
  1400:    0    0    0    0    0    0    0    0    0    0 
  1410:    0    0    0   15  -12    9   -4   10   -2   -7 
  1420:    5    8   -4   -6  -12    8  -16   -7   -4   -2 
  1430:  -20  -10  -14    4   -5  -12   13  -13    1    7 
  1440:   22   -5   13    1    0    0    0    0    0    0 
  1450:    0    0    0    0    0    0    0    0    0    0 
  1460:    0    0    0    0    0   -6    1    3   -1    5 
  1470:   -1   -6   15  -27   -5    9    9   -1   -6   -6 
  1480:   -2   -3   -7   -6  -11   12  -15   28   -9   -5 
  1490:   20    0    2   -3   -1    1    0    0    0    0 
  1500:    0    0    0    0    0    0    0    0    0    0 
  1510:    0    0    0    0    0    0    0    0   -8  -15 
  1520:  -11    3   16    2    9    0   -3    9   18  -14 
  1530:  -11   11    7    7   -3    1    3    7    4    3 
  1540:  -24   31   10   -8   12   12   14   -2    0    0 
  1550:    0    0    0    0    0   -1    0    0    0    0 
  1560:    0    0    0    0    0    0    0    0    0    2 
  1570:   17  -21   19    3  -12   -4    4    1    6  -18 
  1580:    8  -10  -16   11    8   13   -6   -4    1   -4 
  1590:   -6    0   -1   -7   -2   -1   16    6    1    0 
  1600:    0   -1    0    0    0    0    0    0    0    0 
  1610:    0    0    0    0    0    0    0    0    0    0 
  1620:    0   -2  -14   -5   20  -19   20  -21   22    7 
  1630:    4    7  -10   15    7  -17   15    9   -4   -1 
  1640:  -20   -2    9   -1   -9    5   -3    0   -8    3 
  1650:    0    0    0    0    0    0    0    0    0    0 
  1660:    0    0    0    0    0    0    0    0    0    0 
  1670:    0    0   -1    8    0   20  -17    9  -11  -19 
  1680:   14  -10   23   17   -8   10   13   -1    5   15 
  1690:   13    3   -5   27   -9   11   -4   -1    2   -1 
  1700:  -16  -32    0    0    0    0    0    0    0    0 
  1710:    0    1    0    0    0    0    0    0    0    0 
  1720:    0    0    0    0   -1    7   16   -2   27    9 
  1730:   13   -4   -1   16    1   -7   18   -1    2   31 
  1740:    0   19   -2    8    6  -13  -13   -6    2  -23 
  1750:   -3  -36   -9   -2    0    0    0    0    0    0 
  1760:    0    0    0    0    0    0    0    0    0    0 
  1770:    0    0    0    0    0    0    0   12   13   -1 
  1780:    0   -6    2    0  -15   24   -8   -4    1   -5 
  1790:    6   -4    4   -6    3    5    5    7    9   -1 
  1800:   12    5  -13    3  -15   11    0    0    0    0 
  1810:    0    0    0    0    0    0    0    0    0    0 
  1820:    0    0    0    1    0    0    0    0    2    6 
  1830:   -9  -15  -10    9   -2  -21   -9    3    3   -2 
  1840:   10   32   19  -14  -10   -1    8    3  -13    7 
  1850:   -8    4    7   -7  -14   -5    6   -3    0    0 
  1860:    0    0    0    0    0    0    0    0    0    0 
  1870:    0    0    0    0    0    0    0    0    0    0 
  1880:    0   -1   -4  -17    1   29    1    8   -7    8 
  1890:   -5   -3   12    6   -9  -21   19    4   -8    7 
  1900:   -6   -3   -1    3    9   -3   11  -11   -7    4 
  1910:    0    0    0    0    0    0    0    0    0   -1 
  1920:    0    0    0    0    0    0    0    0    0    0 
  1930:    0    0    1   16    8   24  -14    2   -5    9 
  1940:    6   -4    4    3  -25   10  -21  -18    5  -13 
  1950:   10    3  -14    3    2  -11   -1   26   -4  -22 
  1960:   -4    6    0    0    0    0    0    0    0    0 
  1970:    0    0    0    0    0    0    0    0    0    0 
  1980:    0    0    0    0    3   -9   11    5    5   18 
  1990:  -18  -15  -14   -1   19  -11    3   -7   13    7 
  2000:    6    5   -7   -8    7    1   -1    4  -12   -1 
  2010:    6    3  -10  -17    2    0    0    0    0    0 
  2020:    0    0    0    0    0    0    0    0    0    0 
  2030:    0    0    0    0    0    1  -11  -10   22   -2 
  2040:   22   11  -20  -16  -12    0   -4    7  -18   -2 
  2050:   13    7  -14   -8  -18   -9    7    0   -2    6 
  2060:   17   16   10    5  -10   -2    0    0    0    0 
  2070:    0    0    0    0    0    0    0    0    0    0 
  2080:    0    0    0    0    0    0    0    0   -2    0 
  2090:    2   13   -3    7    3    6   10    4    8    5 
  2100:   25  -12   13   -1  -31   -1   17    2    7   15 
  2110:    3    3   20   -3  -17  -10   -2    7   -1    0 
  2120:    0    0    0    0    0    0    0    0    0    0 
  2130:    0    0    0    0    0    0    0    0    0   -4 
  2140:   30   -5   13   -7   12   -7   18   -8    3    2 
  2150:   -5    0    8   13  -13  -29    9   11    7   11 
  2160:   -2   -6   11   13    2   11    9    1   -8    1 
  2170:    1    0    0    0    0    0    0    0    0    0 
  2180:    0    0    0    0    0    0    0    0    0    0 
  2190:    0   -5   20   14   14   -1   -5  -12    8   -1 
  2200:    7   -5    0   -2    8   -4    5   -3   13    3 
  2210:    4    3   -2    4  -26    9    8   -1   11  -16 
  2220:   -4   26    0    0    0    0    0    0    0    0 
  2230:    0    0    0    0    0    0    0   -2    0    0 
  2240:    1    1    2  -18  -19    5   -7   21    2   21 
  2250:    4   -9  -12   -4    7    5    5    7   13    0 
  2260:    0    3    4    3    0   10   -8    5    1    7 
  2270:   16   -5   10   14   -8    0    0    0    0    0 
  2280:    0    0    0    0    0    0   -1   -1    6    0 
  2290:    2   11   -5   12    2   12  -19  -18  -29   10 
  2300:   31    9   16    8    7   -9    0    3   -7    0 
  2310:  -22   18    8   13   -2    1   12    2   -7   10 
  2320:  -16  -11   13   10   10   -6  -18    0    0    0 
  2330:    0    0    0    0    0    0    1    5    7    3 
  2340:  -11   -4   -9  -38   12  -15    0   -1   19   13 
  2350:  -11  -27    7   27  -16   14    3    6    7    2 
  2360:   12   -8   -7   10    5    0   -3   -3   -3    5 
  2370:    6   -5    6   -8   -4   14   -4   -4    4    0 
  2380:    0    0    0    0    0    0    0    0    3   -4 
  2390:  -38    9    0    0   11   12   -4    6  -17   12 
  2400:  -30  -12    5    5    4  -19   15   -8   -3  -15 
  2410:    0    0   -6    2    1   -1    0   -9    0    9 
  2420:    2   -4    2   -2    2    0    2    2   -2   -2 
  2430:    1    3   -2    6   -2   -1    2    1    1   -6 
  2440:    2   17   20   -2    7   21  -39  -10   27  -12 
  2450:  -11  -17   34  -20  -15   37    4   12  -29   18 
  2460:  -47   19   -4   11  -19    1    0   -1    1   -4 
  2470:   -3   -1    2   -3    3    0   -1    1    2    2 
  2480:   -2    1   -1    0    0   -3    8   -1   -1    1 
  2490:    1   -6    1  -38  -16   29 
