     0:    0    0    0    0    0    0    0    0    1    0 
    10:    3   -2    0    0    0    1    0    0    0    0 
    20:    0    0    0    0    0    0    0    0    0    0 
    30:    0    0    1    0    0    0    0    0    0    0 
    40:    0    0    0    0   -1    7   -6   -3    1   -1 
    50:   -2   -1   -2    2    0    0    0    0    0    0 
    60:    0    0    0    0    0    0    0    0    0    0 
    70:    0    0    0    0    0    0    0    0    0    1 
    80:    2    1    7   -1    0   -4   -1   -2    2   -3 
    90:    7   -2    1   -1    2    0    0    0    0    0 
   100:    0    0    0   -3    7   -5    2    0    0    0 
   110:    0    0    0    0    0    0   -3   -2    2   -1 
   120:    3    3   -1    0    7   -2    2    2    0    0 
   130:   -3    3    0   -2    2   -3    0   -2    1    1 
   140:   -2    5   -1    2    0    0    0    0    0    0 
   150:    0    1   -7    6   -2    2  -11    4    8    0 
   160:    5    1   -4    0   -2    0   -1    0   -2    3 
   170:   -2    0    0   -3    4   -3    6   -5    9   -3 
   180:    7   -1    0    0    0    0    0    0    1   -3 
   190:    0    9   -2   -9    2    1   -1   -3    3    0 
   200:   -3   -1    0   -2    0    3    3   -1    1    0 
   210:    0   -5    2    1    2    4    4   -2   -8    1 
   220:    0    0    0    0    0   -3    8   11   -9    0 
   230:    7   -8   -2    4    1    2    3   -3    1   -7 
   240:    1   -1    2    2   -4    3   -2   -2    0   -3 
   250:    6    6    0    3    2    5   -1    0    0    0 
   260:   -1    1   -7   25    2  -12    1   13   -2    5 
   270:    6   -1   -2    0    2    1    3    5   -2   -2 
   280:   -2    0   -4   -1   -1    0    2    7   -5   -5 
   290:   -1  -12   18   -2    0    0    0    3  -16   22 
   300:   -7   -1    4    4    8   -1  -13   15  -12    3 
   310:    2    0    0    3    3   -5    4   -4    0   -2 
   320:   -5   -3    1   -1   -1   -1    8  -12   10   -9 
   330:    3    0    0   -1    0   -1    8   21  -25   17 
   340:   -1   -3   16  -24    9   -9   11   -9    2   -2 
   350:   -3    5   -5    8   -2    1    0    7   -4    9 
   360:   -5   -2    1   -2    6    0   -4   -7    0    0 
   370:    1    0   23  -21   -5  -32   32  -22   -6  -18 
   380:  -34   13  -18   -2    7   -6    0   -3    2   -4 
   390:   -1   -1   -5    1   -1   -6   -1   -6   -2    3 
   400:    1   -8    0   -2    4   -1    0   -3    5  -24 
   410:   -7    3   12  -10  -18   -5    2   21   20  -35 
   420:   22   10  -28    7    1    1  -15    5   -5    0 
   430:    0    1   -5    1    0   -7    3   -5   -6    0 
   440:   -1   -4    1    0    2   -7    6   -8   35   -2 
   450:    4   33   15    2   -7  -23   17   13  -21    3 
   460:    5  -13    5   -1  -16   -5    8    0    0   -2 
   470:  -14    9  -15   -2    4   -4    2   -3   -3   -4 
   480:    0   -2    4  -23   16    3  -31  -12  -15   -5 
   490:    6    1    5   -9   -5    1    4   16   -1    8 
   500:    4  -11    5    1    2   -4   17  -26   -4   -1 
   510:   -7    3    1   -5    0    4    0    0   -3    3 
   520:  -16  -13  -25   20   19   12    0    0   -3   -1 
   530:    9    5    7   -6  -14   25   -2   -4   10    5 
   540:   -9    9   -4    3   -9    5   -3  -11   14   -9 
   550:   10    1    6   -5    1   -4   25   12    3   32 
   560:  -12   11   -7   -1   -3    1   -1   -7    5  -14 
   570:    1  -34  -27    7   -4   -1    0    0    3   -1 
   580:  -10   -1    2   10  -17   14   -6   -2   -6    4 
   590:   -7    2    0   15   19   25    0    6    2    2 
   600:    4   -3   -6    3  -13   -5  -14  -11   -1  -20 
   610:   -3    0   16   -6    2   -1    0    0    2   -1 
   620:    1    0    0   -1   -9    3   -5   -2    1    3 
   630:   -8   13   10  -15   -9    8   -7   -5    1   16 
   640:   -3   14  -11  -15  -14  -19   31  -22   14    3 
   650:   -7    1   -2    0    1    2   -1   -4    2    0 
   660:    2    4   -3   -3   -5    1    1   -6    5    5 
   670:    4  -18  -13   11    2    5  -10   -2   15    3 
   680:  -21  -16  -26   24  -20   10    5   -8   -1   -1 
   690:    2    7    0   -3    4    1    1    0    3   -8 
   700:    0   -6    2   -9    0    1   -8   20  -27   31 
   710:   -6   -3  -19    6   22    3    7   -3   -9   -5 
   720:   11   -7    2    0    1   -5    0   -4    0    0 
   730:   -2    6    2   -3    5   -2    0    2   -4    0 
   740:   -8    3   -1  -11   19  -12    9  -27    2  -33 
   750:    0    5   -3   -3    1    3   15   -2    6   -2 
   760:   -1   -5    5   -2   -1    3    4   -3   -1    1 
   770:    4   -6    2    0    4   -1    0   -7    5    2 
   780:   -2   12   -3   -1    8   11  -13    2   12    4 
   790:  -12    4    3    9   -1    4   -3  -11    2    1 
   800:    3   -1    8    4    1    4   -1    1   -2    0 
   810:    3    1    6   -1   -3    8   -2    2    1    4 
   820:    6   -4   -1   -4    4    0    0    3    1   -5 
   830:    7   -7    3   -2    3    2    6   -1   -1    2 
   840:   -1    0    7   -7    3    2    8  -12   -1    0 
   850:    0   -3    5    1    9   -1    0   -2    2   -1 
   860:    3    1   -1   -2    4   -1    3   -2    2   -3 
   870:   -5    0   -2   -4    0    2   -1    3    1    0 
   880:    0   -3   -2   -4    1    1    0    0    0    1 
   890:   -1   -2   -1   -1    1   -4   -3   -2    4   -4 
   900:    3   -6    3    3  -13    5   -3    0   -4   -1 
   910:   -2   -4   -1    0   -3   -1    1   -3    0   -6 
   920:    3    7    2    0    0    0    1    0    4   -5 
   930:    2   -6   -2   -6    0   -1   -5    2   -6   -1 
   940:    3    0    4   -3    2    3    3   -3    9    0 
   950:   -2  -11    0   -6    4   -6    5   -6    3    4 
   960:    0    0    0   -1   -5    0    3   -4   -1    2 
   970:   -3   -2    1    0    3    7    6   -1   -1    0 
   980:    4   -4   -4    3    5   -3    1    0  -11    1 
   990:   -2    0   -2    0   -2   -2    1    0    0    0 
  1000:    0   -4    4    3   -3    0    0   -2    0    1 
  1010:    1   -5   -3    6   -9   11   -4   -8    6    3 
  1020:    9    3    4   -3   -8    8   -2   -5   11  -13 
  1030:    0   -8    9   -2    0    0    0    0    1    2 
  1040:   -2   -1   -5    4    2    5   -5    5    7   -8 
  1050:   13   11    2  -11    1   -1    3   -5    9    2 
  1060:   11    1   12   -4    5   -4   -3   -4  -12    3 
  1070:   -1    0    0    0    0    0    0   -2    1    0 
  1080:   -4    8   -1    0   -4   11    7    6    7   -4 
  1090:    0    3    2    1    1    0   -1    2   -5   -8 
  1100:    2   -1    9    1    6   -7    2   -1    0    0 
  1110:    0    0    0    0    0    1   -5   -2    3   -1 
  1120:   -8   10    1   -6    9   -6    9    0    4   -6 
  1130:   -7   -1    1   -4   -3    0   -1    3   -3   -2 
  1140:   -1    9   -2    2    0    0    0    0    0    0 
  1150:    0    0    0   -3    7   -7    6    3    1   -2 
  1160:   -9   -5    1   -1   -2    3   -6    3    1   -6 
  1170:    5    2    7   -1    3    1   -4    0    3    4 
  1180:   -1    0    0    0    0    0    0    0   -1    5 
  1190:    2    0   -2    6  -12    0   -7    4    2    2 
  1200:   -2    9   -6    4   -1    1    1    2  -12   -1 
  1210:   -7   -3    4   -1    5    3    3    0    0    0 
  1220:    0    0    0    1   -3   -2   -1   -2   -1   -3 
  1230:   -5   -1   10   -5    3   -1   -7    5   -9   -1 
  1240:   -1    1    2   -3   -7    5   -1   -1    2   -3 
  1250:    0   -1   -5    0    0    0    0    0    0    0 
  1260:    0   -1    2    3    1   -5   -9    1   -6    0 
  1270:   -2   -1    3  -10    6    1    0    4    0   -7 
  1280:    3    5    4   -1    2    3   -2    1    0    0 
  1290:    0    0    0    0    0    2    3   -4    1   -3 
  1300:   -6    5   -9    3   -9    8    0    2    4    8 
  1310:    5    2    1    1    3   -2   -7   -3    0   -6 
  1320:    6   -9    1    1    0    0    0    0    0    0 
  1330:    0    0   -1    1   -5   -2    5   10    2    3 
  1340:    5   -1   -2   -3    0    3    0   -4    1    2 
  1350:    1   -7    6   -1   -6    3  -10    2    1    0 
  1360:    0    0    0    0    0    0    0    0    0   -3 
  1370:   -6    0    3   -1   -2    3   -2    0   -1    0 
  1380:    0    0   -1    0    0    1   -1    0    0    0 
  1390:    0    1    0    1   -1    0    0    0    0    0 
  1400:    0    0    0    0    0    0 
