     0:    0    0    0    0    0    0    0    0    1   -9 
    10:    7  -14   10   -8   -6    0    1    1   -1    0 
    20:    0    0    0    0    0    0    0    0    0    0 
    30:    0    0    2   -4   -1    0    0    0    0    0 
    40:    0    0    0    0    0    2    2   -5    9  -13 
    50:   26    1   -9   -5   -1    1   -2    1    0    0 
    60:    0    0    0    0    0    0    0    0    0   -1 
    70:    2    0    0    0    0    0    0    0    0    0 
    80:    0    0   -2    6    1   -3   10  -19   17   20 
    90:   19   22   -2   10   -7    0    0    0    0    0 
   100:    0    0    0    1   -1    2   -1    0    0    0 
   110:    0    0    0    0    0    0    0   -1    2    5 
   120:   -2   -1    2   -8   12  -11    1   -8   -8    0 
   130:  -23   16    0    2   -3    2    1    2   -2    1 
   140:   -4    0   -6    1   -1    0    0    0    0    0 
   150:    0    0    0    3    1    0   -4    1   -1   -2 
   160:   -2   -9    2  -11   13    6   20   16  -11    4 
   170:   -1    4   -2   -2   -6    4    0    4   -1    0 
   180:   -5    1    0    0    0    0    0    0    1    0 
   190:    1    5   -2    3   -3    1    2    0    2    8 
   200:  -13   -9  -12  -24   -8    3   -3   -2   -1    4 
   210:   -2    1    0   -1   -3    2    0    3   -1    0 
   220:    0    0    0    0    0   -3   -1   -1   -1    4 
   230:   -4   -2    1   -1   -2    0   -5    6    2   15 
   240:   17   -4    0   -2    1   -1   -1    0    1    1 
   250:    0    0    0   -3   -1   -6    1    0    0    0 
   260:    0    0    1    2    1    2   -2   -1    2    5 
   270:    4    2    1    5  -10   13  -16  -12   -2    1 
   280:   -1    0    0    3   -1   -2    0    5   -1    4 
   290:    5    2    4    0    0    0    0    0    0    2 
   300:   -1    1    2   -3   -2   -1    1   -2    2    1 
   310:    1    3   -5   39   -8    4    0    2    2   -1 
   320:    0    1   -2    2   -2    1    0   -1    1    1 
   330:    2    0    0    0    0    1   -1    4   -1    1 
   340:    5   12    0    1    1    2    1    3   -5   23 
   350:  -16    3   -2    2    1   -1    0    1    1   -1 
   360:    4    3   -3   -2   -3   -3    5   -2    0    0 
   370:    0    0    1   -1    2   -1    1    2   -6   -1 
   380:    0   -2   -2   -1    0    2  -22    7    5    1 
   390:   -2   -2    0    2    0    0    1    4    1    1 
   400:    2   -2    0    2   -1    1    0    0   -1   -3 
   410:   -1   -2   -1   -2   -1    0   -1   -4   -4   -1 
   420:   -2    0   -2    8   -5   -5   -1   -2    0   -2 
   430:    1    2    0    2   -1    2   -7    2   -1   -4 
   440:    0   -3   -3    0    0    2   -2   -3    0   -1 
   450:    1    0    1   -3    1   -3   -4   -1   -2   -2 
   460:   -8   -1   -2    2   -3   -3   -2    0   -1    1 
   470:   -2   -1    3    2   -3    2    0    0    1   -4 
   480:    0    0    1    1    0   -2    1    1    2   -3 
   490:    0   -1    2    2   -2   -1   -4    4    7   -1 
   500:   -1   -2    1    0    0    1    1   -1    2   -5 
   510:   -2    2   -4   -7   -1   -4    3    0    0   -1 
   520:    1   -3    3    0   -2   -2    2    0    0   -2 
   530:   -1    2    2    0   -2   -2    6   -3    1    0 
   540:    0    0    1   -1    4   -2    1    3   -5    2 
   550:   -3   -2    2   -3    1   -1    6    0    1    2 
   560:    4    0    2   -1    1    0    1    0    2    1 
   570:    0    2    2    1    2    3    0    0   -6    3 
   580:   -4    1    2   -3   -7    2   -1   -2    4   -6 
   590:    0   -1    0    0    1   -1    0   -3    0    2 
   600:   -2    1    2    3   -1   -3    2   -2    1    0 
   610:    1    3   -4    2   -3    6   -1    1   -1   -3 
   620:    1   -4   -2    1   -1    5   -3    0    1   -1 
   630:    0   -1    5    3    1    0    3    3    0   -2 
   640:    0    4   -3    0    0    0    0    0    2    3 
   650:    2    1   -8    3   -3    2   -2    2   -1    2 
   660:    4    2   -1    3    1    0    1   -2   -2    0 
   670:    0    0    1   -2    1   -1    1    2    1    0 
   680:   -1    0    3    0   -1    3   -4   -3   -1    3 
   690:    0    3   -3    0   -2    0   -4    1   -2    0 
   700:   -2   -3    0    0    1    0    0    3   -1   -1 
   710:   -1   -2    3   -1    0    1    0    1    2   -1 
   720:    1    2   -1    4    2    3   -2   -3    1    1 
   730:   -2    2    3    0    3   -2    2    0   -4    1 
   740:    0    0    0    2    0    1    1    1    4    1 
   750:    0   -1    1    0    4    0    3    0    1    5 
   760:    3   -3    0    0    7   -7    1   11  -16   -1 
   770:    4    5    3    1    2   12   -1    0   -2    0 
   780:    2    3   -2   -1   -2   -1   -2   -2    0   -1 
   790:    0   -4   -5   -2    0    5   -2   10    5    0 
   800:   -8   -8    3   -7  -11   11   -5    5   -2    3 
   810:   -9   -9   -5    0    0    0    1   -1   -1    4 
   820:   -3    7   -7    8    4    1    1    1    5    0 
   830:    2   -8   -1   16   -4  -12   14   -4   26   12 
   840:    3    3   -8    7   -2    6   -3   16   25    0 
   850:    1    0    0   -1    2    9   -5   -5   -3   22 
   860:   12   -2    3    0    1   -6   -4    1    6   -7 
   870:    3  -22   26   20   10    7    3    5    4    5 
   880:   -4   -1    9    0   -9  -26    0   -1    0    1 
   890:   -2   10   -6    6   -2    6  -23  -25   -6   -6 
   900:    8   -1    4    1    1    8   11   12   24   25 
   910:    0   -8  -14  -17  -18    2   -4    1    0   -2 
   920:   11   -5   16   -1    0    1   -3    4  -10   -1 
   930:    4   -5   -1   11  -27  -13   22    7  -22    7 
   940:    3   19   27    9   -8   -7  -12   -4    1    5 
   950:   -1    3    0    2   -5    0   -4  -17    1    0 
   960:    0    0    0   -1  -11    4   -3   -4    7    2 
   970:  -16  -12  -19    6    6  -25   -7  -13   20   11 
   980:   -2   -8   -8   -2   -5    4    2    4    6   -2 
   990:   -7   -3   -1    2    0   -3    0    0    0    0 
  1000:    1   -4    2   -5    3   -9    0   18  -16  -15 
  1010:   16    1   28   17    2   16   17    1    5   24 
  1020:    8   -3  -14    0    3  -13    0    5    5    6 
  1030:    0    3  -10    0    0    0    0    0   -1    3 
  1040:   -4   -1   -7  -19   -7   14  -12    6   14  -14 
  1050:    5    4   14   15   12   -2  -12   -1    0    0 
  1060:    0   -5    0   -6   -4   -4    6   -1    6    4 
  1070:   -1    0    0    0    0    0   -1    3   -6    7 
  1080:    4    6    9   17    7   -2    9    7    0    0 
  1090:   -6   -8    1    8    0    3   -2    1    3    3 
  1100:   -1    8   -3   14  -12  -19    6    0    0    0 
  1110:    0    0    0    0    0    0    4    7   -4    4 
  1120:   -4    3    6    0   -4   -2    0   -5   15   -1 
  1130:    8    5   -1    9   -4    2   -6    8   -6    0 
  1140:   -6   20    8   -3    0    0    0    0    0    0 
  1150:    0    0   -2    4    2   -1    3  -17   14   10 
  1160:    0   15   -2    0   15  -19   14  -18   -7    1 
  1170:  -14   14    7  -10    0   -8    5  -21  -10  -12 
  1180:   -2    0    0    0    0    0    0    0   -1   16 
  1190:  -17   15   -5   21  -15    1    4   18  -15    3 
  1200:    5    2   15   -5    8   -3    0   -1   -4   -6 
  1210:   10   -4    6   -1    3   -3   11    0    0    0 
  1220:    0    0    0    0    2   -3    0   13   -4  -19 
  1230:   18   12  -23   13  -12   15  -10   -1    6  -13 
  1240:   12   14   -5    2    4    3    0   -3    3   -1 
  1250:    1    5    9   -3    0    0    0    0    0   -1 
  1260:    1   -7    2   -3    5   -4   -1   -1   -5    5 
  1270:   -7   15   -1    4    7  -11   14  -24   -8   10 
  1280:    4   -3    3   -1    4    1    0   -1   -1   -2 
  1290:    0    0    0    0    0    2    3   -2    1    2 
  1300:    5   -4   11   -1   -5   -3    4   -3    7   -3 
  1310:   10    0   10  -11    9   -9   -8   -2    1   -2 
  1320:    3    1   -2   -7    1    0    0    0    0    0 
  1330:    0    0    0   -9    2  -11   -5   -5   -3  -10 
  1340:  -15   -5    0  -12    6   -7    0   -8    2   -7 
  1350:    0   -4   11   -2   -2   -5    0   -3   -1    0 
  1360:    1    0    0    0    0    0    0    0    0   -2 
  1370:   -1   -3    2   -3   -3    0    0   -2   -4   -5 
  1380:   -3   -5   -3   -6   -3   -5   -3   -5   -3   -5 
  1390:   -3   -4   -2   -3   -3   -3   -3   -3   -3   -3 
  1400:   -3   -3   -3   -3   -2   -2 
