     0:    0    0    0    0    0    0    0    0    0    0 
    10:   -1    1    0    2    0    0    0    0    0    0 
    20:    0    0    0    0    0    0    0    0    0    0 
    30:    0    0    0    0    0    0    0    0    0    0 
    40:    0    0    0    0    0    0    8    1    4   -2 
    50:   -1    4    1    0    0    0    0    0    0    0 
    60:    0    0    0    0    0    0    0    0    0    0 
    70:    0    0    0    0    0    0    0    0    0    0 
    80:    0    0   -5   -1   -1   -1    2   -1   -6   -2 
    90:    4    0    0    0    0    0    0    0    0    0 
   100:    0    0    0   -1    0    0    0    0    0    0 
   110:    0    0    0    0    0    0    1   -1    0    0 
   120:    0    0   -4    6   -2    0   -1    0    0    2 
   130:   -3    2    0    0    0    0    0    0    0    0 
   140:    0   -2    2    0    0    0    0    0    0    0 
   150:    0    0   -1    0    0   -1    0    0    1    0 
   160:    1   -2    1   -1    0   -4    2   -1    2    0 
   170:    3    0    1    1    0   -2   -2    0    0    4 
   180:   -1    0    0    0    0    0    0    0    0    2 
   190:   -2    1    5   -1    0   -1   -1    2    0    0 
   200:   -1    3    1   -1    0   -1   -1   -2    0    0 
   210:    0    2   -1    2    1    1    1    2    1    0 
   220:    0    0    0    0    0   -1   -3   -1   -1    0 
   230:   -2   -1   -1    0   -1   -1    0    3    1    3 
   240:    0    1    1    0    0    0    1    0    2   -2 
   250:    0    3    0    0    0   -3    0    0    0    0 
   260:    0    0    0    0    0    4   -5    1    4    0 
   270:    2   -1   -1    0   -1    0    0   -2    0    1 
   280:   -5   -2    1   -1   -2   -2   -1    1    3    1 
   290:  -10   -1   -1    0    0    0    0    0   -1   -3 
   300:   -5    0    0   -4   -4    0    0    0    1    2 
   310:    0    1    1   -2    1    1    0   -1    0   -1 
   320:    0    4    5   -1    1    0    4    3   -3   -1 
   330:    1    0    0    0    0   -1    0    1    1   -3 
   340:   -8   -3    8    2    3   -1   -2    2   -2    3 
   350:    1   -1    2    3   -1   -2    0   -1    1    0 
   360:    0   -4    3   -1    1   -4   -1    0    0    0 
   370:    0    1    2    1   -3    0    3    7    7   -5 
   380:   -5    1   -2    0   -2    0    4    2    3    4 
   390:    2    2    0   -2    0    1   -2   -1    0    3 
   400:    1    4    0    5    0    0    0    0    0   -8 
   410:   -4    6    1   -5   -3   -6    4    5    3   -4 
   420:    0    1    2   -1    1    5   -5   -1   -2   -2 
   430:   -1    0   -1   -3    2    0    4    0   -3    8 
   440:   -1   -1    0    0    0    2    7   -5    3    4 
   450:   15    5    1    1   -4   -3    3    0   -2   -6 
   460:    1   -1    0   -2    5   -2    2    0    0    5 
   470:    3   -4    0    1   -3    9    1    3    1    0 
   480:    0    0   -4   -2    6    1   -2   -8   -6   -4 
   490:   11    3    8   -8    1    7  -12    2    3   -4 
   500:   -3    0   -4    2    0   -2    0    0   -5   -3 
   510:    1   -4   -2   -2    0   -4    0    0   -1    3 
   520:   -5  -13   -7    9    7    6   -4   -8   -4   18 
   530:    7   -6   13   11    4   -8    6    0   -1    0 
   540:   -2   -2    1   -2   -7    1    6    0   -2    1 
   550:    1    2   -1    2   -1    0    1    1    4    5 
   560:  -16    1   -2  -11   22   19   -8   -4   -1   11 
   570:   -9   -1    1   -5    2    6   -5    0   -2    1 
   580:    0    6    1   -1    3    2   -5   -2    3   -1 
   590:    1    0    0   -3    0    3   -3   10    0  -19 
   600:   10   -7   18   -7   14    0    4   -2   -1    1 
   610:    6   -1   -2   -2    1    4    0    1   -2   -1 
   620:   -1    2    0    4    2   -1   -4   -1    0    0 
   630:    3   -1   -3    4   -8    6   -6   16    0  -19 
   640:    7   -9    8   -3    0   -1   -3    0    2    2 
   650:   -2    3    4    2    2    1   -1   -1    0   -1 
   660:   -2    0   -3   -1    0   -1   -1    0    0    0 
   670:   -2   -2   -4    6  -11    8   14   -7    4    0 
   680:    2    0    0    0   -1    2    2    0    2    2 
   690:   -5    0    1    2   -2    1   -2   -2   -3   -2 
   700:   -2   -2    0   -2    0    0    1    0   -2   -1 
   710:    5   -9    0   -6    2   -3   -1   -1    1    0 
   720:    0    1   -1    0    1    0   -4    0   -1    2 
   730:    1    0   -3   -1    0    1   -1    2    2   -1 
   740:   -1   -1   -2   -2    2    1   -1    0   13   -3 
   750:    3    5   -1    2   -4    3    1   -2    0   -1 
   760:    1   -1   -2    0    3   -1   -3    0   -2   -1 
   770:    2   -1    2   -1    4    2    0   -2   -1    5 
   780:   -1    2   -3    2    2    4    0    1    0   -1 
   790:   -4   -2   -3    0   -1    1   -2    2   -2   -1 
   800:   -1    3    1    0   -1   -3    0    2   -1    0 
   810:    0   -2   -1    0    1    2    2   -3   -1    2 
   820:   -2    1    5    4    0   -2    0    3    1    0 
   830:    2    0   -4   -1   -2    2    0    0   -1    1 
   840:   -1    1    0    0    0    1    1    1   -2    0 
   850:    0    1   -1    3   -1    0   -4   -2   -3    2 
   860:   -1   -1    0   -3    0    1    4    2    2    0 
   870:    0    6   -1   -1    2    0    1   -2   -2    2 
   880:    2    3    2    1   -3   -2    0    0    0   -4 
   890:    1    0    5    0    1   -1    2    6    0   -1 
   900:   -1    2    3    0    0    1    4    2    5    0 
   910:    7    0   -1    3   -2   -2   -2   -1    3    4 
   920:    0    2    2    0    0    0    3   -2    0    1 
   930:   -2   -2   -1    5   -2    0   -4    1    5   -6 
   940:    0   -1    0    3   -2   -8    3   -5    7    4 
   950:    5   -5    2   -1   -2   -2   -4    2    0   -1 
   960:    0    0    0    0    3   -2    0   -2    1   -1 
   970:   -5    0   -2   -1    2    3    9    8    3   -6 
   980:    1    1    0   -9   11   -6    0   -5   -1   -1 
   990:    1    3   -3   -8    0    1    1    0    0    0 
  1000:    0   -1    3    1   -1    4   -3    4    0    6 
  1010:   -2    4   -3   11    3    0    5    1   -2    4 
  1020:   -6    0    2    3    1   -1   -1    6    0   -4 
  1030:    7    1   -1    0    0    0    0    0   -2    0 
  1040:   -1   -1    1   -4   -2    0    0   -1   -1    1 
  1050:    4   -1    0    1    2   -1    9    0   -8    0 
  1060:    4    7    2   -2    6   -1    8   -1   -3    2 
  1070:    0    0    0    0    0    0    1   -2    2    4 
  1080:   -5   -5   -2    4   -1    4    4    6   -7    3 
  1090:   -8   -2    1    2    0   -1    1    1    1   -1 
  1100:    1   -2    1    4   -1   -3    0    0    0    0 
  1110:    0    0    0    0    0   -1    7    5    4    3 
  1120:   -1   -4    5   -8    5   -5   -3    2   -1    5 
  1130:    2    0    0    0    0    3    3    2    2    1 
  1140:    3   -3   -3    1    0    0    0    0    0    0 
  1150:    0    0    0   -1    0   -4   -5    6   -3   -3 
  1160:   -1    0   -1    9    0    2   -1    4    1   -2 
  1170:   -2   -3    0   -6   -6    5    3    5    3    2 
  1180:    0    0    0    0    0    0    0    0    1    0 
  1190:   -1    3    0    1    6    0    2    0   -3   -1 
  1200:    1    1    8   -5    2   -1   -1    0   -1   -1 
  1210:   -7   -1   -1    3   -3    0    1    0    0    0 
  1220:    0    0    0    0   -1    1   -1   -7    2    1 
  1230:   -2    3    0    6   -2   -1   -3   -3    0    2 
  1240:    4   -5    2   -2    0   -2   -4    0  -11    2 
  1250:    0    2    1    0    0    0    0    0    0    0 
  1260:    0    2    1    4    1   -7    3    2    1   -1 
  1270:   -1   -3   -1    2    1    4    1   -3   -1    1 
  1280:    2   -5   -4   -2    1    0    2    1    0    0 
  1290:    0    0    0    0    0   -1    0   -1    0   -8 
  1300:    4    0    4   -7   -5    7   -2    1   -1    5 
  1310:    4   -1    2    2    2    3    4   -7    4    2 
  1320:    0    2    0    0    0    0    0    0    0    0 
  1330:    0    0   -4    2    1    0   -2    3    0    2 
  1340:   -1    3   -2    0    3   -4   -1   -1    4    0 
  1350:   -1   -3    3    1    5   -3    0   -5    2    0 
  1360:    0    0    0    0    0    0    0    0    0   -2 
  1370:    1    0   -2   -1    2    2    0    0    1    0 
  1380:    0    0    0    0    0    0    0    0    0    0 
  1390:    0    0   -1    1    0    0    0    0    0    0 
  1400:    0    0    0    0    0    0 
