     0:    0    0    0    0    0    0    0    0   -1   -1 
    10:   13    3   11   11    2    1   -1   -2   -1    0 
    20:    0    0    0    0    0    0    0    0    0    0 
    30:    0   -1    9    6   12   -1    0    0    0    0 
    40:    0    0    0    0   -3   13   -2   11  -12    6 
    50:    4   -4    2    3   16    5   -2   -1    0    0 
    60:    0    0    0    0    0    0    0   -1   -2   -1 
    70:   -3   -2    0    0    0    0    0    0    0    1 
    80:    1    5   -5    2    7   -7   -3   -7  -14   -6 
    90:    6    1  -11   -1    8   -3    0   -1   -1   -1 
   100:   -1   -1   -2   -1   -9    8   -2    0    0    0 
   110:    0    0    0    0    0    0   -2  -10    6    3 
   120:   -3   -2   -4   -2   -1    1    7    7    8   16 
   130:    1  -28    9    8    4   11    5    8    6   11 
   140:   20   -8    6    8   -2    0    0    0    0    0 
   150:    0    0    1  -13   -2   -3    2   -9   -4    2 
   160:    3    0   -7    0  -16   -6  -10   -1   -3   12 
   170:  -21    6   -9   -3  -18    8    7   14   -4    3 
   180:    1    6   -1    0    0    0    0    0    0   12 
   190:   -6    2   -5    3   -1   -1   -2    1   -1    1 
   200:   -7    2   17   10   -5   10    0   -3    4    7 
   210:    2    2    4   -9   -5   -1    7    1    2    0 
   220:    0    0    0    0    0   -2    4    0    0   -4 
   230:   -4    9   -5    0   -1    2   -3   -6   15   -5 
   240:    8    4    5   -4   -4   -5   -1   -1    5    2 
   250:   12   -4    3    1    1  -10    1    0    0    0 
   260:    0   -1    5    4   -6    8  -11    4    4  -10 
   270:    2    4   -1    1   10   -4  -10   -8   15   -1 
   280:    9   -1    3    2    5   -7   -3    5    7    9 
   290:    2    6   -4    0    0    0    0    0    0    1 
   300:    2   -7    0    3   16    0    9   -3    2    4 
   310:    3    6   -1    2    1    7    1    3   -4    3 
   320:    3   10   -4    2    1    4    4    3   -6   -2 
   330:    8   -2    0    0   -1    1   -4    3   -4   -8 
   340:   13    1   -2    0   -1   -2   -1   -2    0    1 
   350:    7   -6   -5   -3   -2    0   -5    0   -1    4 
   360:    0  -13    0  -12  -10    2    1  -12    0    0 
   370:    0    0    5   -3    3   -2   -4    2    5    4 
   380:   -3    1    1    5   -1    8    4   -8    2    4 
   390:    6    0    1   -2    2    1   -4    2   -1   -7 
   400:    7    6   -5    6    2    1    0    0    0    3 
   410:    0    5    0    6    2    6    3    2    2    2 
   420:    2   -1    1    3   -2   -4   -1   -2    1   -3 
   430:    1    3    0    3    2  -13    1    1    7    7 
   440:    0   -4    3   -1    0    3    2    7    2    0 
   450:    3   -1    0   -4   -1   -1    0   -1    0   -4 
   460:   -2    5   -8   -1    2    0    4    2    1   -1 
   470:    1   -9    2   -1    6   -6    4    0   -6    3 
   480:   -1    0   -1   -4    8   -9    3   -6   -8   -9 
   490:   -4   -2   -2    0   -5   -5   -4   -7   -8   -4 
   500:    6   -1   -5    4   -4    2   -4    0    1    2 
   510:   -5   -5   -2   13   -6   -2  -10    0    0    3 
   520:    9    0    2    1    1    0   -1    8    7    3 
   530:    7    8    6    2    3   -2    4    7    4    2 
   540:    6   -5    3   12    2   -5    7   -1   -5    7 
   550:    3    0    0    7    1    0   -6   -5   -5    4 
   560:    4   -9   -1   -2   -3   10    0   -6    4    4 
   570:    3    1    5   -3    1   -1    6    0    0    0 
   580:    3    3    9    3   10   -1    9    5    0   -4 
   590:    1   -1    2  -13    4   -2   -9    9   -3    2 
   600:    3   -1    0    1   -1    0   -3    4    4   -1 
   610:    0    1   -7    4   -2    1   -3    2   -1    0 
   620:    2  -10    5    1    5   -2    6   -7   -2   -1 
   630:    6   -5    3    0   -5   -1   -2    0    4    1 
   640:   -2   -1   -1    1   -3    4   -4    7   -4    2 
   650:   -2    4   -3  -11   14   -6   -2    0   -9    2 
   660:    4    2    1    9  -10   -3    0    0   -5   -6 
   670:    0   -4    4   -5   -6   -5    0   -4    0    2 
   680:   -3   -2   -3   -3    2   -2    1   -4    7   -9 
   690:   -1   13   -5   -2  -15   -1   -5    3    0   -3 
   700:   -2   -2   -5   -4    6   -1   -6   -4    2   -4 
   710:    4   -2    0   -2    2    2   -2    1   -1    4 
   720:   -1    1    0  -10    6    7   -9    5    0    0 
   730:    1   -4   10    0    2    0    4   -2    5    0 
   740:   -3    8    1   -4   -3    5    1    4   -6    1 
   750:    0   -1   -1    0   -2   -1    2   -3   -2    3 
   760:   -3    7   -1   -1    7   -7   13  -11  -13    5 
   770:   -1    4    0    2    3    0    0   -3   10   -3 
   780:    3   -5    6   -7    0   -7   -3    1    0    1 
   790:    1   13    2    0    1   -5   -4    7   -4   -3 
   800:    2    1   -3   17    5  -23   11   -5    1   -1 
   810:   -8   17  -24    2   -2    6   -8    1   -3    1 
   820:   -2    5   -3    6   -2   -2   -2    2   -4   -2 
   830:    0    0   -1    0    2   -7   -5    3    0  -14 
   840:   -4   30   15    4  -11   -9   -8   -4    1    0 
   850:    0   -1    2   -3    1   -3    4  -11   -2   -6 
   860:   -1   -7  -12    1   -6   -2    0    3    1   -3 
   870:    1   -2    0  -12    8    0  -17  -15   22   28 
   880:   10  -17   -2    2   10    4    0    0    1    2 
   890:    9    3   14   -4    3   -5   -6    3    5    3 
   900:    3   -3   -1   -4    9    0    5    0  -13   -5 
   910:  -13   -2    3    8    5    0   11   12  -18  -13 
   920:   -4    7    0    0    0    0    2   -9    5   -5 
   930:   -1    0   -4  -10   -4    6    3  -12   -3    3 
   940:    2   -4    0   -7  -19   -2    1    9   11   24 
   950:   27   -3  -24  -27  -25   -9    1    6   17    2 
   960:    0    0   -1    2  -11    7  -23    8    7  -13 
   970:  -12   -7   -9   -2  -14    3   -4    2   -5    2 
   980:  -10    2   16   20    3   22    7   -9  -22  -22 
   990:  -23  -19  -21   10   21   21    2    0    0    0 
  1000:    0    3    1   -8    8    5    9   -2  -12    2 
  1010:    4   11    1    0    6  -10    2    2    7    6 
  1020:    8    2   15    8  -13    3    1    1  -22    7 
  1030:    1    8   -7    5    0    0    0    0    0    4 
  1040:    9    1  -30  -15  -10   -2   -9    9    1  -13 
  1050:   -7    6   -4   14   -3    0    7   -4  -17    5 
  1060:    3  -12    0    6    7    7   21    7   17   20 
  1070:    1    0    0    0    0    0   -1    0    6   -4 
  1080:   -1  -15  -17    2   14   26   11   13   21   22 
  1090:   29   29   22   13    5   -1   -3    1    2   -1 
  1100:  -18  -19   -6   -8   -5   -1    9    0    0    0 
  1110:    0    0    0    0    0    0  -12    1  -18  -18 
  1120:   -4   -2   11   11   14   12   10   15   -5  -25 
  1130:  -29   -8    2   -5  -16  -16    3  -13    1   -6 
  1140:   -2    0    1   -2    0    0    0    0    0    0 
  1150:    0    0   -3    9    4   -2  -16  -11  -14   15 
  1160:   -4  -11  -13   -3   -3   -9  -12   -2   -7   -8 
  1170:  -14   -2   -5   -8   -2   -3    5    1    8    8 
  1180:   -3    0    0    0    0    0    0    0   -3  -10 
  1190:  -13   -7    7    6   -5   -6    5  -17    2   -3 
  1200:   -8    0   -6   -7    9   14    5    8   -5   -1 
  1210:   -5    3   -9    3    7    0   10    0    0    0 
  1220:    0    0    0    0    0    9   31    1  -15    0 
  1230:   -9   -9   -1   -8    7   -8    4   -2    0    1 
  1240:    5   15    4   18   -1    5   10  -10    3   -6 
  1250:    4    5    4   -1    0    0    0    0   -1   -1 
  1260:    0    7    5    6  -15    2   -2  -14    8    5 
  1270:    2   22  -11   11   -7   10   -3    3    2   -6 
  1280:    8    3    2    6   10   11    8    1   -1    0 
  1290:    0    0    0    0    0   -2    4   -4    0  -19 
  1300:   26  -10    9   23  -24   24    1    7    1   19 
  1310:   12    1   -1    9   17    4   16   12    7   -2 
  1320:   12   -8   -3   -5    0    0    0    0    0    0 
  1330:    0    0   -2   -6    1    5   -5    4   -1    6 
  1340:    0   -4   11    0   14    2   10    8   12    7 
  1350:   14    5    6    0    2    2    4    5    7    0 
  1360:    0    0    0    0    0    0    0    0    0   -3 
  1370:   -6   -2    2   -4   -6    1   -2  -15  -10  -14 
  1380:  -11  -12  -12  -11  -11  -11  -10  -11   -9   -7 
  1390:   -8   -6   -8   -7   -6   -4   -2   -3   -2   -3 
  1400:   -3   -3   -3   -2   -2   -2 
