     0:    0    0    0    0    0    0    0   -1    8    0 
    10:    0    1   -3   -2    1    1    0    0    0    0 
    20:    0    0    0    0    0    0    0    0    0    0 
    30:    0    1    0    1    0    0    0    0    0    0 
    40:    0    0    0   -1   -3    2    1  -11    4    0 
    50:    0    0   -6   -2   -1    0    0    0    0    0 
    60:    0    0    0    0    0    0   -1   -2    0    0 
    70:    0    0    0    0    0    0    0    0    0    0 
    80:    9   16   13   15   -3   -7   -6   -1   -2   -3 
    90:    3    1   -1   -2    0    0   -1   -1    0    0 
   100:    0    1    2    1   -8    2    0    0    0    0 
   110:    0    0    0    0    0   -3   13   22   25   24 
   120:   11   20   16   17    2   -5   -1    1   -1   -1 
   130:    3   -4    1   11    9   -2   -4  -10  -10   -4 
   140:    7    1    6    1    0    0    0    0    0    0 
   150:    0    1   -5    7   21   15  -21   -5   14    1 
   160:    8    7    9    3   -1    2    2    0   -6   10 
   170:    8    3   -3  -13  -10  -16  -12   -1   -1   10 
   180:    2   -1    0    0    0    0    0    1    4  -11 
   190:  -10   15   -3   10   26  -14  -24  -24  -13    0 
   200:    1    0    0   -1   -6    0    7    0   -8  -14 
   210:  -10   -6  -11  -12   -8   -8    5    2    0    0 
   220:    0    0    0    0    4   -5  -10    9    0  -11 
   230:   14   -8  -33  -15   -1   -1  -12   -4    1   -1 
   240:   -6   -7    2    8    3   -6  -13  -11  -11  -12 
   250:  -12  -10   -4   -4   16    1    0    0    0    0 
   260:   -1    3    3   -4    9    1  -12   10   -7   -2 
   270:   28   22   -5    0    2    2   -2  -11   -1   -2 
   280:    4    8    4   -5   -9  -14  -14   -5    1    6 
   290:    0    8   -1    0    0    0    0    2   -8    9 
   300:    3   -5    4  -10   -4   15   -2   25  -28   -1 
   310:   14    4    2    0    4    9   -1    2    5    8 
   320:   10    8  -12  -19    2   10    9    8    3    7 
   330:    2    0    0    0    0    0    0    8   -9   16 
   340:   -6    4    5   -2    1  -12   21  -24    1   -8 
   350:   -2   10    4   -5   -2    1    4    5   13  -14 
   360:  -12   16    9    1   -7  -20   12    5   -1    0 
   370:    0    2    4   -4    7   -6    7   -3    4    2 
   380:    0    3   -2   -8   10   14    4    0   -7   -4 
   390:   -7  -10   -6   -7   -7   -2   -6   -6   14    0 
   400:   -2    2   -5    2    8   -1    0   -1    1    4 
   410:   -4    5   -7   -1    0    1    0   -2    1    0 
   420:   -1    6  -18   -2   13    8   -7  -16    0    0 
   430:   -2   -1   -9    2    1   -1    5    2    9    6 
   440:    9   12    0    0   -2    3   -2   -5    5   -4 
   450:    1    3    1   -3   -1    2    0   -1   -3   -1 
   460:  -11    7    4  -12    8   -2   11   17   16   -2 
   470:   -8  -15   11    8    6    3   12   11    1    0 
   480:    0   -2    1   -6    2    1    0    5   -3    1 
   490:    0    4    3    0   -2   -1    2    9    4   -9 
   500:    9    9  -14   -4   16   24   -3    0  -15   -8 
   510:   23   -2   -5    1    8    2   -1    0   -4    0 
   520:   -2   -1    1    1    0   -2    1   -2    1   -2 
   530:   -1    5    3   -2    0    2    4    7   -8   -6 
   540:   -7   -5  -10    5    6   -4  -19   12   -7   -5 
   550:   -8   -2  -10   -4    1   -3    5   -3   -2    5 
   560:   -2    0    1    0   -4   -1    0    2   -4    4 
   570:    0   -4    3    1    0  -13    3   25    5    1 
   580:   14   20    8   -8   15    3   -2   -9   -4    1 
   590:   -2    0   -2    0    0    3    0    3    0    0 
   600:   -1    0    0    1    0   -2   -1    0    4  -10 
   610:    2    1  -13  -29    7   17   17   22   21   27 
   620:   -7  -11   20    1   19   11    6    5   -1    8 
   630:   -4    4    7   -2   -5    1    1    1   -2    3 
   640:   -1    2   -1    3   -7   14  -19   14    8  -18 
   650:  -17   -4   10   -5   -3    9    3    4  -17   -4 
   660:    0    6   22   14    4   -1    4    0   -2   -5 
   670:    3   -4    2   -1    3   -4    0   -2    0    0 
   680:    1   -4   17  -27   18   19    1   -7   -1    4 
   690:   -7    4   -2  -15  -18  -12  -14  -15   -9   13 
   700:    8    0    0    6   11   -2  -15   11   -9    3 
   710:   -2    0    1    2    0   -3   -3    1   -2   13 
   720:   -4  -17    9   -8   -5    5   -1   -1    4   -7 
   730:   -5  -12  -13  -14   -3    4    7   -9   -1    1 
   740:    2   14    7  -11   17   -8  -11   -1   -1    2 
   750:   -3    2    0    0    0  -10    1   29   11   -7 
   760:  -10    6    3   -1   -1   -7    0   -1   -6    1 
   770:    9    5   -1    0   -6   -1    0   -1    9    4 
   780:    4   17  -11    2    6   -6   18   -1    0    2 
   790:    0    5    3  -19    1   -4   -1    5    5   -3 
   800:   -1   -2   -4    0   -4   -6    8   -4   -6  -10 
   810:  -10    3    1    0   -2    6   10   13    8   13 
   820:   12   -5   -6   -4    2   -3    1   -1   -2    2 
   830:   -6   -2    7    3   -5   -2    2   -1    6    0 
   840:    3    6    3    3   -4    4    0    5    7    0 
   850:    0   -2   13   11    1   -5    2   -1   -4    3 
   860:    5   -2    3    2   -1    0    3    6    0    5 
   870:    3   -1   -4   -1    1    1   -3   -1    3    1 
   880:    0    2    0   -3   -4   -1    0    0    3    8 
   890:    6    1   -6    0    8   -3    3   -1    0   -1 
   900:   -2    0    4    2   -1   -3    0    0    2   -4 
   910:    0    0    2   -1    0   -5   -1    8   10   -2 
   920:   -4    0    1    0    0   -1   -1    7   -2   -5 
   930:   -2    0   -2   -1   -4   -3    2    0   -2    2 
   940:    8   -1    0    1    0   -5    4    2    2   -4 
   950:   -1    3   -7    2    9    2   -1   -4    2    0 
   960:    0    0   -1    9    1    6    2   -3    0    5 
   970:   -3    0   -1    1   -4    0   -4    0    3   -6 
   980:   -7    0   -6    3    7    2   -3   -4    0    3 
   990:    0    0    0    0    1    2    0    0    0    0 
  1000:   -1   -9   -2    5    0   -4   -3    1    1   -6 
  1010:   -6    5   -1   -3    1    3   -2   -2    3    5 
  1020:    0   -5   -2   -1   -1    1   16    8   -3    0 
  1030:   -2   -5   -4    0    0    0    0    0    1   -5 
  1040:    3    3   -3   -3    0   -3   -3    3    2  -10 
  1050:   -2    5    5   -3    7    5    3    5    3   -1 
  1060:   -3    5    1    3    0    4    7    2   -1   -1 
  1070:    0    0    0    0    0    0    0    1    2   -2 
  1080:   -4    0    3   -5    2    4   -4    2    2   -9 
  1090:   -3   -1   -1    1    0    2   -1    0    0    3 
  1100:   -3   -6    1    0    2    0    2    0    0    0 
  1110:    0    0    0    0    0   -2   -4    9   -3   -1 
  1120:   -1   -1    1   -2    6    9    0    5   -7    1 
  1130:    0    1    0    2   -6   -6    0   -6    5   -1 
  1140:   -1    1    0    0    0    0    0    0    0    0 
  1150:    0   -1    1   -4   -4    4    1    5   -7   -6 
  1160:   -8    0    4    1   -2    5    0    1   -1   -5 
  1170:    8    0    0    9    0    2   -3    2    2    0 
  1180:    0    0    0    0    0    0    0   -2   -3    0 
  1190:   -4    4    4    1    3   -2   -3    0    2    0 
  1200:    0    1    4    3    3   -2   -1    3    4   -9 
  1210:    2    8    1    0    1    3    0    0    0    0 
  1220:    0    0    0    1    5   -2   -5   -1   -3   -3 
  1230:   -6   -2    0    3   -2    3    0    1   -4   -1 
  1240:    0    2   -5   -3   -9    2    5  -14  -11    2 
  1250:    0    0    2    0    0    0    0    0    0    1 
  1260:   10   -1   -2    0    0   -3   -2    6   -6   -8 
  1270:   -2    5    5   -1   -7   -8    1   -3   -8   -4 
  1280:    2    7    3   15    2    3    1    0    0    0 
  1290:    0    0    0    0    0    1    0    4   -3    4 
  1300:    2   -4   -5    0    4    0   -1    0   -4   -2 
  1310:   -1    2    6   -2   -4  -10   -4    2   -2  -10 
  1320:   -8   -2    2    1    0    0    0    0    0    0 
  1330:    0    0    0   -1    3   -1   -5    0    0   -7 
  1340:   -5    4    2    0    3    4   -4    2    4    3 
  1350:   -2   -3   -2    1   -4   -5   -5   -3    0    0 
  1360:    0    0    0    0    0    0    0    0    0    0 
  1370:    0    1   -2   -4    0    0    1    1   -1    0 
  1380:    0   -1    0    1    0   -1   -1    0    1    1 
  1390:    0    1    2    1    0    0    0    0    0    0 
  1400:    0    0    0    0    0    0 
