     0:    0    0    0    0    0    0    0    0    0    0 
    10:    0    0    0    0    0    0    0    0    0    0 
    20:    0    0    0    0    0    0    0    0    0    0 
    30:    0    0    0    0    0    0    0    0    0    0 
    40:    0    0    0    0    0    0    0    0    0    0 
    50:    0    0    0    0    0    0    0    0    0    0 
    60:    0    0    0    0    0    0    0    0    0    0 
    70:    0    0    0    0    0    0    0    0    0    0 
    80:    0    0    0    0    0    0    0    0    0    0 
    90:    0    0    0    0   -1   -1    0    0    0    0 
   100:    0    0    0    0    0    0    0    0    0    0 
   110:    0    0    0    0    0    0    0    0    0    0 
   120:    0    0    0    0    0    0    0    0    0    0 
   130:    0    0    0    0    0    0    0    0    0    0 
   140:    0    0    0    0    0    0    0    0    0    0 
   150:    0    0    0    0    0    0    0    0    0    0 
   160:    0    0    0    0    0    0    0    0    1    0 
   170:    1    0    0    0    0    0    0    0    0    0 
   180:    0    0    0    0    0    0    0    0    0    0 
   190:    0    0    0    0    0    0    0    0    0    0 
   200:    0    0    0    0    0    0    0    0    0    0 
   210:    0    0    0    0    0    0    0    0    0    1 
   220:    3    2   -3   -1    0    0    0    2    1    2 
   230:    1    0   -1    0    0    1    0    0    0    0 
   240:    0    0    0    0    0    0   -1   -1    0    0 
   250:    0   -1    0    0    0    0    0    0    0    0 
   260:    0    0    0    0    0    0    0    0    0    0 
   270:   -2   -2    1    2   -1   -3    0   -3   -3    0 
   280:    1    2    4    1    0    0   -1   -1    0    1 
   290:    1    0    0    0   -1   -1    0    0    0    0 
   300:    0    0    0    0    0    0    0    0    0    0 
   310:    0    0    0    0    0    0    0    0    0    0 
   320:    0    0   -1   -2    2    3    5    1    1   -2 
   330:   -4   -3   -2   -1    2    0    0    1    0    0 
   340:    1    0    1    1   -1   -4   -2    0    0   -1 
   350:    0    0    0    0    0   -1   -1    0    0    0 
   360:    0    0    0    0    0    0    0    0    0    0 
   370:    0    0    0    2    1    0    1    1    3    1 
   380:   -1    0    0    0    1    0   -2   -1   -1    0 
   390:    2    0   -2   -2    1    1   -2   -1    1    2 
   400:   -2   -3    0    0    0    0    0    0    0    0 
   410:    0    0    0    0    0    0    0    0    0    0 
   420:    0    0    0    0   -1   -5   -1    0   -1    0 
   430:    1    0   -1   -2    1    1    0   -1   -1    0 
   440:    0   -1    0    0    1    0   -1    1   -1    1 
   450:    4   -1   -4    1    1    1    0    0    0   -1 
   460:    0    0    0    0    0    0    0    0    0    0 
   470:    0    0    0    0    0    0    0    0   -3    1 
   480:   -2    0    2    1    3   -2   -4   -2    1   -1 
   490:   -2    0    1   -1    0    1   -1    0    0    1 
   500:   -1    1    0   -3    1    5    1    0    0   -1 
   510:    0    0    0    0    0    0    0    0    0    0 
   520:    0    0    0    0    0    0    0    0    1    0 
   530:   -1    0   -1   -1    0   -1    2   -1   -3   -5 
   540:    1   -1    0    0    2    0   -1    0    1    3 
   550:    0   -2    0    3    0   -3    2    2   -1   -1 
   560:   -1    0    0    0    0    0    0    0    0    0 
   570:    0    0    0    0    0    0    0    0    0    0 
   580:    0    1   -2   -1    0   -1    2    1   -3    0 
   590:    3   -2   -1    3   -5   -1    1   -1    0    1 
   600:    0    0    3    0   -2    0    0    1    2   -3 
   610:   -4    0    0    0    0    0    0    0    0    0 
   620:    0    0    0    0    0    0    0    0    0    0 
   630:    0   -1    0   -2    1    0    0   -2   -1    2 
   640:    0   -5   -2    1    0    3    0   -1   -4   -1 
   650:    1   -1    0   -2    1    1    0    1    3    5 
   660:   -1   -4   -1    0    0    0    0    0    0    0 
   670:    0    0    0    0    0    0    0    0    0    0 
   680:    0    0    0    1    4   -1   -1    0    0    2 
   690:    1    0    2   -1    0    0    1   -4   -2    2 
   700:    1    2    0    1    1   -4   -2    1    0    1 
   710:    1    1   -1    2    2   -1    0    0    0    0 
   720:    0    0    0    0    0    0    0    0    0    0 
   730:    0    0    0    0    0    1    1   -1   -3    1 
   740:    1    0    4    1   -1   -1    0   -1   -2    0 
   750:   -1   -2    0    0    0    2    0   -3   -2   -2 
   760:   -2    3    1   -1    1   -1   -2    0    0    0 
   770:    0    0    0    0    0    0    0    0    0    0 
   780:    0    0    0    0    0    0    0    2    6    1 
   790:   -3   -4   -1   -2   -2   -1   -1    2    2   -1 
   800:   -3    1   -1    3   -1   -2   -1   -1   -1   -2 
   810:   -2    2   -2    0   -1   -2    0    0    5    3 
   820:    0    0    0    0    0    0    0    0    0    0 
   830:    0    0    0    0    0    0    0    0    0   -1 
   840:   -6    0    0   -2   -1    2   -1   -3   -5   -4 
   850:    0    1    3    0   -1    0   -2    1    2    0 
   860:    0    0    4    4    1   -1   -5   -2    0    2 
   870:   -1   -1    0    0    0    0    0    0    0    0 
   880:    0    0    0    0    0    0    0    0    0    0 
   890:    0   -1   -4   -1   -1   -1   -2   -1    1    3 
   900:    2    0   -2    0    0    2    1   -2   -1    0 
   910:    1    1    1    2    0    2    2    1   -1    0 
   920:    1   -2   -4    0    0    0    0    0    0    0 
   930:    0    0    0    0    0    0    0    0    0    0 
   940:    0    0    0    0    1    0    0    1   -3   -1 
   950:    0    1    0    1    1   -1    1   -2   -3   -4 
   960:   -3    0    0    2    2   -2   -4    3   -1    2 
   970:    3    1    2   -1   -2   -2    0    0    0    0 
   980:    0    0    0    0    0    0    0    0    0    0 
   990:    0    0    0    0    0    0    2    0    0    0 
  1000:    0    3   -2   -1   -1    0    2   -1    2    0 
  1010:   -4   -5   -2    1    0   -2   -1   -3   -1    1 
  1020:    0    1   -1    1    4    0   -2    1    0    0 
  1030:    0    0    0    0    0    0    0    0    0    0 
  1040:    0    0    0    0    0    0    0    0    1    3 
  1050:   -1   -3    1    1    0   -1   -3   -2    2    1 
  1060:    2    1   -3   -1    0   -1    0    0   -2   -1 
  1070:   -3   -1   -3   -2   -1    0    3    0   -3   -1 
  1080:    0    0    0    0    0    0    0    0    0    0 
  1090:    0    0    0    0    0    0    0    0    0    0 
  1100:   -1    0   -2   -1    0   -2   -5   -3   -1    0 
  1110:    3   -2   -1    0   -3   -1    1    1    0    1 
  1120:    0    0   -3    0   -1    0    2    1    2    0 
  1130:    0   -1    0    0    0    0    0    0    0    0 
  1140:    0    0    0    0    0    0    0    0    0    0 
  1150:    0    0    0    1    1   -1   -1    0   -1   -2 
  1160:   -2    3    0   -3    0    0   -1    1    0   -1 
  1170:   -1    0    0   -1   -3   -1    0   -2    0    1 
  1180:    3    3    2    0    0    0    0    0    0    0 
  1190:    0    0    0    0    0    0    0    0    0    0 
  1200:    0    0    0    0    2    1   -1   -2    0    0 
  1210:   -2   -3   -1    1    0   -1   -1   -1    0   -1 
  1220:   -1    0    0    0    0    0   -1    0    0    1 
  1230:    2    0   -1    0    1    1    0    0    0    0 
  1240:    0    0    0    0    0    0    0    0    0    0 
  1250:    0    0    0    0    0    0   -1    0    1    0 
  1260:   -1   -1    0    2    0    0    0    2    1    0 
  1270:    1   -1   -1    0    0    0    2    1   -2   -2 
  1280:   -1    0   -1    0    0    3    1    0    0    0 
  1290:    0    0    0    0    0    0    0    0    0    0 
  1300:    0    0    0    0    0    0    0    0    0    1 
  1310:    1   -2   -4   -2    2    1    0   -1    0    1 
  1320:    1    0    0    0   -1    0   -1   -2   -1   -1 
  1330:   -2    0    1    1    1    0    0    2    1    0 
  1340:    0    0    0    0    0    0    0    0    0    0 
  1350:    0    0    0    0    0    0    0    0    0    0 
  1360:    0    1    0    0   -3   -2    2    2   -1   -2 
  1370:    1    0   -2    1   -1    0    1   -1   -2    0 
  1380:    1   -1   -1    1    0    2    0   -3    0    0 
  1390:    0    0    0    0    0    0    0    0    0    0 
  1400:    0    0    0    0    0    0    0    0    0    0 
  1410:    0    0    0   -2   -1    0    0   -1   -2    0 
  1420:    2    2    0   -1   -1   -3   -1   -1    0    3 
  1430:    2    0    1    0    0    1    1   -1   -1   -1 
  1440:    0    1    1    0    0    0    0    0    0    0 
  1450:    0    0    0    0    0    0    0    0    0    0 
  1460:    0    0    0    0    0   -3    1   -2    0    0 
  1470:   -2   -5   -3   -2   -1    1   -2    0   -1   -1 
  1480:    0    0   -1    0   -1   -2    1    1    0    0 
  1490:    0   -2   -3    1    0    0    0    0    0    0 
  1500:    0    0    0    0    0    0    0    0    0    0 
  1510:    0    0    0    0    0    0    0   -2   -2    2 
  1520:    3   -4   -1    2    3    1    0    0    0    1 
  1530:    2    2    1    0    0    0    0    0    1    1 
  1540:   -1    0    0    1    0   -1    0    0    0    0 
  1550:    0    0    0    0    0    0    0    0    0    0 
  1560:    0    0    0    0    0    0    0    0    0    0 
  1570:    3    0   -1   -1    0    2    0   -2   -2    1 
  1580:    2   -1   -2    2    0    1    3    0    0    0 
  1590:    0    0    0    0    0    1    1    0    0    0 
  1600:    0    0    0    0    0    0    0    0    0    0 
  1610:    0    0    0    0    0    0    0    0    0    0 
  1620:    0    1    0   -3    0    1    0    3    1    0 
  1630:    2    0    0   -1    0    0   -3    0   -1    0 
  1640:    2   -1   -1    0    0    1    0    0    0    0 
  1650:    0    0    0    0    0    0    0    0    0    0 
  1660:    0    0    0    0    0    0    0    0    0    0 
  1670:    0    0    0    2    1    2    7    2    0    1 
  1680:    0    0    2    1    1    0   -2   -1   -2    1 
  1690:    2    0    0   -1    2    3   -1   -2   -1    3 
  1700:    0   -2    0    0    0    0    0    0    0    0 
  1710:    0    0    0    0    0    0    0    0    0    0 
  1720:    0    0    0    0    0   -4   -1    4    5    2 
  1730:    2    0    0   -1   -1   -1    1    3    0    0 
  1740:    1    2    2    1   -1   -4   -3    0   -2   -2 
  1750:    1    1   -1    0    0    0    0    0    0    0 
  1760:    0    0    0    0    0    0    0    0    0    0 
  1770:    0    0    0    0    0    0    0    2    2    0 
  1780:    1    1   -2   -2    0    0   -3    0    1   -1 
  1790:    0    2    1    2    0    0    2    2    2    0 
  1800:   -2   -2   -2    1    0   -1    0    0    0    0 
  1810:    0    0    0    0    0    0    0    0    0    0 
  1820:    0    0    0    0    0    0    0    0    0    1 
  1830:   -2   -1   -1    1    0   -1    0    1   -1    0 
  1840:    1    0    0   -1    0    1    2    3    2    4 
  1850:    0    0   -1   -1   -3    0    0    0    0    0 
  1860:    0    0    0    0    0    0    0    0    0    0 
  1870:    0    0    0    0    0    0    0    0    0    0 
  1880:    0   -1   -4   -1   -1    5    1    2    3    5 
  1890:    1    0    0   -2   -2   -1    2   -1   -1    1 
  1900:    2   -3   -2    2    0    0    3    3    3    0 
  1910:    0    0    0    0    0    0    0    0    0    0 
  1920:    0    0    0    0    0    0    0    0    0    0 
  1930:    0    0    0   -2   -2   -1   -2    0    0    1 
  1940:   -4   -3    1    0   -3    2    3    0    0    0 
  1950:   -1    1    3    1    2    0    1    1    0   -1 
  1960:    1    0    0    0    0    0    0    0    0    0 
  1970:    0    0    0    0    0    0    0    0    0    0 
  1980:    0    0    0    0    0   -1   -2   -1    0    0 
  1990:    3    0   -1    0    1    1    2    3    3    0 
  2000:    0    1    0    0   -1   -2   -2    0    1    0 
  2010:    0    1    2    0    0    0    0    0    0    0 
  2020:    0    0    0    0    0    0    0    0    0    0 
  2030:    0    0    0    0    0    0   -1    2    0    0 
  2040:    3    0    1    2    2    0   -1   -4    1    4 
  2050:    1    4    1    1   -1    3    2    1    2    1 
  2060:    3    3    0    2    0    0    0    0    0    0 
  2070:    0    0    0    0    0    0    0    0    0    0 
  2080:    0    0    0    0    0    0    0    0    0   -3 
  2090:    0    0   -1    3    1    1    1    0    2    1 
  2100:    4    0   -1    0    0   -1   -1   -2   -1    0 
  2110:    0    0    1   -1    0    0    1    1    0    0 
  2120:    0    0    0    0    0    0    0    0    0    0 
  2130:    0    0    0    0    0    0    0    0    0    0 
  2140:   -2    2   -1    2    1    4    3    1    0   -1 
  2150:   -3   -1   -1   -1    0    1   -2   -1    1    1 
  2160:   -1    0    0   -1   -1    1    4   -2   -1    0 
  2170:    0    0    0    0    0    0    0    0    0    0 
  2180:    0    0    0    0    0    0    0    0    0    0 
  2190:    0    2    2   -1    0    0    1    0    1    0 
  2200:    0    1    1    0    1    1   -1   -2   -2    1 
  2210:    0    0    0    0    0   -1    0   -1   -1   -2 
  2220:    0   -1    0    0    0    0    0    0    0    0 
  2230:    0    0    0    0    0    0    0    0    0    0 
  2240:    0    0   -1   -3   -4   -2    2    0    1    1 
  2250:   -2    0    1    0    0   -5    0    1   -2   -1 
  2260:    1    0   -2    1    0    0   -1   -2    0    0 
  2270:    0    1    1    0    0    0    0    0    0    0 
  2280:    0    0    0    0    0    0    0    0    0    0 
  2290:    0    1    0   -1    0    1    1    2   -2   -2 
  2300:   -3    1    0    0    2    0   -2    0    0   -2 
  2310:    0   -3   -1   -2   -1    0    0    1    2    1 
  2320:   -1   -3   -1   -2   -1   -1    1    0    0    0 
  2330:    0    0    0    0    0    0    0    1    1    0 
  2340:    1    0    0   -1   -1   -1    0    1    1    0 
  2350:   -1   -2   -1    1    0   -1    0    1    3    2 
  2360:    2    0    0    0    1    0    0    0    1    0 
  2370:    0    0    0    0    1    1    0   -1    0    0 
  2380:    0    0    0    0    0    0    0    0    0    0 
  2390:   -1    0    0    0    1   -1    0    0    1    0 
  2400:   -1    0    0    0    0    0    0    0    0    0 
  2410:   -1   -1    0    0    0    0    0   -1    0    1 
  2420:    0    0   -1    0    0    0   -1    0    0    0 
  2430:    0    0    0    1    0    0    0    0    0    0 
  2440:    0    2    1    0   -2   -1    0    0    0    1 
  2450:    0    0    2    1    0    1    2    3   -2    0 
  2460:   -1   -1   -1   -1   -1    0    0    0    0    0 
  2470:    0    0    1    0    0    0    0    0    0    0 
  2480:    0    0    0    0    0    0    0    0    0    0 
  2490:    0    0    0    0   -1   -1 
