     0:    0    0    0    0    0    0    0    0    2    0 
    10:    0    0    1    1    1    0    0    0    0    0 
    20:    0    0    0    0    0    0    0    0    0    0 
    30:    0    2    1    1   -2    0    0    0    0    0 
    40:    0    0    0    0    0    4    3    6    1   -4 
    50:   -9   -5    0    0    0    0    0    0    0    0 
    60:    0    0    0    0    0    0    0    0   -1    0 
    70:    0    0    0    0    0    0    0    0    0    1 
    80:    0    1    0    1   -1   -1   -3    3    0   -8 
    90:    1    1    2    0    0    0    0    0    0    0 
   100:    0    0    0   -1   -3    1    0    0    0    0 
   110:    0    0    0    0    0    0   -7   -2   -1    5 
   120:    7    2    0   -2    4    0    0    3    2    2 
   130:    3    0    0    1    0   -1   -1   -1    1   -1 
   140:    0  -13   -2    1    0    0    0    0    0    0 
   150:    0    1   -3   -3    1    1   -5   -2    0   -5 
   160:    6    1   -4    0    1    5   -7   -2   -1   -1 
   170:    7    4    5   11   -1    5   -2   -1    3   -8 
   180:   -2    0    0    0    0    0    0    0   -1   -3 
   190:   -4   -2   -8    1    4    7   -4   -6   -2    1 
   200:    1    3    0   -3   -1   -1    6    4   -4   -5 
   210:    2    2    5    0   -1    1    6   -1    1    0 
   220:    0    0    0    0    0  -12   -3    5   -7   -6 
   230:   -1    1   -2   -1   -2    3   -4   -1   -3    3 
   240:   -3    2    0    0    1    4    1   -3   -4   -2 
   250:   -3   -5    5   11   -3   -3    0    0    0    0 
   260:    0   -3    2   -3   -5   -2    7    1   -8   -1 
   270:    0    4    1    5   -3    0    2   -1   -2   -1 
   280:    1   -3    0   -3   -5    1    3    0   -2   -2 
   290:  -17   -5    0    0    0    0    0    2    4  -18 
   300:   -7    2   -7    1   17   -7    7   -5   -3    0 
   310:    6    0    1    3   -4    0    1    0    1    1 
   320:   -3   -6   -6   -2    2   -1   -2   10   -6  -10 
   330:    2    0    0    0   -5    5    8   -5    0   -5 
   340:  -13   -4   -1    5    3   -2   -1   -6   -3   -1 
   350:   -2    2    3   -2   -3    0   -4   -5   -2    5 
   360:   -3   -6    0   -6  -10    5    8   -1    0    0 
   370:   -1   15   -6   -6    5    1   -4   -9   -7   10 
   380:    6    1    5   -1    4    5    1   -4   -1   -2 
   390:    3    4    2    5    3    2    5   -7   -1    5 
   400:   14    3    8   -5    3    0    0    0  -14    6 
   410:   -2  -15    1    3    1    2   -2   -1   -1   -1 
   420:    0   -1   -6   -3    3    2   -7   -1    1   -2 
   430:   -5    4  -11  -14   -8   -1   -4   -9   -9  -10 
   440:    4   -1    0    0   -5    5  -16    8    0    4 
   450:   -3    0   -5    3   -1    1    3   -2    1   -3 
   460:    0   -2   -6   11    0   -8   -8   -5  -11    0 
   470:    1   16    0   -6    7   -2   13   -4   -5    1 
   480:    0   -1   -1   16    0   -3   -3   -5    9   -7 
   490:   -1    2   -3    0    6   -2   -5   -8    0    7 
   500:   -1   -5    6   14    3    9   11  -12   -5    4 
   510:    9    1   -1   -2   -3    1    0    0   -2   -6 
   520:   -8    7    6    2   -2   -1   -2    3   -6   10 
   530:  -18   17   -9    3    1    8   -8   -8   13    1 
   540:  -11  -11   -9   -3   -1   -9   -6    2    2    1 
   550:    2    9   -1   -2    0   -1   15    8    0   -9 
   560:    7  -12    3   -5   14   -3    3  -19   19  -13 
   570:   11    0  -13   -2   17    0   -2   -1    8   -5 
   580:   -1   -1   -2    6   -1   -5   -3  -10    0    3 
   590:    2    0    6    5   -2   -2    7  -11    6   -7 
   600:    4   -5    1   -1   -5    3   -9   -5    1    5 
   610:    0  -14    2   -2    2    1    2    0    1    3 
   620:   -5   -5   -4    0   -4   -7   -5   -1    1    6 
   630:    2   -6   -4   -5    5    1   -1   -3    2   -4 
   640:    4   -2   -4   -3   -1   -4    1   -4    6    1 
   650:    2    5    0    0   -1   -3    0    5    0    5 
   660:    3   -2   -1    1    3    0    4    3    1    1 
   670:    5   -9   11    2    0    0   -1   -4    2   -1 
   680:    2   -1    2   -1    1    3    5    1    2    0 
   690:   -3   -2   -2   -6    2    4   -1    2    2   -3 
   700:    7    5   -1    6   -2   -7    5   -1    6   -3 
   710:    0   -3    3   -3    0   -3   -2    1    2    0 
   720:   -2   -2   -2   -1    3   -2    0   -4    3    0 
   730:    0    3    3    1    3   -4    3   -5    4    0 
   740:    5   -1   -4   -1    0    3   -1   -3    3    0 
   750:   -1   -2    2    5   -1    0    1    2    0   -5 
   760:    1   -5   -5   -3   -4    0    6   -1   -5    1 
   770:    0    2    2    3    2    2   -1    6    3   -3 
   780:    2    3   -4    4   -1    4    1   -4    2   -3 
   790:   -4   -4    9    1   -2   -4   -1    7    0   -6 
   800:    3   -2   -1   -8   -2    2    4   -3   -2   -2 
   810:    2   -4   -1    0    6   -1    2    1   -2   -4 
   820:   -4   -2   -1   -2   -1    2   -1   -1   -3    2 
   830:    3   -4    6   -1   -6   -3    0   -3    6    5 
   840:    1    1    3    0    7    3    1    7    1   -2 
   850:    0    3   -2   -2    2    4    2    0    2    6 
   860:   -1   -2    0   -1    1    5   -4    3    2   -1 
   870:    2   -7   -4   -1   -1   -7    3    5    1    4 
   880:   -3   -3    0    9   -1    1    0    0   -2   -3 
   890:   -7    0    2    0   -1    0    3    1   -2   -1 
   900:    0   -1   -3    0    0   -1    5    6   -3    7 
   910:    0   -4   -3    6    2    4    5    1   12   11 
   920:   10   -7    0    0    0   -4   -7    1    4    1 
   930:   -4   -3    7    0   -1   -3   -3    0    5    4 
   940:    1   -1    3   -1   -6   -3   -8   -1    3    0 
   950:   -1    3   -3    0    6    9    8   12   -5   -1 
   960:    0    0   -1    0    7   -2   -9   -8    4   -6 
   970:    7   -1    3   -4    0    4    6    0    3  -10 
   980:    1    0    0   -4   10   11   -3    0    7    7 
   990:   10   -2    1    2   -1   -3    1    0    0    0 
  1000:    0   -5   -2   -2   -3   -4   -1    0    2   -8 
  1010:    5   -1    3   -3   -1   -6   -4   -7   -3    2 
  1020:    8   -8    8    7    9   -9   -5  -15    0   -3 
  1030:    0    0   10   -1    0    0    0    0   -3    2 
  1040:    3    0   -5    2    4   -8   -1    5    5    0 
  1050:   -1   -3   11    9   -5   -4    1   -6   -8    1 
  1060:    1    4  -13   -8    2   -4    1  -15    5    4 
  1070:    0    0    0    0    0    0   -2    9    0   -6 
  1080:   -1    0   -4  -11   -4   -1    5    2   -4    0 
  1090:    3    1   -6    5    1    0   -2    2    1   -2 
  1100:   -5    9    2   -5   -6    2    4    0    0    0 
  1110:    0    0    0    0   -1    0   -2   -5   -4   -1 
  1120:   17    4    3    2   -5   15   -5    5    3   -2 
  1130:    0   -1    2    2   -2    7    0    5   -3    7 
  1140:  -13   -5    1    0    0    0    0    0    0    0 
  1150:    0    0    2    4    1    0    5   -5    4   -2 
  1160:   -1    2    4    2   -4   -2  -10    4   -1    6 
  1170:   -4   -3    4    7   -2    0    7    5   -1   -1 
  1180:    0    0    0    0    0    0    0    0   -1   -4 
  1190:   -4    4  -11    2   -4    1    2    4   -5    7 
  1200:   -4   -6    2   -3    1   -4    5   -4   -1   -3 
  1210:   -6    9    2    0   -1   -3    1    0    0    0 
  1220:    0    0    0    0    0    0   -7    4   -3   -8 
  1230:    8   -2   -6    3    4   -6    4   -5    4   -2 
  1240:    0    4   -3   -1    5   -6    4   -1    5    0 
  1250:    3    4    1    0    0    0    0    0    0    0 
  1260:   -1   -1   -7    8   -4   -5   -2   -2    6    6 
  1270:    0    1    2    6    0    1    2    0    7    1 
  1280:   -4   -3   -2    1    9    0   -4    1    0    2 
  1290:    0    0    0    0    0    0    0    2    0    2 
  1300:    5   -3   -2    3   -3   -3   -1    3    3    0 
  1310:  -13    3    1   -9    2    3   -9    2   -9   -6 
  1320:   -2   -1   -1   -1    0    0    0    0    0    0 
  1330:    0    0    0    9   13   14   -3   17    3   -7 
  1340:    2    1   -1    2    4    3   -8    2   -2    0 
  1350:    2    4    0    2    1   -1    6    3    2   -1 
  1360:    0    0    0    0    0    0    0    0    0    1 
  1370:    4    8   -2  -11    4    4    0    2   -2    0 
  1380:    0   -1   -1    1   -1   -1    0    0    1    1 
  1390:   -1    1    1    1    0    0    0    0    0    0 
  1400:    0    0    0    0    0    0 
