     0:    0    0    0    0    0    0    1    0    0    0 
    10:    0    0    0    0    0    0    0    0    0    0 
    20:    0    0    0    0    0    0    0    0    0    0 
    30:    0    0    0    0    0    0    0    0    0    0 
    40:    0    0   -1    0    0    0    0    1    0    0 
    50:    0    0    0    0    0    0    0    0    0    0 
    60:    0    0    0    0    0    0    0    0    0    0 
    70:    0    0    0    0    0    0    0    0    0    0 
    80:    0    0    0    0    0    0    0    0    0    0 
    90:    0    0    0    0   -1    0    0    0    0    0 
   100:    0    0    0    0    0    0    0    0    0    0 
   110:    0    0    0    0    0    0    0    0    0    0 
   120:    0    0    0    0    0    0    0    0    0    0 
   130:    0    0    0    0    0    0    0    0    0    0 
   140:    0    0    0    0    0    0    0    0    0    0 
   150:    0    0    0    0    0    0    0    0    0    0 
   160:    0    0    0    0    0    0    0    0    1    1 
   170:    1    0    0    0    0    0    0    0    0    0 
   180:    0    0    0    0    0    0    0    0    0    0 
   190:    0    0    0    0    0    1    0   -2   -1    0 
   200:    0    1    0    1    0    0    0    0    0    0 
   210:    0    0    0    0    0    0    0    0    0    0 
   220:    3    3   -1    0    0    0    0   -1    4    0 
   230:    1    2    1    1    0    0    0    0    0    0 
   240:    0    0    0    0    0    0    0    1   -1   -3 
   250:    0    0    2    1    0    1    0    0    0    0 
   260:    0    0    0    0    0    0    0    0    0    0 
   270:    0    0    0   -2    0    2   -1   -2    1    8 
   280:   -2    5    4   -2    7    1   -8   -1    4    3 
   290:    2    0    0    0    1   -1   -1    0    0    1 
   300:   -1    0   -2    0    0   -1    0    0    0    0 
   310:    0    0    0    0    0    0    0    0    0    0 
   320:    0    1    6    2    2    0   -4    1    2   -1 
   330:    2   -4  -19   -6    3  -16   12   12  -14  -13 
   340:   -7   -2    3    0    0    0    0    0   -1    0 
   350:   -1    0    0    0    1    0    0    0    0    0 
   360:    0    0    0    0    0    0    0    0    0    0 
   370:    0    0    0    1    3   -2    1    0    0   -1 
   380:   -3    0    2   -2   -3   -6    4  -10   20   13 
   390:   -1   -7   -3   -1   -2   -1   -1    0    0    1 
   400:    1   -1    1    1    0    0    1   -1    0   -1 
   410:    0    0    0    0    0    0    0    0    0    0 
   420:    0    0    0    0    1    1   -1   -1    1   -1 
   430:    1    1    3   -1   -1   -1    2    7    3   -9 
   440:    3   12   -1   -1    2   -1    0   -1    0   -1 
   450:   -1    1   -1   -1    1    0    0    0    0    0 
   460:    0   -1    0    0    0    0    0    0    0    0 
   470:    0    0    0    0    0    0    2    2    0    0 
   480:    2    1   -4    1    0    0    0    1    0   -5 
   490:    0    3  -10   -2    0    3    2    0   -3    1 
   500:    0    0    2   -1    0   -1    0    1    0    0 
   510:    0    0    1   -1    0    0    0    0    0    0 
   520:    0    0    0    0    0    0    0    0    1    0 
   530:    0    0    0   -1    0    0    1    0    1    0 
   540:    3    3   -1   -2    1    2    3   -1   -1    1 
   550:   -2    1    1    0   -1   -1   -3   -1   -2    1 
   560:   -3   -1    0    0    0    0    0    0    0    0 
   570:    0    0    0    0    0    0    0    0    0    0 
   580:   -2    0    1   -1    0    1   -1   -2   -2   -5 
   590:    0    2   -1    0   -2    0    0    0    1    0 
   600:    1    2   -1    0   -1    1    1   -1    1    1 
   610:    0    0   -1   -1    0    0    0    0    0    0 
   620:    0    0    0    0    0    0    0    0    0    0 
   630:    0   -1   -8    0   -1    0    1    1   -1   -2 
   640:    0    1   -2   -1    0    1    0    1   -1    0 
   650:    2   -1    1   -1    1    1    0    0   -3    0 
   660:    1   -2   -1    0    0    0    0    0    0    0 
   670:    0    0    0    0    0    0    0    0    0    0 
   680:    0    0    0    0    3    0   -2    0   -1    1 
   690:    0    0   -2   -2   -1   -1   -2   -1    0    1 
   700:    0    5    2   -1    0    0   -2   -1    0    0 
   710:    0    0   -1    2    0   -1    0    0    0    0 
   720:    0    0    0    0    0    0    0    0    0    0 
   730:    0    0    0    0    0   -1   -2    0    1   -1 
   740:    0    1    0   -1    1    5   -1    0    1   -1 
   750:    0    0   -1    2    0    1    1   -1    0   -1 
   760:    0    0    0   -1   -4    0    1    2    0    0 
   770:    0    0    0    0    0    0    0    0    0    0 
   780:    0    0    0    0    0    0    0    0   -1    0 
   790:   -1    0    1    1    0    0   -2   -1    1   -2 
   800:    1    0   -1   -3    0    0    2    0   -1   -2 
   810:    1    0    0    0   -1    2   -2   -3    2    0 
   820:    0    0    0    0    0    0    0    0    0    0 
   830:    0    0    0    0    0    0    0    0    0    1 
   840:    3    0   -2    0    1    1   -1    3   -1    1 
   850:    0   -2   -1   -2    1   -3    1    1    0    0 
   860:    0   -2    0    1    0    0   -2    0    0    0 
   870:    4   -2    0    0    0    0    0    0    0    0 
   880:    0    0    0    0    0    0    0    0    0    0 
   890:    0    0    0    1    4   -1   -2   -2    0    2 
   900:    1    1    0    2    0    1   -5   -3    2   -1 
   910:   -1   -1    0    1   -2    0    1    0    3    0 
   920:    0    1    0   -2    0    0    0    0    0    0 
   930:    0    0    0    0    0    0    0    0    0    0 
   940:    0    0    0    0   -2    1    0    0   -1   -3 
   950:    2    2   -1    1    0    0    1    0    1    1 
   960:    0    2   -2    0    0    0    0    0    0   -1 
   970:   -4   -1   -1   -1   -3   -1    0    0    0    0 
   980:    0    0    0    0    0    0    0    0    0    0 
   990:    0    0    0    0    0    0    3    3   -3    1 
  1000:    0    2    0    2    0    1    1    1    2    1 
  1010:    3    0    1   -4    8    0    3    2    1   -2 
  1020:   -3   -3    0    3    2    0   -1    0    0    0 
  1030:    0    0    0    0    0    0    0    0    0    0 
  1040:    0    0    0    0    0    0    0    0    0   -5 
  1050:   -1   -1   -6    0    1    1    0    0    1    2 
  1060:    0    1   -2    3    5    1    1    0    1   -1 
  1070:    0    1   -1   -2    0    0    3   -1   -1    3 
  1080:    0    0    0    0    0    0    0    0    0    0 
  1090:    0    0    0    0    0    0    0    0    0    0 
  1100:    0   -1   -1   -1    0   -2    1    0    1    2 
  1110:    0   -1   -5   -2    3   -3    2    1    1   -3 
  1120:   -1   -1    1    3    0    2   -1    0    1    1 
  1130:    0   -1    0    0    0    0    0    0    0    0 
  1140:    0    0    0    0    0    0    0    0    0    0 
  1150:    0    0    2   -1    1    0    1   -1   -1    1 
  1160:   -1   -4   -1  -13    1    0   -5    0    4   -4 
  1170:    1    3   -6   -1   -3    7   -1   -4   -4    0 
  1180:    4    2    2    4    0    0    0    0    0    0 
  1190:    0    0    0    0    0    0    0    0    0    0 
  1200:    0    0    0    0    2   -7    0   -1    1    4 
  1210:    1    0    5    1   -4    5   -4    2    2    0 
  1220:    0    8    2   -9    7    3   -3    5    5    7 
  1230:   13    9    1    1    5    0    0    0    0    0 
  1240:    0    0    0    0    0    0    0    0    0    0 
  1250:    0    0    0    0    0    0    2    5    0    3 
  1260:   -3    8    1   -1    1    1    1   -7   -5    8 
  1270:   -1    3    4    0   -1   -1  -10    4    5   -1 
  1280:   -5   -2    1   -2    1    1   -6    1    0    0 
  1290:    0    0    0    0    0    0    0    0    0    0 
  1300:    0    0    0    0    0    0    0    0    2    0 
  1310:    1    2    0    1    2    0    6   -1    6    0 
  1320:    0   -3   -5    2   -9    3    3   -1    6   -6 
  1330:   -1    0    4   13    9   10    4    2    3   -2 
  1340:    0    0    0    0    0    0    0    0    0    0 
  1350:    0    0    0    0    0    0    0    0    0    0 
  1360:   -1   -3   -2    1    3   -1   -1    0    0    1 
  1370:    8    0    1    0    4    1    3    3   -1   -5 
  1380:   -2   13   -3    7   -5  -12   -1   -7   10   -4 
  1390:  -12    0    0    0    0    0    0    0    0    0 
  1400:    0    0    0    0    0    0    0    0    0    0 
  1410:    0    0    0   -2   -2   -1    1    1   -1   -1 
  1420:    6    3   -4   -1    0   -2   -2    1    3   -1 
  1430:    6   -3    1   -2    4   -6    5    1   -3  -13 
  1440:    0    0    1    0    0    0    0    0    0    0 
  1450:    0    0    0    0    0    0    0    0    0    0 
  1460:    0    0    0    0    0   -3    0    3   -1   -5 
  1470:   -3    1   -2    4    1   -1    1   -2   -4    0 
  1480:    0    0   -2   -2   -3    1   10    7    2   -5 
  1490:   11   -7    0   -8    1    0    0    0    0    0 
  1500:    0    0    0    0    0    0    0    0    0    0 
  1510:    0    0    0    0    0    0    0    3    1   -2 
  1520:    3    1   -2    3   -2    0    2    5   -3   -3 
  1530:    4    0    1    0    0    0    0    5    4   -1 
  1540:   -4   -3   -1    4   -8   14    1    0    0    0 
  1550:    0    0    0    0    0    0    0    0    0    0 
  1560:    0    0    0    0    0    0    0    0    0    3 
  1570:    0   -3   -4    0    2    0   -3    1    0    0 
  1580:   -5   -4    4    0   -1    2    1   -1   -2    0 
  1590:   -1    0    0   -1    1    0    0    0    0    0 
  1600:    0    0    0    0    0    0    0    0    0    0 
  1610:    0    0    0    0    0    0    0    0    0    0 
  1620:    0   -2   -2   -2    1    0   -4    9   -9   -2 
  1630:    0    1    1  -18    4    1    0    1    4    0 
  1640:    1    1    1    1   -1    0    0    0   -1    0 
  1650:    0    0    0    0    0    0    0    0    0    0 
  1660:    0    0    0    0    0    0    0    0    0    0 
  1670:    0    0    0   -1    2   -4    4    4    7   -3 
  1680:   -3    3   -1    0   -2  -10   -2  -10  -12   -2 
  1690:   -4    2    1    0   -5    0   -1    2    1   -3 
  1700:    1   -1    0    0    0    0    0    0    0    0 
  1710:    0    0    0    0    0    0    0    0    0    0 
  1720:    0    0    0    0    0   -1    0    2   -1   -1 
  1730:    0    0   -2    3    2    2    5   -7    0   -2 
  1740:   -6    0    7   -2   -4   -3    5    5   -2    4 
  1750:   -4    5   -4    5    1    0    0    0    0    0 
  1760:    0    0    0    0    0    0    0    0    0    0 
  1770:    0    0    0    0    0    0    0    3    3    0 
  1780:   -1    0   -3   -3    0   -2   -8    2    6    0 
  1790:    0    1   -9   -1    0    1   -1   -4    6    0 
  1800:   -6    1    0    1    5   -2    0    0    0    0 
  1810:    0    0    0    0    0    0    0    0    0    0 
  1820:    0    0    0    0    0    0    0    0    0    3 
  1830:   -3    2    3   -1    1   -1    2   -3    5    5 
  1840:   -4    0   -9   -8    5    3   -1    4   -3    3 
  1850:   -6    2   -5    2    3    0   -4    2    0    0 
  1860:    0    0    0    0    0    0    0    0    0    0 
  1870:    0    0    0    0    0    0    0    0    0    0 
  1880:    0   -4    0    1    2    4    0   -3   -9    1 
  1890:   -7    1   -1    5    1   -9   -4    7    6   -3 
  1900:   -1    3    4    0   -4    1    6    3   -3   -1 
  1910:    0    0    0    0    0    0    0    0    0    0 
  1920:    0    0    0    0    0    0    0    0    0    0 
  1930:    0    0    0    0   -2   -2    0    0    1    3 
  1940:   -3    5   -3   -2   -3   -4   -7    4    0   -8 
  1950:   -1   -8    6    1    3    3   -2    0    3   -1 
  1960:    0    0    0    0    0    0    0    0    0    0 
  1970:    0    0    0    0    0    0    0    0    0    0 
  1980:    0    0    0    0    0   -5    2    8    0   -1 
  1990:    1   -5   11   -4    2   -3   -2    2    0    0 
  2000:    3    3   10   -1   -5    1   -1    1    4   -2 
  2010:   -1   -2   -4    0    0    0    0    0    0    0 
  2020:    0    0    0    0    0    0    0    0    0    0 
  2030:    0    0    0    0    0    0    0    1   -2   -1 
  2040:   -1    0   -5    9   -1    0   -3   -4    0    2 
  2050:   -8    6    4   -4   -7    1    6   -1    0   -4 
  2060:    0   -1    3    4    1   -1    0    0    0    0 
  2070:    0    0    0    0    0    0    0    0    0    0 
  2080:    0    0    0    0    0    0    0    0   -1   -6 
  2090:    0    1    5    1    5    0   -3   -4    3   -1 
  2100:    0    5   -1   -5   -1   10    8  -10   -2   -4 
  2110:   11   -1    0    3   -4   -1    0   -3    0    0 
  2120:    0    0    0    0    0    0    0    0    0    0 
  2130:    0    0    0    0    0    0    0    0    0   -1 
  2140:   -3    0   -2    4    5    1   -6    2    3    4 
  2150:   -1    5    3   -2    0    5   -3    6   17    3 
  2160:   -9  -13   -8    1    9   -6   -1    0    2   -5 
  2170:    0    0    0    0    0    0    0    0    0    0 
  2180:    0    0    0    0    0    0    0    0    0    0 
  2190:    0    1    2   -2   -8   -7    1    1    2    4 
  2200:   -1    2    1   -3   -5   -1    0    3    2   -5 
  2210:   -3   16   15   10    3  -14    3    2    2   -6 
  2220:    3   -1    0    0    0    0    0    0    0    0 
  2230:    0    0    0    0    0    0    0    0    0    0 
  2240:    0    0    0   -2   -4    2    4    1   -6    3 
  2250:   -4   -2   -1    0   -1    6    0    2    1    1 
  2260:    0    5   -3   -1    6   17    7    1  -11    2 
  2270:    6    0    0   -5    1    0    0    0    0    0 
  2280:    0    0    0    0    0    0    0    0    0    2 
  2290:    0   -1    0   -2   -3    5    2   -2    2   -5 
  2300:    1   -1    5    2    2   -2   -2    1   -3    5 
  2310:   -3    4    1   -3    9   -7    6    4   11    3 
  2320:   -8    7    4   -1   -2    0   -2    0    0    0 
  2330:    0    0    0    0    0    0    0   -1    0    0 
  2340:    0    0    0    0    1    5    0   -3    1    4 
  2350:   -4    0    0   -1   -2    6    4   -2    1    0 
  2360:   -2   -3    6    7   -6    0   -2    2    1   -5 
  2370:    2   -2    2  -11    7   -4    1   -3    2    0 
  2380:    0    0    0    0    0    0    0    0    1    0 
  2390:   -2    1   -2    1   -2   -1    0   -1   -1   -2 
  2400:    1    1   -1    1   -1   -1    0    1    1    2 
  2410:    1    0    1    0   -1   -1    0   -2   -1   -1 
  2420:    0   -1    1    0    0    3    0    0   -1    2 
  2430:    0    0    0    0   -1    0    1    0    0    0 
  2440:   -1    0    2    1    1    0    0    0    0   -1 
  2450:    0   -1    3    1    0   -3   -1    1    4    2 
  2460:    1    3    0    2   -1    0    0    0    0    0 
  2470:    0    0    0    1    1    0    2    0    0   -1 
  2480:    0    3    0    0    1    0   -1    0    0    0 
  2490:    0    0    0    2    0   -1 
