     0:    0    0    0    0    0    0    0    1    1   -1 
    10:    2   -1    3   -1    0    0    0    0    0    0 
    20:    0    0    0    0    0    0    0    0    0    0 
    30:    0    3   -6   -2    9   -1    0    0    0    0 
    40:    0    0    0    0   -1   10    6   -5    6   -4 
    50:  -10  -12    2   -1    1    0    0    0    0    0 
    60:    0    0    0    0    0    0    0    0    0    1 
    70:    0   -1    0    0    0    0    0    0    0    1 
    80:    0   -1   -6    1    3   -6    2   -5   -4   -4 
    90:    4    1   -4   -1    0    0    0    0    1    0 
   100:    0    1    0    2   -2   -2    0    0    0    0 
   110:    0    0    0    0    0   -1   -7    0    2   -6 
   120:   -9    0    5    2    8    7   -1    6    4  -10 
   130:    2    4    0    2    1   -2   -1    0   -2   -2 
   140:    6   19   11   -4    0    0    0    0    0    0 
   150:    0    0    1   11   -3   -4   -2   -1   -3    5 
   160:    6   -7    0    5    2   -2    1   -2   -5   -4 
   170:    3   -6   16    2    1   23   14    0  -10   -9 
   180:   13   -1    0    0    0    0    0    0   -1   -3 
   190:   -6   11   12   -8   -7   -4   -4    6    4    2 
   200:    5    2    0    1   -1    3   -4   -3   -1    1 
   210:   -8   -3    0  -17   -6   10   -5  -16    0    0 
   220:    0    0    0    0    0   -6   -5    5   -5    8 
   230:    1    5    3    1   -1   -4   -5    0    3   -1 
   240:   -3   -2    2    7   -4   -1    1   -2   -6   10 
   250:    2    3    8    5   -8    9   -1    0    0    0 
   260:    0   -4  -10    3   -3   -6   -9   -1    2    1 
   270:    3    5    5    0   -1    4   -2    1    1    0 
   280:    0   -3   -2    1    0   -8   -4    3    1    8 
   290:   -3   -7    7   -1    0    0    0   -2   19   -4 
   300:  -12   -7   -2    2   17    8   -5    1    1    0 
   310:    0   11   -1    1    4   -4    2    1    2   -1 
   320:   -3   10   -2  -12    1   -1   -4   -1   21    0 
   330:   -1    0    0    0   -2  -19   10    6   -5   -5 
   340:   -3  -14    0   -1   -5   -5    2   -5   -2    1 
   350:    5   -2   -3    1   -1   -6   -2   -6   -5   -7 
   360:   -7    7    7   -6   -9  -17   -3    8   -1    0 
   370:   -2   12    3   -5   14   -3    0    2   -5   -4 
   380:    4    0   -1    2    3    3    7    4    4   -2 
   390:   -4    2    0   -4  -10  -18   -6    0    3   -9 
   400:  -10   12    2    5    1   -2    0   -2    2   -7 
   410:   -2   10    4   -6    3    6    1   -4   -2   -1 
   420:    1    0   -4   -1  -10    3    5    2    8    8 
   430:   10    4    8    3   13   -2   12   12   -1    1 
   440:   -3    9   -1    0   -3   -4   12  -14   -4    4 
   450:    7   -2   -2    0   -1   -2   -1    0  -10    0 
   460:    3    2   -2   -7   -2   -2   -2   -4   -5  -11 
   470:  -23   -7    0   -7   -8   -5   -2    0  -12    1 
   480:   -1   -3    0    3    0    0    0    4    0    2 
   490:   -1    2    1   -4   -2   -1   10    4   -5   -1 
   500:    6    3   -1   -7    4    1    5   22    8    9 
   510:   12    1    3    2    6    1    1   -1   -3    4 
   520:   -9   -3    5    0    4   -3   -2   -1   -4   -1 
   530:   -2    2    2    3    7    8   10    0   -2    1 
   540:    2    5  -10  -16  -14    1   13    0   -8   -5 
   550:   -3   -5   -4    6   -1    3   -6    1   -5   -2 
   560:   -6    0    1    2   -3    2    0   -4   -1   -4 
   570:    0    4   -1  -17   -6    5    7    3   10    3 
   580:    8    3  -10    0    4   -2  -16    1  -10    7 
   590:    7   -4   10   -5    4   -1    8   -2   -9    1 
   600:   -2    2    6    2    5    2    5    2    1    1 
   610:   11    4   -4   -1   -5    0   -5   -9   -2    2 
   620:    3    7  -11   -7    4    2    2    6   -3   11 
   630:   -7   -3   -2   -5    2    4    4    2    1    5 
   640:    4    3    1   -4    1    7    2    1   -3    4 
   650:    4    3    3    1    1    0   -2    7   -4    3 
   660:    5   -2    2    2   -1   -3    8  -15    1   15 
   670:    0   -1    0    6   -2   -3    2    0   -2    7 
   680:    1   -1   -2   -3    0   -5    3    4    0    1 
   690:    6   -7    0    1    2    8    0   -5   -7   -4 
   700:    5    1   -4   12   -2    1   -3   -5    2    6 
   710:    1    8   -1    4   -3   -3    1    2   -1    0 
   720:    0   -1   -1   -4  -11   -6   -4    5   -6   -4 
   730:    1    3   -7   -7    1   -1   -3    2   -2   -3 
   740:   12   -6   -4    3   -1   -3   -1   -3   -4    3 
   750:    1    2   -1    3   -2    0   -1    0    4    2 
   760:   -3    1    3    3    0    0   -2    1    5   -4 
   770:    5   -3   -2    7    4    7   -3   14   -6   10 
   780:   -2    4   -1   -2    2    2    2   -2    0    1 
   790:    0   -6   -5    5   -5   -2    6   -1    0   -4 
   800:   -2    2   10    0   -7    2    7    6   -1   -2 
   810:    0  -10    5   -1   10  -11    0    2    0    4 
   820:    7   -1   -6   -1    3   -3   -1   -1    3    1 
   830:   -3    5    5    4    0    0    1   -4   -2   -2 
   840:   -6    3    6   -1    0   -1    6   -1    7    4 
   850:   -1    4  -17    6    7   -1    2    1   -2    0 
   860:   -1    4    2   -1    1   -6    1    1   -1   -3 
   870:    0   11    4   -4    0   -2    4    4   -5    5 
   880:   18   -2   -3   -5    2    4   -2    0   -2   -9 
   890:    0    6    3   -4    4   -1   -4   -1   -1   -6 
   900:    0    3    0    1    1    1    4    0    4    2 
   910:   -5    0    8    0   14    3    0   -8   -2    0 
   920:  -12   -1    5   -1    0   -3   -8    7   -3    1 
   930:   -6   -2   -1    3    4   -7   -5    5    9    2 
   940:    1   -3    2    4    4    6    0    0   -3    1 
   950:    2    3   -3   -8    6    2   -2    5    7    3 
   960:   -1    0   -2    6    5    1  -12    0   -2    9 
   970:    3    3   -6   -8   -3    0   -4   -7   -6   -6 
   980:   -1   -2   -4   11   -1    7   -4    4    6   -7 
   990:    5    6   -4    9   -5   -3    0    0    0   -1 
  1000:    3   -8    8    4    2    1   -2    2   -5   -4 
  1010:    1    0    2    3    3    0   -4   -2   -8  -12 
  1020:  -11   -7    0  -17   -1   12  -12    2   -4   11 
  1030:    0    4   -2   -2    0    0    0   -1    2   -5 
  1040:   -4    8   -6   -5    6   -2    2    3   12   15 
  1050:    9    1  -10    5   -3    6   -6   -2  -13   -9 
  1060:   -3    8   13   -3    6    7    1    5   -1   -6 
  1070:   -1    0    0    0    0    0    1   -5    0  -10 
  1080:    1   -9   -2    4   -7  -10   -3   -2    1    7 
  1090:    6   13    5  -21   -6   -2   -2   -4    3    6 
  1100:   -2    1   11    0  -10    0    4   -1    0    0 
  1110:    0    0    0    0    1    1   -8  -11    1   -4 
  1120:  -11    0   -6   11    2   15   -3    3    5  -11 
  1130:    0    0    1    2    7   12    7    3    6    0 
  1140:   -8  -11   -3    1    0    0    0    0    0    0 
  1150:    0    0    0   -2    1   -5  -10   10   -8   -3 
  1160:    1   -3    1   -6    3    8   -2  -18    0   -4 
  1170:   -4   13    2    3   -8   -4    1   -7   -8   -1 
  1180:    0    0    0    0    0    0    0    0    1    2 
  1190:   -1    3   -2   -5    2    0  -11   15    0   -3 
  1200:    8   -1    1    0    5    4   -7   -7   13    2 
  1210:    4   -4    3   -9   -9    5    2   -1    0    0 
  1220:    0    0    0    0    0    8   -5   -4    5    7 
  1230:   -6    7    4    2    3   -4   -3   -6    2    3 
  1240:    1    6  -10    8   -5    8   -6    4   -4    4 
  1250:    4   -4    0   -1    0    0    0    0    0    0 
  1260:   -2    0   -5   -6    2    6   -1    8   -2   -4 
  1270:    0   -4   -2   -1    2   -3    7    1    4   17 
  1280:   -6   -5    9    3   -3  -11   -9    0    0   -3 
  1290:    0    0    0    0    0   -1   -3    2   18   13 
  1300:    5   -6  -11   -7   -4    2    4    3   -4    1 
  1310:   -3    0   -5   -3    3   -1  -10   -3    6   -2 
  1320:    0   12    1    3    0    0    0    0    0    0 
  1330:    0    0  -18  -13   -6    5   -3   -5   -6    1 
  1340:  -21   17    8   -5    4   14  -14   -6   -1   -2 
  1350:   -2   10  -12   -5   -6    2   -2   -5    3   -1 
  1360:    1    0    0    0    0    0    0    0    0  -10 
  1370:   -8   -1    7   -3   -1    0    4   -1   -1    3 
  1380:    1   -3    2    3   -3   -2   -2    2   -4    2 
  1390:    1    4    1    0    0    0    0    0    0    0 
  1400:    0    0    0    0    0    0 
