     0:    0    0    0    0    0    0    0    0    2    0 
    10:   -1    1    1   -3   -2    0    0    0    0    0 
    20:    0    0    0    0    0    0    0    0    0    0 
    30:    0    0    1   -1   -1    0    0    0    0    0 
    40:    0    0    0    0   -1    1   -1   -4   -2   -1 
    50:   -2   -4    1   -1    1    0    0    0    0    0 
    60:    0    0    0    0    0    0    0    0    0    0 
    70:    0    0    0    0    0    0    0    0    0    0 
    80:    1    0   -1   -3   -1    0   -4    6    5   -2 
    90:   -4    2    4    0    1    0    0    0    0    0 
   100:    0    0    0    0    0   -2    0    0    0    0 
   110:    0    0    0    0    0    0   -2    0    0   -1 
   120:   -1   -4    0    1    4    9   -5   -1    0    2 
   130:    1    2    1    0   -1   -1   -1    0    3    2 
   140:    0    0    0    0    0    0    0    0    0    0 
   150:    0    0    0    2    0    0    0    1    1   -3 
   160:   -7    9    3   -2    0   -1   -1    2    1    1 
   170:    4    2   -2    0   -1   -1   -1    0   -1    0 
   180:    0    0    0    0    0    0    0    0    0    2 
   190:    3    1   -1    0   -2    0    0    2   -3   -7 
   200:   -2    3    1    0    0   -1    0   -1   -1    0 
   210:    1    0    1    0    1   -1    0    0    0    0 
   220:    0    0    0    0    0   -1    1   -1   -1    2 
   230:   -1   -1    0    1    2    1    1   -3    0   -1 
   240:   -1   -1    1   -1    0   -1    0    0   -1    0 
   250:    0    0    2    3    0    0    0    0    0    0 
   260:    0    0    0    0    0    0   -1    0    4    2 
   270:    1   -1   -6   -5    4    1    1    5    0    0 
   280:    0    0   -1    1    2   -2    0    0    0   -1 
   290:   -2    2    2    0    0    0    0    0   -1   -1 
   300:    0    0    0    0    3   -2   -2    2    2    2 
   310:    6   -2    2    5   -1   -1    0    0   -1    0 
   320:    2   -2   -2   -1   -3    1    4    0   -1   -2 
   330:    0    0    0    0    0    0    0    0    0    1 
   340:    2   -5   -1    1   -2    1   -2    1    2    0 
   350:   -1   10    7    0    0    1    0    2    0    1 
   360:   -1    0    0    1   -2   -1    0    0    0    0 
   370:    0   -1    0   -1   -2    0    1   -1   -2    0 
   380:    3    0   -1    1    0   -2    3    0   -1    2 
   390:    0    0   -1    0    0    0    1   -1    1   -2 
   400:   -1    1    2    1    2    0    0    0    0    1 
   410:    1    2    0    0    0    0   -1    1   -1   -1 
   420:    0    0   -1   -4    4   -3    3   -2   -1    1 
   430:    0    0    0    1   -1   -2    0    0    0    0 
   440:   -2    2    0    0    0    1    1   -1    1    0 
   450:   -1    0    1    0   -1   -1    0    0    0    0 
   460:   -3    0   -1    1    1    2    1    0    2   -1 
   470:   -3   -2    1   -1   -1   -1   -1    0    0    1 
   480:    0    0    2   -2    0    0    0    1   -2    0 
   490:    0    0    0    3    0   -1   -1    0    1    1 
   500:   -2    0    1    0   -1   -1    1   -1   -1    0 
   510:   -2    1    1    1   -1   -1   -2    0    0    1 
   520:    0    0    0    0   -1    0    2    0    0   -1 
   530:   -2    0    0    0    1   -1    0    0   -3   -1 
   540:    0    1    6    0   -2    0   -3    1    2    0 
   550:    0   -1   -2    0    0    0   -3    0    0    0 
   560:    0    0    0    1    3    1    1   -1    3    2 
   570:    0   -1    1   -1    0    0    1    4   -1   -1 
   580:    0    0    0   -2   -4    0   -2   -1    0    0 
   590:   -3    0    0    0    0    0    0    1    0   -1 
   600:    1    2    1    0    1    1    1    0    0    0 
   610:   -1    1    1    1    1   -1   -2   -1   -1   -2 
   620:   -2    0    1    2   -3   -2   -1    1    0    0 
   630:   -2    0   -1    0    1    1    0    0    0    0 
   640:    1    1    1    0    0    1    0    0    1    0 
   650:    1    0   -1    0    0    0    2    1    2    2 
   660:    1    0    0    1    1    0    0    0   -1   -1 
   670:   -1    1    1    1    0    0    0    0    0    0 
   680:    0    0    0    0   -2   -2   -3   -2    0    1 
   690:    2    0   -1   -1   -1    0    0   -1   -1    0 
   700:   -2    0    0    1    1   -1   -1    0    0    0 
   710:    0    0    1   -1   -1   -1   -1    0   -1   -1 
   720:    1    2    1    1    6    0    0    2    0    2 
   730:   -1    0   -1   -1    1    0   -3    0    1    0 
   740:    0    1   -1    0    0    0   -1    0    2    1 
   750:   -1    0    1    1    0    1    0   -1   -4   -6 
   760:   -3    0    2    1    1    0    0    7    4    1 
   770:   -1   -1    4    3   -1    0    0    0    0   -1 
   780:   -1    0    0    1    0   -2   -2    0   -1   -2 
   790:   -1   -3   -2   -3   -2    6    5    9    0    1 
   800:    0    2   -3    0   -1    1   -3    4    0   -5 
   810:   -5    0    0    0    0   -1    0    0    3   -4 
   820:   -4   -3    1    0    3    1    0   -1   -2    4 
   830:    5   -1   -7    7   -3   -3    1    0    2   -1 
   840:    1    1    0    2   -3    3    0    0   -1    0 
   850:    0    0    0   -1    1   -2   -2    0    1    2 
   860:    0   -3   -6  -10   -8   -4   -5   -3   14   -1 
   870:   -4   -1    5   -1   -1    3   -1    1    0    3 
   880:   -1    2    0   -1    1    0    0    0    0   -4 
   890:   -3   -3    4   -1    0    0   -1   -1   -5   -6 
   900:  -12   -7  -11  -10    1   11   -4   -1    0   -1 
   910:   -2   -4    1    0    0    0    1   -2    0   -4 
   920:    1   -2    1    0    0    0    1    2    2   -3 
   930:    5    0    0   -2    0    4   -2    2    0   10 
   940:   -2    4    1    0   -2   -3   -1   -1    1    1 
   950:    0    0    1    0   -1   -2    2   -2    4   -1 
   960:    0    0    0   -4   -7   -2    4   -1   -1    1 
   970:    4   -3   -7    2   -3    0    9   -8    1    2 
   980:    3    1   -2   -4   -3   -4    0   -1    2   -2 
   990:    1    3   -3   -1    0    0    0    0    0    0 
  1000:    0    1   -7    2    3   -1    0    5   -3    3 
  1010:   -2   -1   -3    6   -3   -1    1    3    1   -2 
  1020:    2   -5    2    3    0    0    1    4    2    1 
  1030:    1   -2    0    0    0    0    0    0   -1    0 
  1040:    2    0    2    2    4   -3    0   -2   -1    0 
  1050:   -1    3    2    2   -3    1    3   -1   -1    2 
  1060:    0    1    0    2    0   -2    0    2   -3    4 
  1070:    0    0    0    0    0    0    0   -3    2   -6 
  1080:   -1   -1    2   -1   -2    1    1    0    0    2 
  1090:   -3    0    1    0    0    0    0    0   -2    2 
  1100:   -3   -6    0   -6    1   -1   -2    0    0    0 
  1110:    0    0    0    0    0    0    1   -2    0    2 
  1120:   -4    0    3    0   -1    3   -3   -4    2    1 
  1130:    2    0   -1    1    1   -8    2   -6    1   -4 
  1140:    1    2    0    0    0    0    0    0    0    0 
  1150:    0    0    0    1   -5    0   -1    1    5    1 
  1160:    1   -2   -1    6   -1    6   -3    3    0   -4 
  1170:    5   -3   -4    6    3    6   -7    2    0   -3 
  1180:    0    0    0    0    0    0    0    0    0   -3 
  1190:    5  -10    5   -3    0    0    2   -1   -1    4 
  1200:   -3    1   -7    5    2   -1    3   -4    0    0 
  1210:   -3    3    3   -1   -2    1   -1    0    0    0 
  1220:    0    0    0    0    1    0   -3   -5   -4    1 
  1230:   -1   -3    3    1    2    0   -1   -3   -3   -2 
  1240:    3   -5   -1   -4   -4   -1    2    1   -4    0 
  1250:   -1   -1    1    0    0    0    0    0    0    0 
  1260:    1    4   -2    2    1    6    0    5   -1  -13 
  1270:    2    3    0    6    1    2   -5    0    4   -2 
  1280:   -1    8    2    1   -1   -2    3    0    0    0 
  1290:    0    0    0    0    0    1    1   -5   -2    2 
  1300:   -2   -3    1   -1    2    0    5   10    0   -2 
  1310:    4    9    1   -1    0    0    0   -1   -4   -4 
  1320:    0   -2    1    1    0    0    0    0    0    0 
  1330:    0    0    0    1   -1    6    2    0    2    5 
  1340:    6   -2   -1    4   -4   -4    3    3   -3   -6 
  1350:    0   -3   -3    4    2    7    3    1    0    0 
  1360:    0    0    0    0    0    0    0    0    0    0 
  1370:    0    0   -1    0   -1   -1    0   -1    1    0 
  1380:   -1    1    1   -1    0    1    1    0    1    0 
  1390:   -1    0   -1   -1    0    0    0    0    0    0 
  1400:    0    0    0    0    0    0 
