     0:    0    0    0    0    0    0    0    0    0    1 
    10:    0    0    0    0    0    0    0    0    0    0 
    20:    0    0    0    0    0    0    0    0    0    0 
    30:    0    0    0    0    0    0    0    0    0    0 
    40:    0    0    0    0    0    0    1    0    0    0 
    50:    0    0    0    0    0    0    0    0    0    0 
    60:    0    0    0    0    0    0    0    0    0    0 
    70:    0    0    0    0    0    0    0    0    0    0 
    80:    0    0    0    1    0    0    1    0    0    0 
    90:    0    0    0    0    0    0    0    0    0    0 
   100:    0    0    0    0    0   -1    0    0    0    0 
   110:    0    0    0    0    0    0    0    0    0    0 
   120:    0    0    0    1   -1    0    0    1    0    1 
   130:    0    0    0    0    0    0    0    0   -1    0 
   140:    0    0   -1    0    0    0    0    0    0    0 
   150:    0    0    0    1    0    0    0    0    0    1 
   160:    0    0    0    0    0    0    0    0    1    0 
   170:    1    0    0    0    0   -1    0   -1    0    0 
   180:    0    0    0    0    0    0    0    0    0    0 
   190:    1    0    1    0    0   -1    0    0    0    0 
   200:   -1    0    0    0    0    0    0    1    0    1 
   210:   -1    0    0    0   -1    0    0    0    0    0 
   220:    0    0    0    0    0    0    0    2   -1    1 
   230:    1   -2    1    0   -1   -1   -1    0    0    1 
   240:    0    1    0    1    0   -1    1    1    0    0 
   250:    0    0    1   -1   -1    0    0    0    0    0 
   260:    0    0    0    0    1   -1    0    0   -1    0 
   270:    0   -1    0   -1    0    1    0    0    0    0 
   280:    0    0    0    0    1    0   -1    0    0    0 
   290:   -1   -1    1    0    0    0    0    0    0    0 
   300:    0    0   -1    2    0    0   -2    0    0    1 
   310:   -1   -1    0    0   -1    0    1    0    0    0 
   320:    0    0    0    0    0    0    0    0    0   -1 
   330:    0    0    0    0    0    0    0    0   -1    0 
   340:    1    0    0    0    0    0    0    0    0    0 
   350:    1    0    0    0    0    0    0    0    0    0 
   360:    0    0    0    0    0    1   -1    0    0    0 
   370:    0    0    0    0    0    0    0    0    0    0 
   380:    0   -1    0   -1    1    0    0    0    0    0 
   390:    0    0    0    0    0    0    0    0    0    0 
   400:    0    0    0    0    0    0    0    0    0    0 
   410:   -1    0    0    0   -1    0    0    0    0    0 
   420:    0    1   -1    1    0    0   -1    0    0    0 
   430:    0    0    0    0    0    0    0    0    0    0 
   440:    0    0    0    0    0    0    0    0    0    0 
   450:    0    0    0    0    0    0    0    0    0   -1 
   460:    0    0    1    0    0    0    1    0    0    0 
   470:    0    0    0    0    0    0    0    0    0    0 
   480:    0    0    0    0    0    0    0    0    0    0 
   490:   -1    0    0    0    0    0    0    0    0    0 
   500:    0    0    0    0    0   -1    0   -1    0    0 
   510:   -1    0    0    0    0    0    0    0    0    1 
   520:    0   -1    0    0    0    0    0    0    0    0 
   530:   -1    0    0    0   -1    0    0   -1    0    0 
   540:    0    0    0    0    0    1    0    0    0    0 
   550:    0    0    0    0    0   -1    1    0    0    0 
   560:    0    0    0    0    0    0    0    0    0   -1 
   570:   -1   -1    0    0   -1    0    0    0    0    0 
   580:    0    0    1    1    0    0    0   -1    0    0 
   590:    0    0    0    0    1    1    0    0    0    0 
   600:    0    0    0    0    0    0   -1   -1   -1   -1 
   610:    1   -1    0    0    0    0    1    0    0    0 
   620:    0    0    0    1   -1    0    1    0    0    0 
   630:   -1    0    0    0   -1    0    0    0    0    0 
   640:    0    0    0   -2   -1   -1    0    0    0    0 
   650:    0   -1   -1    1    0    0    0   -1    0   -1 
   660:    0    1    0    0   -1    0    0   -1    1    0 
   670:    0    0   -1    0    0    0    0    0    0    0 
   680:    0    0    0    0    0    0    1    0   -1   -1 
   690:    0    0    0   -1    0    0    0    0    0    0 
   700:    0    0    0    0    0    0    0    1    0    0 
   710:   -1    0    0   -1    1    1    1    0    1    2 
   720:   -1    1   -1    1    0    0   -1    1    1    0 
   730:   -1    0    0    0    0    1    0    0    0    0 
   740:    0    0    0    0    0    0    1    0    0   -1 
   750:    0    1    1    0   -1    0    1   -1    2    0 
   760:    0    0    0    0    1    0    0    0    0   -1 
   770:    0   -1    1    0    0    0    0    0    1    0 
   780:    0    0    0    0    0    0    0    1    0    0 
   790:    0    0   -1    0    0    1    1    0    0    0 
   800:   -1    0    0    0    0   -1   -1    1   -1    1 
   810:    1    0    0    0   -1    1   -1    1    0   -1 
   820:    1    0    0    0    1    0    0    1    1    0 
   830:    0    1    0    0   -1    1    0    0    0    0 
   840:    0   -1    0    0    0    0    0    0    0    0 
   850:    0    0    1   -1    0    0    0    1    0    0 
   860:    0    0    0    0    0    0    0    0    0   -1 
   870:    0   -1    0   -1    0    0    1    0    0   -1 
   880:    1   -1    0    0    0    0    0    0    0    0 
   890:    1    0    0    0    0    0   -1    0    0    0 
   900:    2   -1    0    0    0    1   -1    0    0    0 
   910:   -1   -1   -1    0    0    1    0    0    0    0 
   920:    0    0    0    0    0    0   -1    0    0    0 
   930:   -1    0    0    0    0    0    0    0    0    0 
   940:    0    0    0    0    1    1    0   -1    0    0 
   950:    0    0    0    0    0    0    0    0    0    0 
   960:    0    0    0    0   -1    1    0    0    0    0 
   970:    0    0    0    0   -1    0   -1   -1    0    0 
   980:    0    0    0    0    0    0    0    0    0    0 
   990:    0    0    0    0    0   -1    0    0    0    0 
  1000:    0    0    2    0    0    1    0    0    0    0 
  1010:    0    0    0   -1    0    0    0    0    1    1 
  1020:    0    0    0    0    0    0    0    0    0   -1 
  1030:    0   -1    0    0    0    0    0    0    0    0 
  1040:   -1    0    1   -1    1   -1    1    0    0    0 
  1050:    1    1    0   -1    0    1    0    0    0    1 
  1060:    0    0    0    0    0    0    0    0   -1    0 
  1070:    0    0    0    0    0    0    0    0    0    1 
  1080:    0    0    0    0    0    0    0    0    0    0 
  1090:    0    0    0    0    0    0    0    0    0    0 
  1100:    0    0    0    0    1   -1    0    0    0    0 
  1110:    0    0    0    0    0    0    0    1   -1    0 
  1120:    0    0    1    0    0    0    1   -1    1   -1 
  1130:   -1    0    0    0    0    0    1    0    0    0 
  1140:    0    1    0    0    0    0    0    0    0    0 
  1150:    0    0    0    0    0    0    0   -1    0    0 
  1160:    1    0    0    0   -1    0    1    0    0    0 
  1170:    0    0    0    1    0    0    0    0    0    0 
  1180:    0    0    0    0    0    0    0    0    0    0 
  1190:    1   -1    0    0    0    0   -1    1    0    0 
  1200:   -1   -1    0    0    0    0    0    0    0    0 
  1210:    0    0    0    0    1   -1    0    0    0    0 
  1220:    0    0    0    0    0    0    0    0    0    0 
  1230:    0    0    0   -1    1    0    0   -1   -1    1 
  1240:   -1   -1    0    0    1    0   -1    0    0    0 
  1250:    0    1    0    0    0    0    0    0    0    0 
  1260:    0    0    0    0    1   -1    0    1    0    0 
  1270:    0    0    0    0    0    0    2   -1    0   -1 
  1280:   -1    1    0    0    0    0    0    0    0    0 
  1290:    0    0    0    0    0    0    0    0    0    0 
  1300:    0    0   -1    0    1    0    0    1    0   -1 
  1310:    0    1    0    1    0    0   -1   -1    1    0 
  1320:    0    0    0    0    0    0    0    0    0    0 
  1330:    0    0    0    0    0    0    0    0    0    0 
  1340:    0    0    0    0    0    0    0    0    0    0 
  1350:    0    0    0    0   -1    0    0    0    0    0 
  1360:    0    0    0    0    0    0    0    0    0    0 
  1370:    0    0    0    0    0    0    0    0    0    0 
  1380:    0    0    0    0    0    0    0    0    0    0 
  1390:    0    0    0    0    0    0    0    0    0    0 
  1400:    0    0    0    0    0    0 
