     0:    0    0    0    0    0    1   -1    2    0   -1 
    10:    0    0    1    0   -1    1    1    1   -1    1 
    20:    0   -4   -2   -3    3   -1    0    0    0    0 
    30:    0   -5   11  -18    1   -1   -5   -5    1    0 
    40:    2   -1    1    1    4  -16   -3   -9    0   12 
    50:    0    0    0    0    0    0    0   46    2    7 
    60:    5   21   35  -17  -19    3  -13   11   -7   -6 
    70:  -10  -35   14   12  -53    6    5   -1    0    0 
    80:    0    0   -5  -24    5   24    8    0  -10  -15 
    90:  -27   17    6  -20  -16    7   -5   -5   -3  -17 
   100:   24    6   -1    0    0    0    0   -1    0   10 
   110:   11   12   -2    3   15   13    5   10   15    7 
   120:    7   13   26  -18   -9   -9  -16  -15    2    0 
   130:    0    0    0    0   -2    2   10   -8   -5   -3 
   140:   14   -8    9   -6   13   -7    7   11   12   -6 
   150:  -49   -1    2    1    0    0    0    0    0    4 
   160:   -5   13    9    4   -3   -8    2    9  -13   -1 
   170:   44  -17   -7  -13   14    3    1    1    0   -1 
   180:    0    0    0    0    1  -10  -16   12   -8    1 
   190:   -5  -22   -2   12  -13    2  -15   13   10   -7 
   200:    8    2   -3    0    0    0    0    0    0    0 
   210:    0    1   12    9   -3   -2   -8   -3   -7   -6 
   220:  -17   -7    8  -11    5  -17   -1   -7   -6    1 
   230:    0    0    0    0    0    0    0    0    4   -7 
   240:   -4    2   -1   -6   -7  -13   -8  -25    5   -9 
   250:   -4  -22    1    7    6    0    0    0    0    0 
   260:    0    0    0    0    1   -8   -9  -10   -1   -9 
   270:   -4   -7  -13   12    4    0    0   -8   -1    5 
   280:    5   -1    0    0    0    0    0    0    0    2 
   290:   14  -25    5    5  -11   14    0   -6   -1   23 
   300:  -12  -19  -11   15    9    3   -5    1    0    0 
   310:    0    0    0    0    0   -1  -10    6   12    4 
   320:   -3    4    5  -19   -7   24  -19    1    5   12 
   330:    4   18    0    0    0    0    0    0    0    0 
   340:    0    1   -4    8   12  -43    9   21  -20    6 
   350:  -16  -14  -22   -3   10    4  -20    8    1    0 
   360:    0    0    0    0    0    0    0   -1    3   13 
   370:   -3   -5   16   -7   -2    5  -10  -19  -16  -13 
   380:    0  -16  -35    6   -1    0    0    0    0    0 
   390:    0    0    0    0    3   17  -11    3   12  -17 
   400:   19   20   34   16    1   13    8  -20   -2   -4 
   410:    1    1    0    0    0    0    0    0    0    0 
   420:    4  -13  -15  -10  -37  -34  -13   19   18    0 
   430:  -11  -30   23    2   -5   -2    0    0    0    1 
   440:   -1    0    0    0    0    0    2  -17    9    1 
   450:   41  -27   17  -27   -7  -15    0  -32  -13  -18 
   460:   32   -3    0    0    0    0    0    0    0    0 
   470:    0   -1    8   15   -3  -17  -13  -24   10   -8 
   480:  -38   -5    5    3  -11  -13   23    1    0    0 
   490:    0    0    0    0    0    0    0    0    5  -13 
   500:  -30   17  -20   -6   12   15   13   -3  -15  -17 
   510:   11  -10  -44    1    0    0    0    0    0    0 
   520:    0    0    1  -11    7  -12    8   -7   -6    6 
   530:   -1   24   13  -15   12    1  -21   14  -13   -1 
   540:    0    0    0    0    0    0    3   -6    1   17 
   550:  -19  -23    2    9   -1    6    7   -7   -6   -6 
   560:    9    2    1  -13  -23   -8    1    0    0   -1 
   570:    2    5   -5   38  -28  -17   25  -18  -36   -5 
   580:  -12    1   15   -1  -20    9  -19   -3  -40   13 
   590:    3   17   -4   -1   -1    4  -30  -25  -46    2 
   600:  -19   25   14  -38  -79  -53  -21    3  -13   -1 
   610:    6   15    2   -2   15   -2  -11    9   -1  -11 
   620:    5  -19   12  -30 
