     0:    0    0    0    0    0    0    0    0    0   -2 
    10:    2   -6    3   -9   -3   -2    0    0    0    0 
    20:    0    0    0    0    0    0    0    0    0    0 
    30:    0    0    0   -3    0    0    0    0    0    0 
    40:    0    0    0    0    0    1   -1   -1   -4   -1 
    50:    4  -12   -7   -3   -2    1    0    0    0    0 
    60:    0    0    0    0    0    0    0    0    0    0 
    70:    0    0    0    0    0    0    0    0    0    0 
    80:    0   -1    1    0    0   -3    1   -3   -3   -7 
    90:   -8    6   -4    3   -4    0    0    0    0    0 
   100:    0    0    0    1    1    1   -1    0    0    0 
   110:    0    0    0    0    0    0   -1   -3    0    0 
   120:    0    0    1   -1   -3   -6   13    6    9    2 
   130:   -1   -2    1    0    0    0    0    1   -1   -2 
   140:   -3    0    1    0    0    0    0    0    0    0 
   150:    0    0    0    0   -1    0    1    1   -3    0 
   160:    0    5   -8    7   -3   -7   -1    3    0    0 
   170:   -1    0    2    2    0   -1    1    4    2    0 
   180:    1    0    0    0    0    0    0    0    0   -1 
   190:    2   -2    1    2   -1    1    0    1   -1    0 
   200:   -2   -1    5    0   -3    1    1   -1   -1    0 
   210:    0    2    2    0    1    1    0    0    1    0 
   220:    0    0    0    0    0    0   -1    0    0    1 
   230:    1    2    0    1   -1    1   -1    3    1    1 
   240:    4    3    0   -1   -1    0    1    0    0    1 
   250:   -1    0   -1   -1   -2    0    0    0    0    0 
   260:    0    0    0    0    0    0    0   -1    0    1 
   270:    1    2   -1    1    0    4   -6   -2    4    1 
   280:    1    2    0    1    0    0    2    1    0    1 
   290:    0    0   -1    0    0    0    0    0    0    2 
   300:   -2    1   -2    1   -1    2   -4   -1    0    1 
   310:    1   -3    6   13   -1   -2    1    0    1   -1 
   320:    0    0    0   -1    3   -1    3   -3    0   -1 
   330:   -1    0    0    0    0   -1   -2   -1   -1   -1 
   340:   -2    7   -1   -1    5   -1   -2   -1   -2    9 
   350:    3   -2    0    1    0    1    0    1    1   -1 
   360:   -1    0   -3    1    0   -2   -1    1    0    0 
   370:    0    0    3   -1    0   -1    0    0    0   -2 
   380:    0   -2   -2    1   -2   -1   -4    1    0    0 
   390:    0   -1   -2    0   -1   -1   -2    2    0    0 
   400:    1   -1   -2    0   -2    0    0    0    0    1 
   410:   -1   -1   -1    0    1    1    0    0    1    2 
   420:    0    0    0    0   -2    0   -2    3    1    0 
   430:    0    0   -1    1   -2    0   -4   -1    1    1 
   440:   -1   -1    1    0    0    0   -2    0    0    0 
   450:    1    0    0    0    0    0   -1   -1    0    0 
   460:    0   -3   -1   -3    0   -3   -2    0   -2   -1 
   470:    0   -2    0    0    0   -2   -3   -2    1   -2 
   480:    0    0    2    4    3    1    1    2    0    0 
   490:    1    1    3    0    1    1    0    1    3   -1 
   500:    2   -1   -1    0    0    0    0    0   -1   -1 
   510:    0    1    0   -2    2   -2    3    0    0    0 
   520:    0    0    0    0    0    1    0    0    1    2 
   530:   -1    1    1    0    2    1    3   -1    0    0 
   540:   -1    2   -3    1    1    1    0    1    1   -1 
   550:   -1   -1    1    0    0    0    0    1    1    2 
   560:    2    1    1    3    3    2    1    1    6    4 
   570:    4    2    1    0    1    3    1   -1    1    1 
   580:    3    1    1    1    3    0    1    2    2   -1 
   590:    2   -1    0    1    1    1   -1   -1   -1    1 
   600:    0    0    0    0    1    2    0    2    1    0 
   610:    0    0    0    1    0    2    0    0   -1    2 
   620:    2    1    2   -2   -1   -1    2    5    1    0 
   630:    1    0   -1   -2   -1   -1    0   -1   -1    0 
   640:   -2   -1   -1    0   -1   -1   -1    0    0    0 
   650:    1    0   -1    0    0    1   -2    2   -2    3 
   660:   -1    3    1    1    1    0    0    1   -1    1 
   670:   -1   -2   -1    0   -1    0    0    0   -1    0 
   680:    0   -1    0   -1   -1    0    0    0    0    0 
   690:    0   -1   -3   -1   -1   -4    1    0    0    0 
   700:   -2    1    0    0   -2   -2    1    0   -1   -1 
   710:    0   -1   -1   -1    0   -1    1    0    0    0 
   720:    0   -1    0    0    0    0    1   -1    1    1 
   730:    1    0    1   -1    0    0    4    1   -3    0 
   740:    0   -1    0   -1    0    1    1    0   -2    1 
   750:   -2    0    0   -1    1    0    0   -1   -1    0 
   760:    0   -1   -1   -1    0   -3    0    2   -5    0 
   770:   -2    3   -2   -1    1    1    0    0    0   -1 
   780:    2    0    0   -1   -1    3   -1    0    2    0 
   790:    1   -1    0   -1    2    0    0    6    7   -1 
   800:    3  -10   10    1   -3   -2    1    5    0    2 
   810:   -1   -5    0    0    0    0   -1    0    1    0 
   820:    0    0   -7    1    0   -2   -1    0    2    2 
   830:    1   -2    3    0   11   -5    4  -12   -8    2 
   840:    0    3    1    1    2   -1   -4   -3    5    1 
   850:    0    0    1   -2    1    0   -1   -3    4    7 
   860:   11    2   -1    0    0    2   -5    0    1   -3 
   870:   13   -6   -3    8    5   14   10   -3    1    1 
   880:    1    3    2    5    5    2    0    0    0   -2 
   890:   -3    3   -2   -1    4   -5   -5    8   10  -15 
   900:    5   -1    4    0    4   -3   16   14    4    8 
   910:    3   -2   -6   -1   11    4    3    1    2    0 
   920:    5  -12   -5    0    0    0    1    3   -1    1 
   930:    3   -6    5   -2    2   13   -1   12   -3   -2 
   940:    2   12    7   13    8   -2   -1   -4   -2   -4 
   950:    1   -3   -3   -1   -7    3    2   -5    0    4 
   960:    0    0    1   -1    5    1    3    0    3   -4 
   970:    1   12    7   10    5   -9   -8   -4    2   18 
   980:    1   -1   -2   -1    0   -2    2    0    4    1 
   990:    3    0    2    0   -1   -2    0    0    0    0 
  1000:    0    2    2    2    0    5   14    3    0    5 
  1010:    7    4    0   -4  -10   -1    3   -6    8    4 
  1020:   -3    1    1   -3    2   -2    0    0    1   -2 
  1030:   -2   -3   -8    0    0    0    0    0    0    1 
  1040:   -4    4   -3    5    6    0    0    9   -5    1 
  1050:    6    6    4    2   -1   -1    5    1   -1    0 
  1060:   -1    3   -2    4    1   -1    1   -5    5    5 
  1070:    2    0    0    0    0    0    0   -1    0   -5 
  1080:   -1   -5   -7    2    7    8   10    7    7    8 
  1090:    6    2    4    0    0    0    0    1   -1    5 
  1100:   -4    5    3    7   -2    5    5    0    0    0 
  1110:    0    0    0    0    0    0   -1    2    0    0 
  1120:    6    4    1    0   -5   -2   -5    6    2    1 
  1130:    3    1    0    3   -6    5    6   -4    6   -5 
  1140:    9   -2   -2    1    0    0    0    0    0    0 
  1150:    0    0    0    1   -1    1    1   -8    6    2 
  1160:    0    3   -2    1   -3    1    1   -3    4   -3 
  1170:    2    4    3   -2    2   -3   -2    2    7    6 
  1180:   -1    0    0    0    0    0    0    0    0    1 
  1190:   -5    4    4   -1  -15   15    1    8  -10    5 
  1200:   -2    5   -4    3   -8    1   -2   -1    2    0 
  1210:    1    1   -5   -1   -3  -13    1    0    0    0 
  1220:    0    0    0    0    1    0    7    2   -2    2 
  1230:    3   -9    3    0   -3    3   -8    5   -4    6 
  1240:    8    3   -1   -4    5    1   -1   -1    0    0 
  1250:    0    2   -2    0    0    0    0    0    0    0 
  1260:    0   -1   -3   -4    0   -1    1   -5    1   -5 
  1270:    6    2   -3    4   -3   -2    0   -5    9   -1 
  1280:    2   -6    2    1    1    2    1    2    0    0 
  1290:    0    0    0    0    0    2    1   -1    1    4 
  1300:    5   -2    6   -5    0   -3    1   -1    0   -1 
  1310:    5    0   -3    0    1   -6    3   -1    1   -2 
  1320:   -6    0    0   -3    0    0    0    0    0    0 
  1330:    0    0    0   -2   -2   -3    1   -1   -2   -4 
  1340:   -2   -3   -2    2   -6    0    1   -1    0   -2 
  1350:    3   -5    1   -8    2   -5   -3    1    0    0 
  1360:    1    0    0    0    0    0    0    0    0    1 
  1370:    1    0    0   -1    0    0    0    1    0    0 
  1380:   -1    0    0   -1    0   -1   -1   -2    0   -2 
  1390:    0   -2   -1   -1   -2   -1   -1   -1   -1   -1 
  1400:   -1   -1   -1   -1   -1   -1 
