     0:    0    0    2   -7   -4    0  -14   -1    8   -4 
    10:    0    0    1    0   -1   -4   10   -6    0    1 
    20:   -5  -18    3   -4    1    5    1    7   19   -3 
    30:   -6   -1   16  -17  -10    1    0   -4   -1   -2 
    40:    0    1    0   -3   -7    0    7    6   -2  -16 
    50:    3   -7    3    0    0   20    8   -8   12   -9 
    60:   -4    1    1   -6    1    0    5    6    0    1 
    70:   -4    0   -2    9   -6    6   -1   -2    1    3 
    80:    0   -3    7    3    8   -6   10  -13   -2    3 
    90:    0    5   -4   -4   -2   -2    0    0   -5    0 
   100:   -3    1    2    7   11   -4   11    1    1   -3 
   110:    0    0   -4   -3   -2    3    4    0    0   -1 
   120:   -3    2    7    4   -1    4    1    3    3   -5 
   130:    2    3    5    1   -5    6    2    3    2    0 
   140:    4    1    2   -8    3   -3    0   11    5    1 
   150:    1    4   -3    2    2   -7   -3   -2   -6   -2 
   160:    6    3    0   -1   -3    3   -1    0    0    2 
   170:    2   -2   -3    3    2    8    0   -2    2    1 
   180:   -5   -3    4   -2   -1    1   -8   -5   -1    0 
   190:   -1   -7   -3    0    9   10  -10    1   -4    6 
   200:    4    3   -1    1   -1    0    4    1   -7   -9 
   210:    0   -3    8    6    1    1   -1   21   -9  -11 
   220:    0   -5   -6   -4    0  -10   -3   -4    3   -3 
   230:    2    3   -2    0    0  -14    0   -3    0    1 
   240:   -6    4    4    7    0   -2   -1    9   18   -3 
   250:   -6   -1    2    0   -1    2  -11    5   -4    5 
   260:    1  -11   -4    2   -7   -8    4   10   -8   -1 
   270:    0    2   -4   13    9   -1  -11    4    3   -7 
   280:   -1  -12   -6   -7  -14    5    1    0    1  -10 
   290:  -13    2   -4    2    1   13    3    1   -3    5 
   300:   -2  -10    3   -1   -4    0    1  -13   10    5 
   310:    0   -5   -1    1   -5   -5    2    2   12   14 
   320:    1    0    0    0    0    2    3   11   -5   -4 
   330:    1   -3   -7   -8    7    5   -5  -10    0    0 
   340:    0    0 
