     0:    0    0    0    0    0    0    0    0    2  -12 
    10:   11  -17   15  -10   -6    0    1    2   -1    0 
    20:    0    0    0    0    0    0    0    0    0    0 
    30:    0    1   -2    9    0    0    0    0    0    0 
    40:    0    0    0    0   -2   13  -18   18   -8    9 
    50:  -16    6   -6  -13    0    7   -6    2    0    0 
    60:    0    0    0    0    0    0    0   -2   -2    0 
    70:   -1    0    0    0    0    0    0    0    0    0 
    80:    2   -4    4   -3    2   12  -15   13  -20   22 
    90:   24    2   33   15  -15    0   -1    0    0    0 
   100:   -1    1   -1    4  -16    4   -3    0    0    0 
   110:    0    0    0    0    0    0    0    7   -2    1 
   120:   -1   -1    1    7    3    7   16  -41  -34  -41 
   130:   18    0   -6    7  -10    8    4    6   -2    2 
   140:    4   -2    5    2    0    0    0    0    0    0 
   150:    0    0    0    5   -5    2   -4   -1    1   -3 
   160:   -2   -6    3  -25   14   37   21  -36   21  -23 
   170:    8   -6    1   -4    2   -7    2   -5    0   -7 
   180:    0    2    0    0    0    0    0    0    2    2 
   190:    0   -1   -3   -6    0    0    1    1    4   -3 
   200:    2   33  -24   15   22  -12   -5    6    2    2 
   210:   -3   -1   -6   -1   -1   -3   -3    3    4    0 
   220:    0    0    0    0    0    2   -4   -2    1   -8 
   230:   -3   -7   -4    2    3    0   -4   11  -30  -27 
   240:  -42   11  -10   -2    5    1    1   -2   -1   -5 
   250:    0    0   -2   -6    0    2   -2    0    0    0 
   260:    0    0    1    3    2    1   -3    2   -4   -6 
   270:    2    1    1   -2   -7    3   25   15   -3    3 
   280:   -2    4    2    0   -3    0    0   -1   -1   -6 
   290:    2    2    5   -5    1    0    0    0    0    2 
   300:    4    2    4   -1    6    5   -2    6   -5   -2 
   310:    8   -1    9   -6   -4   -2    5   -2   -2    0 
   320:    0    3    0   -3   -1    0   -5    4   -1    5 
   330:    1    0    0    0    0    2   -2   -6    0    1 
   340:   -6  -12   -1   -2   -7   -4    2   -1    2    1 
   350:   -8    1    3   -1   -1    1   -1    2    2   -2 
   360:   -3    7    0    3    3   -2    2    6   -2    1 
   370:    0    1   -1    0   -4   -6    1   -2    0    1 
   380:    0    2   -2    1   -1    1   10  -13    0    1 
   390:   -4    0    3   -2    1    1    0   -2    7    0 
   400:    2    2    3    1    3   -1    0    0   -1    3 
   410:   -4    3   -1   -4    0   -3    0    0   -1    3 
   420:   -3    1   -1   -1    6    3    0   -2   -1    2 
   430:    0   -1    0    2   -1    5    1    6   -1   -1 
   440:    0    5    3    0    0   -2    0   -1    2   -2 
   450:   -1   -2    0    1    2   -2    1   -1    2   -1 
   460:    2    0    2    5    3   -1   -1    3    2    2 
   470:    3   -3    4    0   -3   -2    2   -3    3    2 
   480:    0    0   -3  -11    0   -1   -1   -4   -2   -1 
   490:   -2    0   -2   -2    1   -1    3   -2    3    3 
   500:    0    2   -4   -2   -1    5    1    1    2   -4 
   510:    6    0    2   -2    0    0   -6    0    0   -2 
   520:   -4    1    0   -2    0    2   -1    3    3    2 
   530:    2    0    1   -1   -1    3    1    2   -2    3 
   540:    3   -6    6    1    3    3   -2    2    0   -2 
   550:    0    1   -5    6    1   -1    0   -2    1    0 
   560:    0   -7    1    2   -3   -2    0   -2   -4    4 
   570:    2   -2   -1   -1   -2   -2   -2    3   -5    4 
   580:   -6    2    0    5   -6    0    0    4   -5   -1 
   590:   13    0   -1   -5   -5   -2   -4   -2    0    0 
   600:   -2   -3   -1   -4   -1   -4    0   -1    0   -2 
   610:   -1    0   -5    0    2   -4   -4    3   -3    1 
   620:   -1    1    4   -1    1   -4  -12   10   -5    3 
   630:   -7    3    1    2   -2    0    1   -1    2   -1 
   640:   -1    1    0    0    2    2   -2    2    2   -4 
   650:    5    3    0    4    0    0    5    0   -3    2 
   660:   -1   -3    4   -4   11   -2    2   -6    0   -2 
   670:    1   -2   -1    1   -1   -4   -2   -2   -2   -1 
   680:    0   -3    0   -6   -1    2  -14    1    0  -10 
   690:   22  -25    8    4  -10    2   -6   -4    3    3 
   700:   -3    9   -3    1    4   -2    1    1    0   -1 
   710:   -2   -3   -4   -5    0    2   -2   -2   -3   -2 
   720:    3   -2   -1   -2    2   -8   -5   11  -23   19 
   730:  -11   -5    2   -6   -1    4   -8    8    0    2 
   740:   -1    8    1    0    4    2    1    5   -4    5 
   750:    0    2    2    2    0    2   -4    4   -5   -1 
   760:    4   -6   -7   19  -22   16    6   13   -7   -1 
   770:    3    5    0    2   20   -6    2   -1    6    0 
   780:    0    4   -2   -4   -2  -13    6   -3    0    0 
   790:    0    7    7   -1   -3    6   -7    0  -14   11 
   800:  -15    3  -23  -25   31   24  -15    2    2  -10 
   810:  -18   -9   13   -1    0   -3   -6   -1   -5    0 
   820:   -4   -1   11    5   -2   -6    2   -1    2   -3 
   830:   -1   -5   -3   11   -3   15   -1   21   15   -5 
   840:  -38  -17   25   25   19  -17    9   11   -7   -1 
   850:    0    1   -7    1  -18   14  -11    6  -31  -13 
   860:   -8    9  -15    1    0   -3   -3    4   -2   -2 
   870:   -6    7   -3  -14  -27  -15   11   13  -26  -17 
   880:    3   22  -14  -24  -11    3    0    0   -1    7 
   890:   -9   22    0   -9  -10   24   12   -5   -7   11 
   900:   -2    1   -5   -2    5   -7    5  -11  -14   -3 
   910:   37   36   35   24  -16  -34  -37  -35   10   24 
   920:   -9   13    4    0    0   -1    0   -9   13  -22 
   930:   14   11  -12    0    2   -2    6  -13   -4    5 
   940:  -10   -4    3  -17   21   44   35   23   17    8 
   950:  -27  -38  -15  -17   -8   13   34   23  -20    1 
   960:   -1    0    0    0   10  -12   18   22   -8   13 
   970:   -4    6   10   -9   17    9   -8   -6   -6    0 
   980:   14   25  -19  -12  -23    9  -21  -33   -4  -18 
   990:  -10    8    3   11  -17  -16   -2    0    0    0 
  1000:    0    0   -3    0    7  -25   -1    0   13  -10 
  1010:   10  -13   -6   10   16    8    9   -8  -25   10 
  1020:  -15    4    4  -23    8   18   -7    4   -6   11 
  1030:   -5  -12   25    2    0    0    0    0    0   -3 
  1040:    2  -18   10  -13    0  -26   -6  -12   -3    2 
  1050:  -12   -2   -6   -6  -15    0   11   -6   10    0 
  1060:   -1   12    1    6    2    8   -1    5   11   11 
  1070:    1    0    0    0    0    0    0   -2    0    2 
  1080:   -7  -13  -21  -17   -9  -10  -22  -11   -8  -13 
  1090:   -1    2    0  -11   -4    0   -5    3    1   -5 
  1100:    4   12   -4    0   -6  -25  -20    0    0    0 
  1110:    0    0    0    0    0    0    1    2   -7    0 
  1120:   -1   -6    9   30   15   16   22   12   22   -7 
  1130:   17    2    1    7   12   -8    0   11    0    4 
  1140:   -2   18   18    2    0    0    0    0    0    0 
  1150:    0    0   -7   12   -4   -8    6   10   -7   13 
  1160:   20  -10   24  -10   17  -16   14    0  -10    8 
  1170:    7    6   -2    3    4  -12   -5   -5  -16   16 
  1180:    1    0    0    0    0    0    0    0   -2   17 
  1190:    3   -3   13    1  -12   10  -18   20    9  -15 
  1200:   11  -29   18   -5   -5    7  -10   18  -11   13 
  1210:   -4   -6    0   -2    5    3   -9    0    0    0 
  1220:    0    0    0    0    5   -7    4  -13   34  -12 
  1230:  -29   21  -15   11   12  -27   27  -26   33  -23 
  1240:   -3    6   -9   -2  -17   -6  -11    8   -4    0 
  1250:    5   -3   -7   -1    0    0    0    0   -2   -2 
  1260:    2   -7    0   17    7   10  -29   14   13   -5 
  1270:    0  -23   34  -13   19   -2   -5   20  -20    8 
  1280:   -9    8    9  -13    7   -3    3    0    0    1 
  1290:    0    0    0    0    0   -3    4   -1   -8   12 
  1300:   -6   11   -9    0   17    1   17   -8   13   22 
  1310:  -14   17  -13   21  -14   17    4   16    0   11 
  1320:   10   -7    2    5   -1    0    0    0    0    0 
  1330:    0    0   -2    6   -4    6    2   -2    2    3 
  1340:   11    7    0   10   -2    9    1    5    1    5 
  1350:    2    3   -2    6    4    7    3    4   -1    1 
  1360:    0    0    0    0    0    0    0    0    0  -18 
  1370:  -19  -17  -24  -19  -18  -22  -21  -16  -16  -15 
  1380:  -16  -11  -15  -13  -12  -12  -12  -12  -10   -9 
  1390:  -10  -10   -9   -8   -8   -5   -7   -7   -6   -7 
  1400:   -8   -7   -8   -6   -5   -5 
