     0:    0    0    0    0    0    0    0    0    0    1 
    10:    0    0    1    1    0    0    0    0    0    0 
    20:    0    0    0    0    0    0    0    0    0    0 
    30:    0    0   -1    0    0    0    0    0    0    0 
    40:    0    0    0    0    0   -2   -1   -1    1    1 
    50:    0   -1    0    0    0    0    0    0    0    0 
    60:    0    0    0    0    0    0    0    0    0    0 
    70:    0    0    0    0    0    0    0    0    0    0 
    80:    0   -1   -3   -2    1    2    1    2    0    2 
    90:    1    0    0    0    0    0    0    0    0    0 
   100:    0    0    0    0   -2   -1    0    0    0    0 
   110:    0    0    0    0    0    0   -1   -2   -1   -1 
   120:   -1   -1    0   -2   -1    0   -1    0    0    0 
   130:    0    0    0    0    0    0    0    0    0   -1 
   140:    2    2    1    0    0    0    0    0    0    0 
   150:    0    0    0   -2   -2    0    0   -1    0    1 
   160:    0    0    0    0   -1   -1   -1    1    0    0 
   170:    1    1    1   -1    0   -1   -3   -3   -1    0 
   180:    1    0    0    0    0    0    0    0    0    1 
   190:    0   -1   -3    0    0    1    1    0    1    2 
   200:    1   -1    0    1    0    0    0    1    1    0 
   210:   -1   -1   -1   -3   -3   -2    0    3    0    0 
   220:    0    0    0    0    0    2    1    1    0   -1 
   230:   -2    1    2    1    0   -2    0    1    0   -1 
   240:    1    0   -1    0    2    1    0   -1    0   -2 
   250:   -1   -2   -1    3   -1   -1    0    0    0    0 
   260:    0    0    1    1    0    1    0   -1    0   -2 
   270:   -1    0    0   -2    0    1   -1    0    0   -3 
   280:   -1    1    1    1    1    0   -2    1    1    1 
   290:    4    1   -2    0    0    0    0    0    1   -1 
   300:    1    0   -1   -1   -2    0    0    0    1   -1 
   310:   -1    0    0    0   -2   -1   -2   -1    2    1 
   320:    1    4   -1   -2    1    4    2    1    3    3 
   330:    0    0    0    0   -1    1   -1   -1    0    0 
   340:    0    1   -1    2    2    1    0    1   -1   -3 
   350:    0    1    0    0   -1    1    0   -1    0   -1 
   360:   -1    4    2    1   -1   -2    0    0    0    0 
   370:    0   -1    0    0    0    0   -3   -1    3   -2 
   380:   -2    1    2    0    0    0   -1    2    1   -1 
   390:   -1   -2   -2   -2   -3   -2    0    1    1   -1 
   400:   -5   -1    0    1    0    0    0   -1   -3    1 
   410:    1   -1    1    0   -1   -1   -1    1    2    0 
   420:    1    2    0   -1    1    0    1   -1    0    1 
   430:    0    0    1    4    2   -1   -1    3    3    1 
   440:    3    3    0    0   -1   -3    2    2    0    4 
   450:    2    2    5    0    2   -1   -4    3    2    0 
   460:    1    3    0   -3    0    3    3    3    3    1 
   470:   -1   -2    0    0    1    1    0    1    1    0 
   480:    0   -1   -1    1    0    1    1    0   -4   -5 
   490:    0    1    0   -5    0    0    1    5    4   -1 
   500:    3    2   -2    0    2    2   -1    0   -1    0 
   510:    1   -1   -1   -2   -2    0    0    0    0    1 
   520:    4    0    3   -2   -4   -6   -3    1    2    0 
   530:    0    4    4    0   -1   -1    2    2   -2   -1 
   540:    0    0    1    0    1    1    0    0   -3    0 
   550:   -3   -4   -1    0    0   -1   -1    2   -1   -1 
   560:    2    3    1    2    1    1   -3   -1   -1   -5 
   570:   -2    0    1   -2   -2    0    0    1   -1   -1 
   580:    1    1   -2   -3    1    1   -1   -2   -1    0 
   590:    0    0    0    1    0    0    0   -1    0   -1 
   600:    2    0    4    9    2    1    0   -1   -1   -2 
   610:   -3    1    0   -2   -1    1   -1    1    1    1 
   620:   -2    0    0   -1    1   -1    4    4    0    0 
   630:    2   -2   -2    0   -4   -1    2    3   -4   -1 
   640:   -3    0    1    1    0    0   -1    2    0   -3 
   650:   -2    3    2    1    2    1    1   -1   -1    2 
   660:    0    0    0    1    0    0    1    0    0   -1 
   670:   -1    0    2   -1    0    6    1   -4    0    1 
   680:    1    0    2    0    1    0   -1    0    1    2 
   690:    0    1    0   -1   -2   -2    0    2    2    1 
   700:   -1    0    0    0    0    2    2    0    2   -1 
   710:    1    5    9    3    0   -1    0    0    0    1 
   720:    0    0    0    1   -1   -2    0    1    2    0 
   730:   -1   -2   -1    0   -2    0    2    0    0    0 
   740:   -1   -1    1    2    0    1    0   -1   -2    0 
   750:    2    1    1    0   -1    0    0    1    1    0 
   760:    0    1    1    0    0    0    0    0   -1   -1 
   770:    0   -1   -3    0    1    0    0   -1    0   -2 
   780:   -1   -1    1    0   -1    0    0   -1    0    0 
   790:   -1    0   -1    1    2    1    0   -2   -1    0 
   800:    0   -2   -4    0    1    0   -1    1    2    1 
   810:    3    2    0    0    0    0   -1   -2   -1   -1 
   820:    0    1    1    2   -1    0    1    0    2    0 
   830:   -2    1    1    0    0    1   -2    1    0   -2 
   840:    1    2    0    1   -1    0    1    0    1    0 
   850:    0    0    0   -1    0   -1   -2    1   -1    0 
   860:    0    0    0    0    1    1    0    0   -2   -1 
   870:    0    0   -1   -2    0    1    0    0   -2    0 
   880:    0   -1    1    0    0    0    0    0    0    0 
   890:    0    2    0   -1    0    2    1    0    1    1 
   900:    2   -1   -1    1    0   -1    0   -1   -2    0 
   910:    1   -2   -2   -2   -1   -1   -1    0    2    3 
   920:    1   -1    1    0    0    0    0    1    0    2 
   930:    3    0    0    0    1    1    0   -1   -2    0 
   940:    0    0    0    1    2    2    0    0    0   -1 
   950:    0    1    1    2    2   -1    0    1    2    0 
   960:    0    0    0    0   -2    0    3    0   -1    1 
   970:    1   -1   -2    0    1    1    0   -2   -1    0 
   980:    1    0   -1    0    1    1    0    0    0    1 
   990:    0   -3    2    2    2    2    0    0    0    0 
  1000:    0   -1   -1   -1    1   -1    0    0    1    2 
  1010:    1    1    0   -1    1    2    1    0    0    0 
  1020:    0    1    1    0    1    1    1   -3   -2   -1 
  1030:   -2   -3    0    0    0    0    0    0    0    1 
  1040:    0   -1   -1   -1    0    0    2    3   -4   -3 
  1050:    1    0    0    0    3    2   -1   -1    1   -1 
  1060:    1    0   -1    1    0   -2   -4    2    1    0 
  1070:    0    0    0    0    0    0    0    0    2    0 
  1080:   -2   -1    2   -2   -1    0    1    1   -2   -2 
  1090:   -1    0   -1    1    1    0    0    1    1    2 
  1100:    2    1   -2   -2    0    1    0    0    0    0 
  1110:    0    0    0    0    0    0    0   -4    3    0 
  1120:   -1   -1    0    1   -1   -2    3    3    2    1 
  1130:    0   -1    3    2    0   -1    0    1    0   -1 
  1140:   -2    0   -1    0    0    0    0    0    0    0 
  1150:    0    0   -1    0    2   -1   -2   -2   -1   -1 
  1160:    0    0    0   -1    1   -3   -3    0   -1   -4 
  1170:    1   -3   -1    3    1   -2   -1    0    2    0 
  1180:    0    0    0    0    0    0    0    0    2    1 
  1190:    0    2    0   -2    0    0    1    1    0   -1 
  1200:    2    2    0    0    2   -1    2    3    0    4 
  1210:    3    2    1    1    0    0    0    0    0    0 
  1220:    0    0    0    0    1    0    0    1    0    0 
  1230:    1    0   -1    1    0    1   -1   -1    1    1 
  1240:    1    1   -1   -2   -1    0   -4   -3    0    0 
  1250:    0    0    0    0    0    0    0    0    0    0 
  1260:    0    0   -2   -2    0   -1    0   -1    1    0 
  1270:    2    2    1    0   -1    0   -1   -2   -3    0 
  1280:   -1   -1    2    0    0   -1    0    0    0    0 
  1290:    0    0    0    0    0    0    1    0    1    0 
  1300:   -1    2    1    2   -1   -1    1    0    0    2 
  1310:    1   -1   -1   -1    0    0    0   -1   -2   -2 
  1320:   -1    0    0    0    0    0    0    0    0    0 
  1330:    0    0    0    0    1    0   -1   -1    1    2 
  1340:    0    0    0    0   -1    2    0   -1    0    0 
  1350:    0    0   -2    1    0    1    2    1    0    0 
  1360:    0    0    0    0    0    0    0    0    0   -1 
  1370:    0    0    0    1    0    0    0    0    0    0 
  1380:    0    0    0    0    0    0    0    0    0    0 
  1390:    0    0    0    0    0    0    0    0    0    0 
  1400:    0    0    0    0    0    0 
