     0:    0    1    0    0    0    0    0    0    0    0 
    10:    0    0    1    0    1    0    1    0    0    0 
    20:    0    0    0    0    0    0    0    0    0   -1 
    30:    0   -1   -1   -1   -1   -1   -1   -1   -1   -1 
    40:   -1   -1   -1    0   -1   -2   -2   -1   -1   -2 
    50:   -2   -2    0    0    0    0    0    0    0    0 
    60:    0    0    0    0    0    0    0    0    0    0 
    70:    0    0    0    0    0    0    0    0    0    0 
    80:    0    0    0    0    0    0    0    0    0    0 
    90:    0    0    0    0    0    0    0    0    0    0 
   100:    0    0    0    0    0    0    0    0    0    0 
   110:    0    0    0    0    0    0    0    0    0    0 
   120:    0    0    0    0    0    0    0    0    0    0 
   130:    0    0    0    0    0    0    0    0    0    0 
   140:    0    0    0    0    0    0    0    0    0    0 
   150:    1    1    0    0    0    0    0    0    0    0 
   160:    0    0    0    0    0    0    0    0    0    1 
   170:    1    0    0    0    0    0    0   -1   -1   -1 
   180:    0    0    0    0    0    0    0    0    0    0 
   190:    0    0    0    0    0    0    0    1   -1    1 
   200:    0    0   -1   -1    0    0    0    0    0    0 
   210:    0    0    0    0    0    0    0    0    0    0 
   220:   -1    0    0    0    0    1   -1    1    0    3 
   230:    0    2    0    0   -2    1    1   -1    0    0 
   240:    0    0    0    0   -1    0    0   -1    0   -2 
   250:    0   -1    1   -1   -1    0    0    0    0    0 
   260:    0    0    0    0    0    0    0    0    0    0 
   270:    2    0    0   -1    0    1    0   -1    1   -1 
   280:    4   -1    7   -2    0   -3    3   -2   -1    2 
   290:    1    3   -1    1   -1   -1   -2    0    0    1 
   300:    0    0    0    0    0    0    0   -1    0    0 
   310:    0    0    0    0    0    0    0    0    0    0 
   320:    0    0   -2    0    2    1   -1    1   -1    1 
   330:    0    0    0   -2   -4   -1   -1    0    1    0 
   340:    0   -3   -1    0    0    3    0    2    1    1 
   350:    0    0    0    0    0    0    2    0    0    0 
   360:    0    0    0    0    0    0    0    0    0    0 
   370:    0    0    0    1    2    0    0    1    1    0 
   380:    1    3    1    2    1    0    0    0   -1    3 
   390:    2    1    0    2    1   -1    0   -3   -2    0 
   400:    0    0    1    0    0    0    0    1    0    0 
   410:    0    0    0    0    0    0    0    0    0    0 
   420:    0    0    0    0    0   -1    0    0    1    1 
   430:   -1    0   -1   -1    0    2    0   -1    1   -2 
   440:    7    1    1    1    0   -2    0   -1    0    1 
   450:   -1    0    0    0    0    1    0    0    0    0 
   460:    0    2    0    0    0    0    0    0    0    0 
   470:    0    0    0    0    0    0    0    2    0    0 
   480:    0    0    0   -1    0    1    0    0    0    1 
   490:   -1    0  -15    3    0    0    0    0    0    3 
   500:    1    0    1    0    2    0    1    0    0   -2 
   510:   -1    0    0    0    0    0    0    0    0    0 
   520:    0    0    0    0    0    0    0    0    0    0 
   530:    0   -1    0    0    0    1   -1   -1   -1   -1 
   540:   -1   -2    3   -2    7   -3    0    0   -1    0 
   550:    1   -1   -1   -1    1   -1    0    0   -1    0 
   560:   -1   -2    0    0    0    0    0    0    0    0 
   570:    0    0    0    0    0    0    0    0    0    0 
   580:   -1    0   -2    2   -1    0    0    0    1   -2 
   590:   -2   -2    0    2   -1    1    0    0    1    2 
   600:    3    0    0    0    0    1    0    0   -1   -1 
   610:    1   -1    0    1    0    0    0    0    0    0 
   620:    0    0    0    0    0    0    0    0    0    0 
   630:    0    0    3    1    0   -1    0   -1    0    0 
   640:   -1    0    0    0    0   -1   -1    0    0    1 
   650:   -1    0    0    0    0   -2    0   -1    0    0 
   660:    1    0    1    1    0    0    0    0    0    0 
   670:    0    0    0    0    0    0    0    0    0    0 
   680:    0    0    0    0   -2    0    0   -2    0   -1 
   690:   -1    1    0    0    1    0    0    2    2   -1 
   700:    0    0    0    0   -1    1    2    1   -1    1 
   710:    0    0    0    0   -1    0    0    0    0    0 
   720:    0    0    0    0    0    0    0    0    0    0 
   730:    0    0    0    0    0    0    2    0    0    1 
   740:    0    0    1    0    1    0    0    0   -1   -1 
   750:    0    2   -1    0   -1    0    1    0    0    0 
   760:    0    0    1    0   -1    0    1    0    0    0 
   770:    0    0    0    0    0    0    0    0    0    0 
   780:    0    0    0    0    0    0    0    0    0   -1 
   790:    1   -2    1    0   -1   -1   -1   -2    0    0 
   800:    0    1   -1   -1    0   -1    0   -1    0   -1 
   810:    0    0   -1   -1    0   -1   -1    0   -1   -2 
   820:    0    0    0    0    0    0    0    0    0    0 
   830:    0    0    0    0    0    0    0    0    0    0 
   840:    0   -2    0    0    1    0    0   -1    0    0 
   850:    1   -1    1    1   -1    0    0   -1    1    0 
   860:    1   -1    1    0    1    1   -1    0    0    0 
   870:    0    0   -1    0    0    0    0    0    0    0 
   880:    0    0    0    0    0    0    0    0    0    0 
   890:    0    0    1    1    2    2    0    0   -1    1 
   900:   -2    1    0    3    0    0    1    0   -1    2 
   910:    2    0   -1    1    0    1   -1    0   -1    0 
   920:    1    0    0   -2    0    0    0    0    0    0 
   930:    0    0    0    0    0    0    0    0    0    0 
   940:    0    0    0    0   -1   -1    1    1   -1    1 
   950:   -1    1    0    0    0   -2   -1    0    0    0 
   960:   -1    0   -4    0    0    0    0   -2    2    0 
   970:    2   -1    1    1   -2    0   -1    0    0    0 
   980:    0    0    0    0    0    0    0    0    0    0 
   990:    0    0    0    0    0    0    0   -2    1   -1 
  1000:    0   -1    1   -2   -1    1   -2    1    0    0 
  1010:    1    2    1   -2    0   -3    1    1   -1    0 
  1020:   -1   -3   -1    0    0   -2    1    0    0    0 
  1030:    0    0    0    0    0    0    0    0    0    0 
  1040:    0    0    0    0    0    0    0    0    0    0 
  1050:   -1    0   -2   -2   -1    1    0    1    0    0 
  1060:    0   -2    2    2    0    0   -6    3    0    2 
  1070:   -1    1    0    4    2    0    0    1   -1    1 
  1080:   -1    0    0    0    0    0    0    0    0    0 
  1090:    0    0    0    0    0    0    0    0    0    0 
  1100:    0   -1   -4   -3    2    1   -2   -3    1    0 
  1110:    2   -3    3    1   -3   -5   -9    4   -4  -10 
  1120:    0   -4    1    2    0    2   -1    1    0   -1 
  1130:    2   -1    2    0    0    0    0    0    0    0 
  1140:    0    0    0    0    0    0    0    0    0    0 
  1150:    0    0    0   -2   -3    6    1   -3    5   -2 
  1160:    2   -1   -3    4   -5    0   -2    5    7  -11 
  1170:    4   12   -1    0   -4   -1    1   -3   -1    1 
  1180:    0    0   -2    2   -1    0    0    0    0    0 
  1190:    0    0    0    0    0    0    0    0    0    0 
  1200:    0    0    0    0    0   -2    0   -1   -4   -3 
  1210:   -4    1   -2   -5    5   -3    7    0    2   -7 
  1220:   -1   12   -3   -7    2   -1    3   -1   -1   -1 
  1230:    2   -2    0    0    4   -5    0    0    0    0 
  1240:    0    0    0    0    0    0    0    0    0    0 
  1250:    0    0    0    0    0    0    0    0    3   -2 
  1260:    2   -2    0   -3   -3   12    8    0   -6    4 
  1270:    1    4   -2  -10    6    9   -3    5   -1   -3 
  1280:   -1    0   -2    2    2   -2   -1    1    0    0 
  1290:    0    0    0    0    0    0    0    0    0    0 
  1300:    0    0    0    0    0    0    0    0    0    2 
  1310:   -7   -1    0    4   -1    5   10   -1    0    2 
  1320:    4   -8    2    1    6    7   -4  -11    4    1 
  1330:    0    3    0   -1    2    0    0    2   -1   -2 
  1340:    0    0    0    0    0    0    0    0    0    0 
  1350:    0    0    0    0    0    0    0    0    0    0 
  1360:    0   -1    1   -5   -4   -4    0    3    0    4 
  1370:    0    2    2    0   -3   -4   -1    2    5    4 
  1380:   -3   -1    1    4   -4    3    2   -2    2    1 
  1390:    4    1    0    0    0    0    0    0    0    0 
  1400:    0    0    0    0    0    0    0    0    0    0 
  1410:    0    0    0    0    7   12    8   -1    0    0 
  1420:   -2    0    0    2    3   -3    5   -1   -1   -1 
  1430:    2   -1    0   -2   -3   -3    2    3   -4    3 
  1440:    0    2   -4    0    0    0    0    0    0    0 
  1450:    0    0    0    0    0    0    0    0    0    0 
  1460:    0    0    0    0    0    0   -3   -9   -3   -2 
  1470:    7    7    2   -3   -7   -3    1    2   -3    2 
  1480:    0    0   -1    0   -3    2    4   -5    3   -5 
  1490:    2   -1   -1   -3    1   -1    0    0    0    0 
  1500:    0    0    0    0    0    0    0    0    0    0 
  1510:    0    0    0    0    0    0    0    0    7    5 
  1520:    5    6   -2    0    0   -4    2    6   -5    5 
  1530:    3   -6   -1    2    3    0    0    0   -2    3 
  1540:   -2    2   -2    4   -1    4    3    0    0    0 
  1550:    0    0    0    0    0    0    0    0    0    0 
  1560:    0    0    0    0    0    0    0    0    0    0 
  1570:   -3   -2   -1   -9   -4   -1   -5    6    1    5 
  1580:    5   -7    3    4    0   -6    5    4   -5   -2 
  1590:    4   -2    0    0    1   -2    1   -1    0    0 
  1600:    0    0    0    0    0    0    0    0    0    0 
  1610:    0    0    0    0    0    0    0    0    0    0 
  1620:    0    0    1    5   -1    2    1   -1    6   -2 
  1630:    0   -8   -1    2   -1    2    2    6   -7    0 
  1640:    4   -1   -2    5   -3    0    3    3    1    2 
  1650:    0    0    0    0    0    0    0    0    0    0 
  1660:    0    0    0    0    0    0    0    0    0    0 
  1670:    0    0    0    0    2    1   -1   -4    4    2 
  1680:   -4    2    0    6    1    1    2    2    2   -4 
  1690:    3    1    4   -7    0   -4    7    0   -5   -1 
  1700:    0    1    0    0    0    0    0    0    0    0 
  1710:    0    0    0    0    0    0    0    0    0    0 
  1720:    0    0    0    0    0    0    1   -6    2    1 
  1730:   -1    2    1   -6    0    0    0    0    0    0 
  1740:    0    0    3   -2   -3    6    3    4   -9    3 
  1750:    3    1   -3   -2    1    0    0    0    0    0 
  1760:    0    0    0    0    0    0    0    0    0    0 
  1770:    0    0    0    0    0    0    0    1    2    9 
  1780:    0    2    2    5    2    6    2    0    0    0 
  1790:    0    0   -2    0   -6   -5    0   -9   -6   -3 
  1800:    5    0  -10   -2    6    1   -1    0    0    0 
  1810:    0    0    0    0    0    0    0    0    0    0 
  1820:    0    0    0    0    0    0    0    0    0   -1 
  1830:   -6   -5   -2   -1    0   -1   -1   -7   -5    3 
  1840:   -6   -3    3   -4   -2    4    1    2    0    1 
  1850:    2    1   -3    3    9    2   -5    1    0    0 
  1860:    0    0    0    0    0    0    0    0    0    0 
  1870:    0    0    0    0    0    0    0    0    0    0 
  1880:    0    0   -2    3    6    4    6    0    3    7 
  1890:    4   -2    8    0    2   -2    4   -1    3   -5 
  1900:   -3   -1    1   -1    3   -5   -3   -5    3    0 
  1910:    0    0    0    0    0    0    0    0    0    0 
  1920:    0    0    0    0    0    0    0    0    0    0 
  1930:    0    0    0   -2    1    2    1   -4   -5   -7 
  1940:   -3    0   -5    1   -5    2   -3    2    0    7 
  1950:   -3    4    2   -1   -8    8   -4   -1    5    5 
  1960:   -8   -2    0    0    0    0    0    0    0    0 
  1970:    0    0    0    0    0    0    0    0    0    0 
  1980:    0    0    0    0    0   -1   -1    0   -6   -1 
  1990:   -3    4    0    1    6    5   -4    0    0    2 
  2000:   -1    3    0    1   -4    4   10   -4    5   -1 
  2010:   -9   -4    4    4    0    0    0    0    0    0 
  2020:    0    0    0    0    0    0    0    0    0    0 
  2030:    0    0    0    0    0    0    0    0    2   -1 
  2040:    2   -1    2    1   -2   -7   -8    0    7   -2 
  2050:   -1    2    2   -6    3    1    1   -7   -4    3 
  2060:    0    3    8    8   -4   -2    0    0    0    0 
  2070:    0    0    0    0    0    0    0    0    0    0 
  2080:    0    0    0    0    0    0    0    0   -1    3 
  2090:   -3    0    0   -3   -5   -7    4    6    8    1 
  2100:    3    8   -3   -4    2   -1   -2   -1   -1    1 
  2110:    1   -7   -2   -4   -6  -10    0    0    0    0 
  2120:    0    0    0    0    0    0    0    0    0    0 
  2130:    0    0    0    0    0    0    0    0    0    0 
  2140:    0    1    2    0   -5   -3    5   10    6   -4 
  2150:   -1   -3   -8   -6    2    4   -5    5   -2    3 
  2160:   -1   -2   -3    3    2    1   -1    6   -1    2 
  2170:    0    0    0    0    0    0    0    0    0    0 
  2180:    0    0    0    0    0    0    0    0    0    0 
  2190:    0    1    0   -1   -3    4    0    5   -5   -7 
  2200:   -7   -8   -7   -1    8    3   -6    2    3   -7 
  2210:    6   -4    2    1    0    3    2    0    0    2 
  2220:    2   -1   -2    0    0    0    0    0    0    0 
  2230:    0    0    0    0    0    0    0    0    0    0 
  2240:   -1   -1   -1   -2    0    0   -3    1    3   -5 
  2250:   -2   -5   -2   11    9    9   -3    1    2   -5 
  2260:    0    6   -4    3   -1   -1    0   -2    4   -2 
  2270:    2   -7   -5    0   -1    0    0    0    0    0 
  2280:    0    0    0    0    0    0    0    0    1    0 
  2290:    0    0    0   -2   -1    0   -1    2    3    0 
  2300:   -4    3    0    3   -1   -8   -3   -7   -5   -1 
  2310:    2    2   -1   -2    2    0    3    1    0    2 
  2320:   -1    5    2    4    3    8    4    0    0    0 
  2330:    0    0    0    0    0    0    0   -1   -1    0 
  2340:   -3    2    3    1    1    3    1    1   -1    2 
  2350:    0    1    3    2    2    0    1    3    3    3 
  2360:    2    2    3    3    2    0    1    5   -2    4 
  2370:    1   -3   -1   -2   -3    0   -3   -4    0    2 
  2380:    1   -1   -1   -1    0   -1   -1   -1   -1    1 
  2390:    2    0   -2   -2   -3   -2   -3   -3    0   -3 
  2400:    0   -2   -3   -3   -1   -2   -1   -2   -3   -1 
  2410:   -2   -2   -3   -3   -4   -4   -4   -2    1    1 
  2420:    1    1   -1   -1   -2   -1   -1   -1   -1   -2 
  2430:    0    0    1    2    3    1    1   -1   -1   -2 
  2440:    0    0    0    2   -1   -1   -3    1   -3    1 
  2450:   -1   -2   -5   -2   -4    3   -4   -2  -14  -10 
  2460:   -2    0   -3   -4   -4   -2   -3   -3   -3   -2 
  2470:   -1   -3   -1   -1   -1    7    4    1    1    0 
  2480:    0    2  -13  -16  -16  -13  -13   -3    3    7 
  2490:    9   10    1    1   -9   -7 
