     0:    0    0    0    0    0    0    0    0    6    0 
    10:    0    1   -3   -2    0    1    0    0    0    0 
    20:    0    0    0    0    0    0    0    0    0    0 
    30:    0   -1    0   -2   -1    0    0    0    0    0 
    40:    0    0    0   -1   -1   -1   -2   -2    0   -1 
    50:   -3   -3   -2   -1    0    0    0    0    0    0 
    60:    0    0    0    0    0    0    0    0    0    0 
    70:    0    0    0    0    0    0    0    0    0    0 
    80:    3    1    7   -1   -3   -2    0    6    2    1 
    90:    0   -1    1   -1    0    0    0    0    0    0 
   100:    0    1    0    2    0    0    0    0    0    0 
   110:    0    0    0    0    0    0   -1   -1    0   -2 
   120:   -6   -3    6    0    1    4    1    0    1   -1 
   130:   -2   -2    0    3    3    0   -1   -1   -3   -3 
   140:   -1   -3    2    0    0    0    0    0    0    0 
   150:    0    0    4   -4   -1    0   -3    8    7   -5 
   160:    2    8    3   -2    0    0    3   -1   -3   -2 
   170:   -5   -9    1    2    2    3    3    2   -4    1 
   180:    0    0    0    0    0    0    0    0    1   -4 
   190:   11    1   -3    6  -16   -5    1   -1   -4  -11 
   200:    1    1    1   -3    1    6   -3    4    3    2 
   210:   -1    2    0   -5    0    2   -1   -1    0    0 
   220:    0    0    0    0   -1   -1    2   -5   -1    0 
   230:   -3   -1    4    4   11    8    6   -2   -1    0 
   240:    3   -1    1   -1    0   -2    0    2   -1   -2 
   250:    1    1   -1    1   -1   -2    0    0    0    0 
   260:    0    0    0   -1    0    0   -2    5    6    5 
   270:   -6  -10  -23  -12    1    0   -2    0    2    2 
   280:   -7    0    2   -2   -2    0    2    0   -4    0 
   290:   -2   -4   -1    0    0    0    0    0    0    0 
   300:    0   -2    1    0   -1   -4   -2    1    5   22 
   310:    1  -12    0   -2    2    3   -2    1    0    2 
   320:   -5    2    1    0    2    1   -1   -4    0    6 
   330:    0    0    0    0   -1    0   -1   -2    4    2 
   340:    0    7    2   -1    0    1  -14   11    7    1 
   350:   -7   -9   -4   -2   -1   -1    1    0    1   -4 
   360:    0    3    0   -1    4   -2   -6    0    0    0 
   370:    0    1    0    2    1   -1    1    1    0    1 
   380:   -2   -1   -3    5   -1   -8    2    1    5   -8 
   390:    3    2    2   -1    1   -2    3   -3   -3    3 
   400:    1    0   -2    3    1    0    0    0   -1    2 
   410:   -2    0    0    0   -1    0   -1    0    2    0 
   420:    0   -3    2   -3   -7   -2    7    2    3    0 
   430:    2    0    0   -4    1    7   -2   -1   -1    3 
   440:   -1   -1    0    0    0    2   -4    2    0    0 
   450:   -2   -1    2   -1    0    0    2   -2    1    0 
   460:    0    7    0   -4    0   -5   -1    0   -1    2 
   470:    3    3   -2    1   -5   -3   -3   -1   -5    0 
   480:    0   -1    0    1   -1   -1    1   -3   -1    2 
   490:    1   -2   -2    0    4    1   -2    3    0    0 
   500:    2   -5    2   -2   -2   -3    3    5   -1   -2 
   510:    1    1   -4   -3   -1    3    1    0   -1    0 
   520:    0   -1    0   -1   -1    2    1   -1   -2    1 
   530:    1   -1    1   -2    0    2    0   -5    2    4 
   540:    6   -1   -8    1    0   -3    4   -3   -3    5 
   550:   -2    1   -2   -1    0   -1    1    0    0   -1 
   560:    1    0   -1    1    1    0    0    0    1   -2 
   570:    3    0    0   -3    1    1  -10   -1   -2    7 
   580:    2    0   -3    0    5   10   -4    1   -4    4 
   590:    4   -1    0    3   -1    0    1    0   -1    0 
   600:    0   -2   -1    1    4   -2    2   -1    1    1 
   610:    1   -2   -1    6   -8    2    0    2    0    6 
   620:    5   -3   -8    0    0    5    3   -3    0   -3 
   630:   -1   -1    1    0    2    0    0   -1    1    0 
   640:    0   -2   -2    1   -1   -3    1   -2   -1    3 
   650:   -2    5   -3    6   -4    0   -8   -6    1   -1 
   660:   -4    1   -5   -1   -1    0    3    2   -1    2 
   670:   -1    1    2    2    1    0   -3   -1    1    1 
   680:    0    0    0   -2    1    5    5    2   -1    2 
   690:   -5   -2   -1    7    3   -3    0    4   -4    1 
   700:   -3   -1    0    1   -4    1   -1   -1    1   -1 
   710:   -1    1    0    4    3   -1    1   -1    0    0 
   720:    3   -6   -5   -3   -5    5   -1   -1    2    2 
   730:    3   -2    1    1    1    5    6   -2   -2    0 
   740:    0    2   -1    0    3    0   -2   -1   -1   -1 
   750:    1   -1   -3    0    0   -3    3   -8   11   20 
   760:    2    2   -2    1   -3    0   -5  -10   -3   -5 
   770:   -1   -8  -10   -2    1    0    0   -1    0   -1 
   780:    3    1   -6    7    3    0    3    0    0    4 
   790:    1   -2   13    1    0   -4  -17   -7   -4   -1 
   800:   -1    4    3    1    4    4    2   -2    7   13 
   810:    4   -2    1    0    1   -3    2   -7    5   -2 
   820:  -16   -5    6  -10   -3    2   -8    2   10  -21 
   830:    4    7   -3   -3   -2    4    2   -3   -3   -3 
   840:   -2    2    0   -2    4   -5  -10   -3   -2    0 
   850:    0    0    1    0    6   -2    2   10    2   -5 
   860:   -3    9    6   11   13   -3   -2    2   -9    0 
   870:    5    0   -1    0    2    2    3    0   -2    0 
   880:    4    0    1    1   -2    2    0    0    1   -6 
   890:   -4   -5    5   -3   -8    2   -2    4   13    7 
   900:   11    9    7   14    0   -1    0    3    1   -3 
   910:    0   -1    0    1    1    0    1    3    4   -1 
   920:   -3    2    0    0    0   -1    1    4    5    3 
   930:    2    2   -3    2   -2   -6    3   -2   -2   -5 
   940:    0   -1   -2   -2   -1   -3    5    0   -1    0 
   950:    1    1   -1   -1    0   -1    3    2    1   -1 
   960:    0    0    0   -9   -5    1    3    0   -2    0 
   970:    0    0   -4    3    0   -2    4    4    0    0 
   980:   -1   -2    1   -1    1    2   -1    0   -1    2 
   990:    3    3    2    2    0    4    0    0    0    0 
  1000:    4   -2   -7   -2    1    1    1    0    2    3 
  1010:   -5   -1    2   -2   -1    1    5    3    4    2 
  1020:    0   -1   -3   -4    2    0    1    1    2    2 
  1030:   -1   -3    0    0    0    0    0    0   -4    4 
  1040:    4   -2    1    2    3    0    1    3   -3    1 
  1050:    2    0   -3   -2   -2   -5   -3   -1   -5    5 
  1060:    1   -8   -5    2   -5    0    1    1    0   -1 
  1070:    0    0    0    0    0    0   -2   -1   -2   -2 
  1080:   -1   -1    0   -4    1    1    0   -3    0    1 
  1090:    0   -1    4   -2    1    2    0   -1    0    6 
  1100:   -2    1   -2   -2   -5    1   -1    0    0    0 
  1110:    0    0    0    0    0    0    0  -10   -3   -5 
  1120:    1   -6   -2    0    2    0   -2    0   -2   -3 
  1130:    0    0   -3    3   -2   -2   -3   -4    6    4 
  1140:    1    5    0    0    0    0    0    0    0    0 
  1150:    0    0   -1   -2   -1    1    7   -2    0    2 
  1160:    1    1    2    2    0   -4   -3    0   -2    1 
  1170:    8   -5   -3    8    7    3   -1    2    3   -1 
  1180:    0    0    0    0    0    0    0    0    0    2 
  1190:   -2   -2   -3    3    2    3    2    1    0    2 
  1200:    3    0    0    3    2   -1    1    2    3    7 
  1210:    0   -4    2   -4   -1    1    0    0    0    0 
  1220:    0    0    0    0    2    0    2    1   -4    4 
  1230:   -2   -3    3    1    1   -2   -4   -1    0    3 
  1240:   -1   -1   -3   -7   -8    0    0   -1    4    0 
  1250:    0   -2    0    0    0    0    0    0    0    1 
  1260:    1   -4   -2    7   -2    1    4    1   -1   -6 
  1270:   -4    3   -2    0    3   -3    1    4   -1   -1 
  1280:    1    3    4    1   -4   -6    0    0    0    1 
  1290:    0    0    0    0    0    1   -3   -6    1   -4 
  1300:    2    3   -8   -3    0    7    8    5    1   -2 
  1310:    8    9    5   -3   -4    2   -2   -4   -5   -4 
  1320:   -5    0   -2   -1    0    0    0    0    0    0 
  1330:    0    0   -1    2    3    1    1    0    0    7 
  1340:    5   -4   -2    2   -6   -6    4   -3   -7   -3 
  1350:    2    3    1    1    6    9    6    2   -1    0 
  1360:    0    0    0    0    0    0    0    0    0    0 
  1370:   -1    0    1    1    0    1   -1   -1    1    1 
  1380:    0    1    1   -1    0    1    0    0    0    0 
  1390:    0   -1   -1   -1   -1    0    0    0    0    0 
  1400:    0    0    0    0    0    0 
