     0:    0    0    0    0    0    0    0    0    0   -1 
    10:    0   -1    0   -1    0    0    0    0    0    0 
    20:    0    0    0    0    0    0    0    0    0    0 
    30:    0    0    0    0    0    0    0    0    0    0 
    40:    0    0    0    0    0    0   -1   -1    0    0 
    50:    0   -1    0    0    0    0    0    0    0    0 
    60:    0    0    0    0    0    0    0    0    0    0 
    70:    0    0    0    0    0    0    0    0    0    0 
    80:    0    0    0    0    0    0    0    1    1    1 
    90:   -1    0    0   -1    0    0    0    0    0    0 
   100:    0    0    0    0    0    0    0    0    0    0 
   110:    0    0    0    0    0    0    0    0    0    0 
   120:    0    0    0    0    0    0    0    0    0    0 
   130:    0    0    0    0    0    0    0    0   -1    1 
   140:    0    0   -1    0    0    0    0    0    0    0 
   150:    0    0    0    0    0   -1    0    0    1   -1 
   160:    0    0    0    0    1    0    0    0    0    0 
   170:    0    0   -1    0    0    0    1    0    0    0 
   180:    0    0    0    0    0    0    0    0    0    0 
   190:    0    0    0   -1    0    0    1    0    0    0 
   200:   -1    0    0    0   -1    0    0    0    0    0 
   210:    0    0    0    1    0    0    2    0    0    0 
   220:    0    0    0    0    0    0    1    0    1    0 
   230:    0    1    0    0   -1    0    0    1    0    0 
   240:   -1    0    0    0    0    0    0    0    1    0 
   250:    0    0    1   -1    0    0    0    0    0    0 
   260:    0    0    0    0    0    0   -1    1    1    0 
   270:    0    0    0    0    0    0    1    0    0    0 
   280:    0    0    1   -1    1    0    0    0    0   -1 
   290:   -1    0    0    0    0    0    0    0    0    1 
   300:    0    0    0   -1    1    0    0    1    0    0 
   310:    0    0    0    0    0   -1    0    0    0    0 
   320:    0    1   -1    0    0    0   -1    1   -1    0 
   330:    0    0    0    0    0    1   -2    2    0    0 
   340:   -1    0    0   -1   -1    1    0    0    0    0 
   350:    1    0    0    1    0    0    0    0    0    0 
   360:    0    0    0    2    0    0    0    0    0    0 
   370:    0    0    1   -1    1   -1    1    1    0    2 
   380:   -1    0   -1    0    0    0   -1    0   -1    0 
   390:   -1    0   -1    0    0    0    0    0    0    0 
   400:    0    0   -1    0   -1    0    0    0    0    0 
   410:    0    1    0    1    0    1    1    1    0    0 
   420:    0   -1    0    1    0    0    0    0    0    0 
   430:    0    0    0    1    0    0    0    0    0    0 
   440:    1    0    0    0    0    0    0    0    0    0 
   450:   -1    1   -1    2    3   -2    2   -1    0    0 
   460:   -1    0   -1    0    0    0    0    1    0   -1 
   470:    0   -1    0    0    0    0    0    0    0    0 
   480:    0    0    1    1   -2    1   -1    0   -1    1 
   490:    0    1    2    0    1    3    0   -1    0    0 
   500:    0    0    0    0    0    0    0    1   -1    0 
   510:    1    0    0    0    0    1   -1    0    0    0 
   520:    0    0    0   -1    0    0   -1   -1   -1    0 
   530:   -2    0    0    0    0   -1    1   -2    0    0 
   540:    0    0    0    0    0    0    0    0    0    0 
   550:   -1    0    0    0    0    0    0   -1    0    1 
   560:   -1    0    2    0   -1    1    0    1    0    0 
   570:   -1    0    0   -1    0    0    0    0    0    0 
   580:    0    0    0    0    0    0   -1    0    1    0 
   590:   -1    0    0    0   -1    0    0   -1    1    1 
   600:    0    0    0    1   -1    0    1   -2    0   -1 
   610:    0    0    1    0    0   -1    1    0    0    0 
   620:    0    0    0    1    0    0    1   -1    1    0 
   630:    0    0    1   -1    0    0    3   -1    1   -1 
   640:    1   -1    1    0    0    0    0    0   -1    0 
   650:    0    0   -1    0    0    0    0    0    0    0 
   660:    0    0    1    0    0    0    1   -1    0   -1 
   670:    1    0    0    2   -1    2   -2    2   -1    0 
   680:   -1    0    0    0    0   -1    1   -1    0   -1 
   690:    0    0    0    0    0    0    0    0    0    1 
   700:    0    0    0    0    0    1   -1    1   -1    0 
   710:   -1    1    0   -1    1    0   -1    0    0    0 
   720:    0    0    0    0    1    0    0    0    0    0 
   730:    0    0    0    0    0    0    0    1   -1    0 
   740:   -1    0    0    0    0    0    0    0    0    0 
   750:    0    1    0    0    0    1    0    0    0    0 
   760:    0    0    0   -1    1    0    0   -1    0    0 
   770:    0    0    0   -1    0    0    0    0    0    0 
   780:    1    0    0    0    0    0    0    1    0    1 
   790:   -1    1    0    0    1    0    0    0    0    0 
   800:    0    0    0    1    0    0    1    0    0    0 
   810:    0   -1    0    0    0    0    0    1    0    0 
   820:    0   -1    0    0    1    0    0    0    0    0 
   830:    0    0    0    1    0    0    0    0    0    1 
   840:    0    0    0    1    0    0    1    0    0    0 
   850:    0    0   -1    1    0    0    1   -1    1   -1 
   860:    0    0    0    0    0    0    0    0    0    0 
   870:    0   -1    0    0   -1    0    0    1    0    0 
   880:    0    0   -1   -1    1    0    0    0    0    0 
   890:    0    0   -1    0    0    0    0    0    0    0 
   900:    1   -1    0    0    0    0    0    0    0    0 
   910:    0    1    0    0    0    0    0    0    0    0 
   920:    1    1   -1    0    0    0    0    0   -1    1 
   930:   -2    0    2    0   -1    0    0    1    0    1 
   940:    0    0    0    0    0    0    0   -1    0    0 
   950:    0   -1    0    0    0    0    0    0    0    0 
   960:    0    0    0    0    0    0    0   -1    0    0 
   970:   -1    1    0    0    0    1    0    1    0    0 
   980:    0    1    0    0    0   -1   -1    0   -1    0 
   990:    0    1    0    0    1    0    0    0    0    0 
  1000:    0    0   -1    0   -1    0    0    1    0    0 
  1010:    0   -2    1    1    0    0   -1   -1    2   -1 
  1020:    0    0    0    0    1    0    0    0    0   -1 
  1030:    1   -2    0    0    0    0    0    0    0    0 
  1040:    1   -1    0    0    1    0    0   -3    1    0 
  1050:    1    1    0    0    1    0    0   -1   -1    1 
  1060:    1    0    1   -1   -1    0   -1    2   -2    0 
  1070:    0    0    0    0    0    0    0    0    0   -2 
  1080:    1    1    0    0   -1    0    0   -1    1    0 
  1090:    0    0    0    0    0    0    0    0    0    1 
  1100:    0    2   -1    0   -1    0    0    0    0    0 
  1110:    0    0    0    0    0    0    0    0    0   -2 
  1120:    1   -1    0    0   -1    2    0   -1    0    1 
  1130:   -1    0    0   -2    1    0    0    0    0    0 
  1140:    0   -1    0   -1    0    0    0    0    0    0 
  1150:    0    0    0    0   -1    0    0    0    0   -1 
  1160:    0    1   -1    0   -1    0    1   -1    0    0 
  1170:    0    0    2    0    1   -1    1   -1    0    0 
  1180:    0    0    0    0    0    0    0    0    0    0 
  1190:    0    1    0    1   -2    1    0    1    0    0 
  1200:    0    0    1    0   -1    0    0   -2    0    0 
  1210:   -1    1    0    0    0    1   -1    0    0    0 
  1220:    0    0    0    0    0    0    1   -1    0   -1 
  1230:    0    0    1    0    0    0    0    1   -1    0 
  1240:    0    1    0    0    0   -1    0    1    1   -1 
  1250:    0    1    1    0    0    0    0    0    0    0 
  1260:    0    0    2    0    0   -1    0    0    0   -1 
  1270:    1   -1    0    0   -1    0    1    1    0    0 
  1280:    0   -1   -1   -2    0   -1    0    0    0    0 
  1290:    0    0    0    0    0    0    0   -1    1   -1 
  1300:    0   -1    0    1    1    1   -1    0   -1    0 
  1310:    0    0    1    1    1    0   -1    1   -1    0 
  1320:    1    0    0    0    0    0    0    0    0    0 
  1330:    0    0    0    0    0    0   -1    0    0   -1 
  1340:    0    0    0    0    0    0    0    1    0    0 
  1350:    0   -1    0    0    0    0   -1    0    0    0 
  1360:    0    0    0    0    0    0    0    0    0    0 
  1370:    0    0    0    0    0    0    0    0    0    0 
  1380:    0    0    0    0    0    0    0    0    0    0 
  1390:    0    0    0    0    0    0    0    0    0    0 
  1400:    0    0    0    0    0    0 
