     0:    0    0    0    0    0    0    0   -1    0    0 
    10:    0    0    0    0    0    0    0    0    0    0 
    20:    0    0    0    0    0    0    0    0    0    0 
    30:    0    0    0    0    0    0    0    0    0    0 
    40:    0    0    0    0    0    0    0   -1    0    0 
    50:    0    0    0    0    0    0    0    0    0    0 
    60:    0    0    0    0    0    0    0    0    0    0 
    70:    0    0    0    0    0    0    0    0    0    0 
    80:    0    0    0    0    0    0    0    0    0    0 
    90:    0    0    0    0    0    1    0    0   -1   -2 
   100:    0    0    0    0    0    0    0    0    0    0 
   110:    0    0    0    0    0    0    0    0    0    0 
   120:    0    0    0    0    0    0    0    0    0    0 
   130:    0    0    0    0    0    0    0    0    0    0 
   140:    0    0    0    0    0    0   -1   -1    0    0 
   150:    0   -2    0    0    0    0    0    0    0    0 
   160:    0    0    0    0    0    0    0    0    0    0 
   170:    0    0    0    0    0    0    0    0    0    0 
   180:    0    0    0    0    0    0    0    0    0    0 
   190:    0    0    0    0    0    0    0    0    0    0 
   200:    0    0    0   -2    0    0    0    0    0    0 
   210:    0    0    0    0    0    0    0    0    0    0 
   220:   -2   -1    0    0    0    0    0    1    0    1 
   230:    0    0    0    0    0    0    0    0    0    0 
   240:    0    0    0    0    0    0    0    0    1   -1 
   250:    0   -1    0    0    0   -1    0    0    0    0 
   260:    0    0    0    0    0    0    0    0    0    0 
   270:    0    0    1    0   -2    0    1   -2   -2    0 
   280:    1   -1    1   -1    2    2   -1   -2    0    0 
   290:    0    0    0    0    0    0    0    0    1    0 
   300:    0    0    1    2    0    0    0   -1    0    0 
   310:    0    0    0    0    0    0    0    0    0    0 
   320:    0    0    2    0    1    3    0    0    0   -1 
   330:    3    3    0    0    1   -1    0    2    0   -1 
   340:    0   -3   -1    0   -1    1    2    1   -1    0 
   350:    1    0    0    0   -1    0    1    0    0   -2 
   360:    0    0    0    0    0    0    0    0    0    0 
   370:    0    0    0   -1   -2    2    3    0   -2   -2 
   380:    0   -3   -2    1   -1   -1    1   -1   -1   -1 
   390:    0   -1    0    0    1    0    0    2    1    0 
   400:    0    0    1    0    0   -1   -1    0    1    0 
   410:   -1   -3    0    0    0    0    0    0    0    0 
   420:    0    0    0    0    0   -1    0    3   -1   -1 
   430:    2   -1   -1    0    1    0    1    0   -1    1 
   440:    1    1    1    0    0    0    1    1    0    2 
   450:   -1    2    1    0    2    1    0    0   -1    0 
   460:    0    0   -1   -2    0    0    0    0    0    0 
   470:    0    0    0    0    0    0    1    0    0    0 
   480:    3    1    1   -2   -3   -2   -2    1    2    0 
   490:    1    0    0    1   -1    0    1    1    1    0 
   500:    1    0    0    1    1    1    0    0    0    0 
   510:   -1    0    0    0   -1   -2    0    0    0    0 
   520:    0    0    0    0    0    0    0    0   -2   -1 
   530:   -1    1    1    0    1    0   -2   -2    1    1 
   540:   -2    0    0   -3   -1   -1   -1    0    0   -1 
   550:   -1   -1    0    1   -1   -2    0    0    2    0 
   560:    0    0    0    0    0    0   -1   -3    0    0 
   570:    0    0    0    0    0    0    0    0    0    0 
   580:    0   -1   -2   -1   -1   -1    1    3    0    0 
   590:   -3   -2   -1    1    0   -2    1    0   -1    1 
   600:   -1   -1    1    1   -2   -1    0    1    0   -1 
   610:    0    0   -1    0    0    0    0    0   -1   -3 
   620:    0    0    0    0    0    0    0    0    0    0 
   630:    0   -2   -3    2    0    0    1   -1   -2   -2 
   640:    0   -2   -1    0    0   -2    1   -2   -1    0 
   650:    0   -1    1    2    0    1    0    1    0   -2 
   660:   -1    0    0    0    0    0    0    0    0    0 
   670:   -1   -3    0    0    0    0    0    0    0    0 
   680:    0    0    0   -2    0   -1   -2   -1    1   -1 
   690:    0    0   -2    0    2    0   -2    0    1   -1 
   700:    1   -1   -1    0   -1    0    1    2   -1    1 
   710:    1   -1   -2    0   -1   -1    0    0    0    0 
   720:    0    0   -1   -3    0    0    0    0    0    0 
   730:    0    0    0    0    0   -1   -2    2    2   -2 
   740:    1    0   -3    1    2   -2   -4    1    1    0 
   750:   -1    3    3    0    3   -2    2    3    1    1 
   760:    0   -1    0   -1   -1   -2    2    3    0    0 
   770:    0    0    0    0   -1   -3    0    0    0    0 
   780:    0    0    0    0    0    0    0    1    1   -2 
   790:    2    4    3    2    1   -1   -2   -1    0    0 
   800:    0   -1    0   -2   -3   -1    0    0    0   -1 
   810:    1    1   -1    0   -1    0    1    2    2    0 
   820:    0    0    0    0    0    0   -1   -3    0    0 
   830:    0    0    0    0    0    0    0    0    0    0 
   840:   -1   -2    0    2    0   -1   -2    1    1    1 
   850:    0    3   -2    0    0    3    0    2    2    1 
   860:    0    2    0    0   -5    0    3    0   -1   -1 
   870:   -2   -1    0    0    0    0    0    0   -1   -3 
   880:    0    0    0    0    0    0    0    0    0    0 
   890:    0    2    0   -3   -2    0   -1    1    0   -1 
   900:    1    2    3    0    0   -3    0    1    0   -1 
   910:   -4    0    0   -3   -2    2    1   -1    0    0 
   920:    1    1    2    0    0    0    0    0    0    0 
   930:   -1   -3    0    0    0    0    0    0    0    0 
   940:    0    0    0   -1   -4   -1    0    2    3    3 
   950:    0    0   -1   -2   -2    1    0   -2    0    2 
   960:    3    1   -1   -2    3    1    1   -5   -3   -1 
   970:   -3    0    0    1    0    0    0    0    0    0 
   980:    0    0   -1   -3    0    0    0    0    0    0 
   990:    0    0    0    0    0    0   -2    0   -2   -2 
  1000:   -2    0    0    0   -1    0    1    1    0   -1 
  1010:    2    1   -1   -1   -2    0    0    1    1   -2 
  1020:    1    2    0    0    0    0   -1   -1    0    0 
  1030:    0    0    0    0   -1   -3    0    0    0    0 
  1040:    0    0    0    0    0    0    0    0   -1   -2 
  1050:   -1   -1    0    0    0   -2    0    1    0   -1 
  1060:    1   -1    0    1   -1   -1   -1    0    1    0 
  1070:   -1    0    0    1    1    1    0    0    1    0 
  1080:    0    0    0    0    0    0   -2   -4    0    0 
  1090:    0    0    0    0    0    0    0    0    0    0 
  1100:    1    4    0    1    0    1   -1    0    0    1 
  1110:    0    0    1    0    0   -1    0    1   -1    0 
  1120:    0    1    2    0    0   -1   -2   -1    1    0 
  1130:    2    1    0    0    0    0    0    0   -1   -3 
  1140:    0    0    0    0    0    0    0    0    0    0 
  1150:    0    0    2    0    4    2    1    0    1    2 
  1160:   -2    0   -1   -2   -2   -2    0    0   -2   -1 
  1170:    0    0   -1    0   -1   -2    0    2    0   -1 
  1180:   -1    0    0    0    0    0    0    0    0    0 
  1190:   -1   -3    0    0    0    0    0    0    0    0 
  1200:    0    0    0    0    0   -2   -2   -2    1   -1 
  1210:   -1    1    0    1    1    2    2   -1   -1    0 
  1220:    0    1    1    0    1   -1    1   -1    0    2 
  1230:    2    1    0    1    0    0    0    0    0    0 
  1240:    0    0   -2   -3    0    0    0    0    0    0 
  1250:    0    0    0    0    0    0    0   -1   -2   -3 
  1260:    1   -1    0    1    0    1    3    3   -4   -1 
  1270:   -1    1    0    0    0    0   -2   -2    2    0 
  1280:    0   -1    1    0    1    1   -1    0    0    0 
  1290:    0    0    0    0   -2   -3    0    0    0    0 
  1300:    0    0    0    0    0    0    0    0    0   -1 
  1310:   -1    1    1    0    0   -1   -1   -2   -2    1 
  1320:    1   -1    1   -1    1    1   -1    0    2    1 
  1330:    1    1    0    0    0    0    1    1    0    0 
  1340:    0    0    0    0    0    0   -2   -3    0    0 
  1350:    0    0    0    0    0    0    0    0    0    0 
  1360:   -1   -1    2    0    4    3    0   -2   -1    1 
  1370:    0    0    1    0   -3    0    0    1    2    0 
  1380:    1    1    0    1    0    0   -1   -1   -2   -1 
  1390:    1    1    0    0    0    0    0    0   -2   -3 
  1400:    0    0    0    0    0    0    0    0    0    0 
  1410:    0    0    0   -1    0   -3   -5    1    5   -1 
  1420:    0   -5   -1    0   -2   -1   -2   -1   -3   -2 
  1430:    2    0    0    0    0    0   -1    0    0    1 
  1440:    0    0    0    0    0    0    0    0    0    0 
  1450:   -2   -3    0    0    0    0    0    0    0    0 
  1460:    0    0    0    0    0   -1    1    1   -2    0 
  1470:    0   -1    0    0   -1   -1    0   -1    2    2 
  1480:    0   -3    0    2   -1    0    1    1   -2   -1 
  1490:   -1    0    0    3    2    0    0    0    0    0 
  1500:    0    0   -2   -3    0    0    0    0    0    0 
  1510:    0    0    0    0    0    0    0    0    2    5 
  1520:   -1   -1   -1    2    1    1    3   -2    2    1 
  1530:    0    0    0    0    0    0    0   -1   -1   -1 
  1540:   -1    0    3    1    0   -1    0    0    0    0 
  1550:    0    0    0    0   -1   -3    0    0    0    0 
  1560:    0    0    0    0    0    0    0    0    0    1 
  1570:    3    3    1    2    0    0   -2   -1    0    1 
  1580:   -1    0    1   -3   -1    0    1    0    0    0 
  1590:    0    0   -1    0    0   -1   -2   -1    0    0 
  1600:    0    0    0    0    0    0   -2   -3    0    0 
  1610:    0    0    0    0    0    0    0    0    0    0 
  1620:    0   -2    0    4    1    1    1    0   -1    1 
  1630:   -1    2    0    1    0    2    1    0   -1   -1 
  1640:   -1    0   -1    0    0    0    0    0    0    0 
  1650:    0    0    0    0    0    0    0    0   -1   -3 
  1660:    0    0    0    0    0    0    0    0    0    0 
  1670:    0    0    0    5    6    2    1   -5    1   -2 
  1680:   -1   -1   -3   -1   -3   -4    1    2    0    3 
  1690:    0    1   -1    0    2    2    0   -3   -1    1 
  1700:    1    0    0    0    0    0    0    0    0    0 
  1710:   -1   -2    0    0    0    0    0    0    0    0 
  1720:    0    0    0    0    0    0   -2    3    4    2 
  1730:    0    0    4   -2    0    1    1    2    0    2 
  1740:    1   -1    2    0   -2    0   -1    1    1    1 
  1750:    0    3    5    3    0    0    0    0    0    0 
  1760:    0    0   -1   -3    0    0    0    0    0    0 
  1770:    0    0    0    0    0    0    0    4    8    3 
  1780:   -2   -5   -8   -4   -1    0   -2    2    2    0 
  1790:   -4   -2   -1    0    0   -2   -2   -1   -1    0 
  1800:    1   -1    0    4    3    3    0    0    0    0 
  1810:    0    0    0    0   -2   -3    0    0    0    0 
  1820:    0    0    0    0    0    0    0    0    0    0 
  1830:   -1    1    0    1    1    4    1   -3   -4   -3 
  1840:   -1   -1    2    2    2    1    1    0   -2   -4 
  1850:    0    1   -3    0    3    0   -2   -1    0    0 
  1860:    0    0    0    0    0    0   -1   -2    0    0 
  1870:    0    0    0    0    0    0    0    0    0    0 
  1880:   -1    1    3   -4   -1   -2    0   -1    0    3 
  1890:   -4   -7   -4    0   -3    0    0    1   -1    2 
  1900:    2    1    0    1    1    1   -2    0   -3   -1 
  1910:    0    0    0    0    0    0    0    0   -1   -2 
  1920:    0    0    0    0    0    0    0    0    0    0 
  1930:    0    0    0   -1   -3    0    1   -3    0   -1 
  1940:   -5   -4   -5   -3    1    3   -2   -1   -3   -2 
  1950:   -2   -3   -3   -4   -1    2    0   -1    1    1 
  1960:   -2    0    0    0    0    0    0    0    0    0 
  1970:   -1   -1    0    0    0    0    0    0    0    0 
  1980:    0    0    0    0    0    1   -2   -4    0    0 
  1990:    1    2    2    1    4    1    0   -2   -1    0 
  2000:   -2   -3   -2   -1   -3   -1   -1    0    1   -1 
  2010:    2    1    1    0    0    0    0    0    0    0 
  2020:    0    0   -1   -1    0    0    0    0    0    0 
  2030:    0    0    0    0    0    0    2    0   -2   -2 
  2040:    1    1    1    1    1    0    0    0    0    2 
  2050:    0   -3    0    2   -1   -2   -3   -1    0   -1 
  2060:    1    0    0   -1    0   -1    0    0    0    0 
  2070:    0    0    0    0   -1   -1    0    0    0    0 
  2080:    0    0    0    0    0    0    0    0    1    6 
  2090:   -1   -1   -3   -4   -5   -4   -3   -2    0   -2 
  2100:   -2   -1    0    1    3    2   -1    2    1   -2 
  2110:   -1   -1   -3   -2   -1    0    2    0    0    0 
  2120:    0    0    0    0    0    0   -1   -1    0    0 
  2130:    0    0    0    0    0    0    0    0    0    0 
  2140:    3    1   -2   -4   -6   -3    2    1    3   -2 
  2150:   -3   -4   -1    0    0   -1   -1    4    1   -1 
  2160:    0    1    1    0   -1    1    0    0    0    0 
  2170:    0    0    0    0    0    0    0    0   -1   -1 
  2180:    0    0    0    0    0    0    0    0    0    0 
  2190:    0    1   -2   -3   -2   -2   -3   -3    0    0 
  2200:    0   -3   -5    2    2    3    3    0    0    0 
  2210:    1   -1    0   -1   -3   -2    0    2    2   -1 
  2220:    1    2    0    0    0    0    0    0    0    0 
  2230:   -1   -1    0    0    0    0    0    0    0    0 
  2240:    0    0    0    0   -3   -2    0    5   -1   -3 
  2250:   -4   -3   -1    1    0   -3   -2   -1    3    4 
  2260:    0    1    0   -2   -1   -1   -1   -2    0   -3 
  2270:   -3    0   -2    0    0    0    0    0    0    0 
  2280:    0    0   -1    0    0    0    0    0    0    0 
  2290:    0    0    0    0    0    0    1    0    1   -3 
  2300:    0    0    0    1    3    3    2    1   -6    0 
  2310:    5    7    3    3    2    1    0    1    0   -2 
  2320:   -1   -1    1    0    0    0    0    0    0    0 
  2330:    0    0    0    0   -1    0    0    0    0    0 
  2340:    1   -1    0   -1    1    1    1    0   -1    2 
  2350:    0   -2   -4    0    1    0    2    3    1    1 
  2360:   -2   -6   -5   -2   -3    0    1    1   -2    0 
  2370:    0    0    0    0    1    0   -1    1    3    0 
  2380:    0    0    0    0    0    0    0    0    0   -2 
  2390:   -2    0    0    0    1    2    0    1    4    0 
  2400:    0   -1   -1    3    1    0    0    0    0   -2 
  2410:   -3   -3   -3   -1    0    0    0    0    0    0 
  2420:    0    0   -1    0    0    0    0    0    0    0 
  2430:    0    0    0    0    0    0    0    0    0    0 
  2440:    0    0    1    0   -2   -1    0    0    0    1 
  2450:    1    0    0    0    0    0    0   -1   -3    0 
  2460:    0   -1   -3   -1   -3   -1    0    0    0    0 
  2470:    0    0    0   -1   -2   -1    1    1    0    2 
  2480:    1   -1   -1    1    0    0    1    0    0    0 
  2490:    0    0    0    0   -2   -2 
