     0:    0    0    0    0    0    0    0    0    0    0 
    10:    1    0    0    1    1    0    0    0    0    0 
    20:    0    0    0    0    0    0    0    0    0    0 
    30:    0    0    0    2    0    0    0    0    0    0 
    40:    0    0    0    0    0    0    0    1   -2    1 
    50:   -3   -1   -1    0    0    0    0    0    0    0 
    60:    0    0    0    0    0    0    0    0    0    0 
    70:    0    0    0    0    0    0    0    0    0    0 
    80:    0    0    0    0    1    0   -1   -1   -1    1 
    90:    3    1    1    0    0    0    0    0    0    0 
   100:    0    0    0    0   -2    0    0    0    0    0 
   110:    0    0    0    0    0    0    0    0    0    0 
   120:    0    0    0    0    0    1    3    1    0    1 
   130:    0   -2    0    0    0    1    0    0    0    1 
   140:    2   -1    1    0    0    0    0    0    0    0 
   150:    0    0    0    0   -1    0    0   -1    0    0 
   160:   -1    0    0    0   -1    2   -1   -1    1    0 
   170:   -1    0    1    0    0    1   -1    1    0    0 
   180:    0    0    0    0    0    0    0    0    0    0 
   190:    0   -1    0    0    0    0    0    0    0   -1 
   200:    0    1    0    1    0    1    0    0    0    0 
   210:   -1    0    0   -1   -1    0    0    0    0    0 
   220:    0    0    0    0    0    0   -1   -1    0    0 
   230:    0    1    0    0    0    0    0    1    0   -4 
   240:   -2    2   -1    1    1    0    0    0   -1    0 
   250:    0    0    0    0    0    0    0    0    0    0 
   260:    0    0    0    0    0    0    0    1    1   -1 
   270:    0    0    0    0    1    0    0    1    0    0 
   280:    1    0    0    0    0   -1    0    0    0    0 
   290:    0    1   -1    0    0    0    0    0    0    0 
   300:    0    0    0   -1    1   -1    0    1    0    0 
   310:    1   -1    0   -1    1   -1    0    0    0    0 
   320:    0    0    0    0    1    0    0    1    0    0 
   330:    0    0    0    0    0    0    0    0    0    0 
   340:   -1    0    0    1    0    0    1    0    0   -1 
   350:    0   -1    0    0    0    0    0    0    0    0 
   360:    0    0    0    0    1    0    0    0    0    0 
   370:    0    0    0    0   -1    0    0    0   -1    0 
   380:    0    0    0    0    0    0    0    0   -1   -1 
   390:    0    1    0    0    0    0    0    0    0    0 
   400:    0    0    0    0    0    0    0    0    0    0 
   410:    0    0    0    0    0    0    0   -1    0    0 
   420:    0    0    0    0    0    0    0    1    0    0 
   430:    0    0    0    0    0   -1    0    1    0    0 
   440:    0    0    0    0    0    0    1    0    0    0 
   450:    0    0    0    0    0    0    0    0    1    0 
   460:    0    0    0    0    0    0    0    0    0    0 
   470:    0   -1    0   -1    0    0    0    0   -1    0 
   480:    0    0    0    0    0    1    0    0    0   -1 
   490:    0    0    0    0    0    0    0    0   -1    0 
   500:    0    0    0    0    0    1    0    0   -1    0 
   510:    0   -1    0    1    0    0   -1    0    0    0 
   520:    0    0    0    0    0    0   -1    0    0    0 
   530:    0    0    0    0    0    0    0    0    0    0 
   540:    0    0    1    0    0    0    0    0    0    0 
   550:    0    0    0    0    0    0    0    0    0   -1 
   560:    0    0    0    0    0    1    0    0    0    0 
   570:    0    0    0    0   -1   -1    0    0    0    0 
   580:    0    0    0    0    0    1    0    1    0    0 
   590:    0    0    0    0    0    0   -1    0    0    0 
   600:    0    0   -1    0   -1   -1   -1    0    0   -1 
   610:    0    0    0    0    0    0   -1    0    0    0 
   620:    0    0    0    0    1    0   -1    1    0    0 
   630:    1    0    1    1    0    1    0    1    1    1 
   640:    0    0    0    0    0    0    0    0    0    0 
   650:    0    1    0   -1    2    0    0    0    0    0 
   660:    1    0    0   -2    0    0    0    0    0    0 
   670:    0   -1    0    0    0    0    1    0    0    0 
   680:    0    0    0    0    0    0    1    0    1    0 
   690:    2    0    1    0   -1    0    0    0    0    0 
   700:    0    0    0    0    0    0    0    0    0    0 
   710:    0    0    0    0    0    0    0    0    0    0 
   720:    0    0    0    0    0    0   -1    2   -1    2 
   730:   -1   -1    0    0    0    0   -1    0    0    0 
   740:    0    1    0    0    0    0    0    0    0   -1 
   750:    0    0    0    0    0    0    0    0    0    0 
   760:    0    0    0    2    0    0    2   -1   -1    0 
   770:    0    0   -1    0    1   -2    0    0    1    1 
   780:    0    1    0    0    0    0    0    0    0    0 
   790:    0    0    0    0    0   -1    0    1   -1    1 
   800:    0   -1   -1   -1    2   -2   -1   -1    0   -2 
   810:   -2    2   -2    0    0    1    0    0    1    0 
   820:   -1    0    1    0    0    0    0    0    1    0 
   830:    0    1    0    1    1    0   -1    1    0   -1 
   840:   -2    2    2    0    1    0   -1   -1   -2    0 
   850:    0    0    0   -1    0    0    0   -1   -2    2 
   860:    2    1   -1    0    0    0    1    0    0    2 
   870:    0    2    0   -1    0    0   -1   -1   -1    2 
   880:    2    1   -1   -1    1    0    0    0    0    0 
   890:    0   -1    1    0   -1   -1    0   -2    0    2 
   900:    1   -1    1    0    0    3    0    0    0    1 
   910:    1    1    3    2   -1   -1   -1   -2    0    0 
   920:    0    3    1    0    0    0    0    0    0   -2 
   930:   -1    0   -1    0   -2    0   -1    0   -3    0 
   940:   -1    0    0    1    0    0    2    2    2    2 
   950:    1   -1   -2   -1   -2    0    2    1    0    1 
   960:    0    0    0    0   -2    2   -2   -1    0   -2 
   970:    0    1    1    0    0    2    0   -1   -2   -1 
   980:    0    1    1    0    0    1    0   -1   -1   -1 
   990:   -1    0   -1    2    0   -1    0    0    0    0 
  1000:    0    0    1    0    0   -1    0    0    1    1 
  1010:    0    1    1   -2    0   -1    1    0    0   -1 
  1020:   -1   -1    1    0   -1    0    0   -1   -1    0 
  1030:    2   -1    1    0    0    0    0    0    0    0 
  1040:    0    0   -1    0   -1   -1   -1    1   -1    0 
  1050:    0    2    1    2    0    0    1    0    0    0 
  1060:    0    1    0    0    0    0    1    1    0    1 
  1070:    0    0    0    0    0    0    0    0    0    1 
  1080:    0   -2   -2    0    0    0    0    0   -1   -1 
  1090:    1    1    1    0    0    0    0    0    1   -1 
  1100:    0    0    0   -1    0    1    0    0    0    0 
  1110:    0    0    0    0    0    0    0    0   -1   -2 
  1120:    1   -1    0    1    1    1    3    0    1   -1 
  1130:   -1    0    0    0    0    0    0    0    1    0 
  1140:    0    1    1    0    0    0    0    0    0    0 
  1150:    0    0    0    0    1    1   -1    1    0    0 
  1160:    2    0    1    0    2    0    0    1    0    1 
  1170:    1    0   -1    1    0    0    0    1    2    1 
  1180:    0    0    0    0    0    0    0    0    0    0 
  1190:    1    0    1    0    1    2    1    0    2    0 
  1200:    0    1    0    0    0    0    1    1    0    0 
  1210:    0    0   -1    0    0   -1    0    0    0    0 
  1220:    0    0    0    0    0    1    1    0    1    1 
  1230:   -1    0    0    0    1   -3    1   -1   -1   -1 
  1240:   -1    0    0    1    0   -1    1    0    0    0 
  1250:    0    0    0    0    0    0    0    0    0    0 
  1260:    0    1    2    2    1    0   -2    0    1   -1 
  1270:    1    0    0    1    0    0   -1    1    0    1 
  1280:    0    0    0    0    2    0   -1    0    0    0 
  1290:    0    0    0    0    0    0    0    0   -1    0 
  1300:    1    1    0    0    1    1    1    0    0    2 
  1310:   -1    2    0    2    0    2    0    2    1    0 
  1320:    0    0    0   -1    0    0    0    0    0    0 
  1330:    0    0    0    0    0   -1    0    0    0   -1 
  1340:    0    0    0    0   -1    0    0    0    0    0 
  1350:    1    0    1   -1    1    0    0    0    0    0 
  1360:    0    0    0    0    0    0    0    0    0   -1 
  1370:   -1   -1   -1   -1   -1   -1   -1   -1    0    0 
  1380:    0    1    0    0    1    1    1    1    1    1 
  1390:    2    2    2    1    2    2    2    2    2    2 
  1400:    2    2    1    2    2    2 
