     0:   -1   -1    1   -1    1    2    2   -2    0    0 
    10:    1    0   -2    0    0    0    0    0    0    0 
    20:    0    0   -1   -2    1    0    0    2    0   -2 
    30:    1    0    0    0    0    0    1    1    0    0 
    40:   -1    0    3    7    0   -1   -1   -1    0    1 
    50:    1    0    0    0    0    0    0    0    0    0 
    60:    0    0    0    0    0    0    0    0    0    0 
    70:    0    0    0    0    0    0    0    0    0    0 
    80:    0    0    0    0    0    0    0    0    0    0 
    90:    0    0    0   -1    4   10    0    0   -5   -1 
   100:    1    0    0    0    0    0    0    0    0    0 
   110:    0    0    0    0    0    0   -1    0    0    0 
   120:    0    0    0    0    0    0    0    0    0    0 
   130:    0    0    0    0    0    0    0    0    0    0 
   140:    0    0    0    0    0   -2    1    5    0    0 
   150:   -6   -2    2    0    0    0    0    0    0    0 
   160:    0    0    0    0    0    0    0    0   -2    2 
   170:    2   -1    0    0    0    0    0    0    0    0 
   180:    1    0    0    0    0    0    0    0    0    0 
   190:    0    0    0    0    0    0    0   -2    2    5 
   200:   -1    1   -6   -1    2    0    0    0    0    0 
   210:    0    0    0    0    0    0    0    0    1    4 
   220:   -9  -16  -13    3    2    1   -2    3    1   -3 
   230:    3    0   -2    0    0    1    0    0    0    0 
   240:    0    1    1    1    0    0    1    1    1   -5 
   250:    6    7    1   -1   -8    2    1    0    0    0 
   260:    0    0    0    0    0    0    0    0    0    0 
   270:   -4   -3    2   -2   -6  -12  -16   -9   -2   -3 
   280:    9   -2   -5   -4   19    3   -2   -9    4   -2 
   290:    0    0    1   -2   -4   -2    1   -3   -1   13 
   300:   -3    1    5   13   -5    0    2    2    1    0 
   310:    0    0    0    0    0    0    0    0    0    0 
   320:    0   -2   11   -7   -2    3   -4   -1   -5   11 
   330:   -3   -4    3    7   -9   -3   27    4   -9   -6 
   340:   22  -10   -3   -9  -13   16   33   38  -11   -7 
   350:    5    5    0    6   -2   11    9   -4   -9    0 
   360:    2    0    0    0    0    0    0    0    0    0 
   370:    0    0    1    3  -12   11    2   -2   -5   -5 
   380:    2   -4    2    6    4   -4    4  -18  -10   15 
   390:    5   12   15   22    3  -15  -18  -14   -9   -2 
   400:    6    6    4    4    0   -3   -6   -2   -1    3 
   410:   -8   -2    2    0    0    0    0    0    0    0 
   420:    0    0    0    0   -4   -3   -3    2  -13   -2 
   430:    0    8   -1   -1    5    5    2    1    6   11 
   440:    9    0    6   -1    1  -22   -6   -4   16   -3 
   450:   -3   19   20  -10    7    9   -1   -1   -8   -7 
   460:   -2   -4   -5    1    1    0    0    0    0    0 
   470:    0    0    0    0    0    0   13   21    0   -3 
   480:   15    1    3  -13   15   -7   -1    8   -5    4 
   490:   -5    0    3   -8    8   10    5    9    6   -2 
   500:   -6  -16    2   20    5   -5    2   12    0    4 
   510:   -7   -1    1    1   -5    0    1    0    0    0 
   520:    0    0    0    0    0    0    0    0   -7    8 
   530:    5    4   -6   -1   -3    5    1   -9   10   -5 
   540:  -15   -6   -1   -4    3    0  -15    6   10    5 
   550:   -3  -13   -7   -9   -5   -3   -2    4   13  -10 
   560:   -1    8    8    0    0    0   -5    3    1    0 
   570:    0    0    0    0    0    0    0    0    1   -7 
   580:  -14    2   -4   -7   -3    4    7   -8  -21  -14 
   590:   -1   -4   25   15    0    4    3   -8    3    1 
   600:   -7    2    4   -3   -4    3   13   -1   -2   -7 
   610:    9    0    1   -1   -2    0    0    0   -5    4 
   620:    1    0    0    0    0    0    0    0    0    0 
   630:    0   -7   16   -2   -5   -3   -6   -9   -3   22 
   640:   24   -9  -23    4  -18   -3   21   -6  -10    7 
   650:   11   13    0    4   -6    0   -7    3  -21   -4 
   660:   -1    0   -2    2    0    0    0    0    0    0 
   670:   -4    4    1    0    0    0    0    0    0    0 
   680:    0    0    1   15    0    4  -15  -11    2    4 
   690:  -10  -38  -26   22   21  -25   31   18  -35    2 
   700:    0   -3   -8    5   -8    1    2    1   -8   -1 
   710:    5   -3   20    3  -24   -5    1    0    0    0 
   720:    0    0   -4    6    1    0    0    0    0    0 
   730:    0    0    0    0    1   12   -4    4    2   18 
   740:    3  -15    5   25    8  -36   -7   25   -8    2 
   750:    8   24  -13    8  -14  -19   25   -8   -8   -3 
   760:   -3   -1    1   13   -8  -10   34    3   -1    0 
   770:    0    0    0    0   -4    4    1    0    0    0 
   780:    0    0    0    0    0    0    0    8   12    1 
   790:   15  -29    0   20  -19  -21   -3   42   16   21 
   800:    2   -3    0    8   -4  -20   -4   -6    5    8 
   810:    3   -2    0   10   13    9    4   12  -38   -2 
   820:    2    0    0    0    0    0   -5    2    1    0 
   830:    0    0    0    0    0    0    0    0    0   18 
   840:    0    1  -10   -8  -12   -9    7   12   -6  -25 
   850:   -4  -19   11  -18   30  -15   -3  -31   17   -5 
   860:   -9    3   16  -19  -12  -16   -1  -20   23  -20 
   870:   16   15    0    0    0    0    0    0   -4    2 
   880:    1    0    0    0    0    0    0    0    0    0 
   890:   -1   13   11   -1   -3  -11    8    7    6    7 
   900:   13   18    6    7  -11    8   20  -33   -4   28 
   910:    0    7  -19   13  -29   22  -10    5    2   29 
   920:  -11    0   -2   -9    2    0    0    0    0    0 
   930:   -4    5    1    0    0    0    0    0    0    0 
   940:    0    0    1  -10  -10    7   -5   -3    9    5 
   950:   -2   -1   -7   -8    2   -7   11   -2  -12   14 
   960:  -21   -7    4   -7    5   -3    7  -16   18   -8 
   970:  -11   -3    5    4   -6   16    0    0    0    0 
   980:    0    0   -3    6    1    0    0    0    0    0 
   990:    0    0    0    0    1   -9  -22   -1    4   -7 
  1000:    8   20    3   -4   -3   -5    4    4   -9    2 
  1010:   14  -12    2   -2  -17   -4   12   17  -18   12 
  1020:   13    2   -6    2    0   -1   -6  -20    2    0 
  1030:    0    0    0    0   -3    7    1    0    0    0 
  1040:    0    0    0    0    0    0    0   -2  -10   -7 
  1050:   -2  -12    2   -4   12  -10    1   -1   -5   10 
  1060:    4   -7    2   -4  -17   -7    8    2    0   -5 
  1070:    4    0    9  -11    5    4    9    1   -2   11 
  1080:    0    0    0    0    0    0   -3    8    1    0 
  1090:    0    0    0    0    0    0    0    0    0    1 
  1100:    1   11   -2   -8   -7   10   -7    1    0    4 
  1110:    1   -9    2    7   -4   -3    3    4    0   -6 
  1120:    8   -1   -4   25    3    5    5    3   -5   10 
  1130:   -1  -14    1    0    0    0    0    0   -3    6 
  1140:    1    0    0    0    0    0    0    0    0    0 
  1150:    0    1   13   -3   -3   -4   -3    4    1   -3 
  1160:   -7   -5   -5    3   -2    5    0  -11   -2    3 
  1170:    1   -2  -18   -7   -1   12    4    6    9   -6 
  1180:   -9   -5    1    5   -1    0    0    0    0    0 
  1190:   -2    8    1    0    0    0    0    0    0    0 
  1200:    0    0    0    0    5    4  -22    2   -8  -19 
  1210:   -6   -6   -5    4   -3   -4    1   -1    2    0 
  1220:   -8   -2    5   -1    8    6   11  -11   -1   11 
  1230:    3  -11    0    2   -6    0    0    0    0    0 
  1240:    0    0   -2   10    0    0    0    0    0    0 
  1250:    0    0    0    0    0   -1    7    7   -3   -1 
  1260:    0   -4   -2   -6   -3    1   -5    2  -16   -2 
  1270:    1   -1    1   -4   -4    4    0    9    3   -2 
  1280:   -3   -4    1   -6   -3    6    3    3    0    0 
  1290:    0    0    0    0   -1   11    0    0    0    0 
  1300:    0    0    0    0    0    0    0    0    6    1 
  1310:    8   -1   -3   -4   15   -9   -5   -1   -4    3 
  1320:    5    2   -4   -5    3   -1   -7   11   -2   -8 
  1330:    2    3    4    4    7   -3   -3    2   -9   -3 
  1340:    0    0    0    0    0    0   -1   11    0    0 
  1350:    0    0    0    0    0    0    0    0    0    0 
  1360:   -5   -6    4    0    2    7    7    2   -5    3 
  1370:   -3    0    1   -3  -10    0    3   -7    4   -3 
  1380:    6   10   -1    0   -5   -5    1   -3   -6    1 
  1390:   -7   -6    1    0    0    0    0    0   -1   10 
  1400:    0    0    0    0    0    0    0    0    0    0 
  1410:    0    0   -4    3  -11  -14  -17  -13    5    5 
  1420:   23    4   -1    4   22   14   -8    1   13   17 
  1430:   34   -3    4   -3   -3    6    5    1   12    6 
  1440:   -8   -6   -6    1    0    0    0    0    0    0 
  1450:   -1   10    0    0    0    0    0    0    0    0 
  1460:    0    0    0    0    0    0   -3   -1   12    4 
  1470:    1   -9   -1    4   -2    0   13  -13   -1    0 
  1480:    0    3   16  -16  -17   -8    3    2   -4   -7 
  1490:   -6    9   16    1   10   -1    0    0    0    0 
  1500:    0    0   -2    8    1    0    0    0    0    0 
  1510:    0    0    0    0    0    0    0    1   -4   -6 
  1520:    4    4    8   -4    5   15    6   12   13    5 
  1530:    2    0    0    1    0    1  -10  -16    4   -8 
  1540:   -2    4   27   11  -18   -5   -2    0    0    0 
  1550:    0    0    0    0   -1    9    0    0    0    0 
  1560:    0    0    0    0    0    0    0    0    0   22 
  1570:   -3   -1    6   -8    2  -10    5    2   -1   17 
  1580:   -3  -17   11    7    1    4    3    0   -3    3 
  1590:    1   -1    0    0   -5   -4   -6    8    0    0 
  1600:    0    0    0    0    0    0   -1    9    0    0 
  1610:    0    0    0    0    0    0    0    0    0    0 
  1620:    0   17  -17   -8   -2    3    4    0   -4   17 
  1630:    9    8    0   12  -10   -1   -4   -5   -5    8 
  1640:    7  -17   -3    0   -2    1    1    0    0   -1 
  1650:    0    0    0    0   -1    0    0    0   -1   11 
  1660:    0    0    0    0    0    0    0    0    0    0 
  1670:    0    0    1    4   -1   11   -3   -7  -19    4 
  1680:   12  -20   23   10   -4    1   33    9  -10    7 
  1690:    0   -8    0   -5    1    8   15  -15   -1    8 
  1700:    4    8    0    0    0    0    0    0    0    0 
  1710:    0   12    0    0    0    0    0    0    0    0 
  1720:    0    0    0    0    0   11   -4   31  -11    0 
  1730:    3    8    3   -6   25   10   12   10   -7    2 
  1740:   -2   -8    2   -5    6   10  -23    5    3  -12 
  1750:   15    7   12   15    0    0    0    0    0    0 
  1760:    0    0   -1   12    0    0    0    0    0    0 
  1770:    0    0    0    0    0    0    3  -14    0    3 
  1780:  -12   10   -4   26    4   15    4   -2    4  -15 
  1790:   -8    3    8   -3    0   -3  -10   -5    1    0 
  1800:    2   21   15   15    8   29   -1    0    0    0 
  1810:    0    0    0    0    0   11    0    0    0    0 
  1820:    0    0    0    0    0    0    0    0   -2  -19 
  1830:  -21   -2   -7    2    5    7   14   -5    4    8 
  1840:    6    8  -24    6    4   -6    8    9    1   -6 
  1850:   27   -2   -8    3    3   23    4    3    0    0 
  1860:    0    0    0    0    0    0    0   13    0    0 
  1870:    0    0    0    0    0    0    0    0    0    1 
  1880:   -9  -20    3  -20   27   15    6    0   -7   -4 
  1890:  -18  -13    8   -6  -15  -26  -10  -12   -9   16 
  1900:   24    1    9   -7  -10   -8   10    4  -11   -9 
  1910:    1    0    0    0    0    0    0    0    0   14 
  1920:    0    0    0    0    0    0    0    0    0    0 
  1930:    0    1   -8    2  -28  -21   12   29  -21    0 
  1940:    7    0   -7  -20    2   -5  -18   -7  -14  -18 
  1950:  -15  -10  -12    7    1  -28  -26    9    3   16 
  1960:   -2   -2    0    0    0    0    0    0    0    0 
  1970:    1   15    0    0    0    0    0    0    0    0 
  1980:    0    0    0    1   -4   -8   -4   -8    4    4 
  1990:  -23   10   15   -2  -21  -30    5   -1  -22  -19 
  2000:  -14  -20  -22   -7    1    9    5  -11  -12  -13 
  2010:   19    4    3    0    0    0    0    0    0    0 
  2020:    0    0    2   15    0    0    0    0    0    0 
  2030:    0    0    0    0    0    1    5  -17  -11    5 
  2040:    3  -17    6    7    7   -5    0  -10   -5    5 
  2050:   -5  -10   -6  -17   -5   -3  -22   14  -17    7 
  2060:   -7  -22   23    4   -8   -7    1    0    0    0 
  2070:    0    0    0    0    2   15    0    0    0    0 
  2080:    0    0    0    0    0    0    0   -1   14   19 
  2090:  -12    2  -15    3    6   -6    7   13    8   -7 
  2100:   -7  -24    2   -7    8    2  -25   -5   -7    3 
  2110:   -8   -9  -13  -15   -1    8    8   -1    0    0 
  2120:    0    0    0    0    0    0    2   15    0    0 
  2130:    0    0    0    0    0    0    0    0    0   -3 
  2140:   -1   -2  -12   -9  -10   14   22    7    2    3 
  2150:    4   -9   -9   11   10   -4   -2   18   20  -17 
  2160:    6   -3   -5   -6    1  -10   17    3    1   -8 
  2170:    1    0    0    0    0    0    0    0    2   16 
  2180:    0    0    0    0    0    0    0    0    0    0 
  2190:   -1    5    4   -1    5  -12    5    8   -4    2 
  2200:   20    0   -5   -2   10    1   -4    9   -1   -3 
  2210:  -12   14   -5   17  -23  -20    4   16   -3   12 
  2220:    0    0    0    0    0    0    0    0    0   -1 
  2230:    3   16    0    0    0    0    0    0    0    0 
  2240:    0    0   -2   -3   25    3   13    1   -4    3 
  2250:  -29    0   21  -13   12    5    5   15   18    1 
  2260:   -7   -6  -12  -11  -11   15  -12  -13  -15  -19 
  2270:   -6   -3    3    9    0    0    0    0    0    0 
  2280:    0   -1    3   16   -1    0    0    0   -1    0 
  2290:    0    2   -2    0    3  -12    6   15   18  -11 
  2300:    5   13    0    4    6   -7   -1    2  -12   27 
  2310:   22    4   -7    6   -1    7   17   -1    8   -3 
  2320:   -8    5  -10  -15   25    1   -2    0    0    0 
  2330:    0    0    0   -1    4   16    1    1    0    0 
  2340:    5    7   -1   22   -4    0  -19   -7   11    2 
  2350:    2  -11   13    1    3   26   -4   -5   11    1 
  2360:   10  -20   -2    2   10    4   -1  -19   -7   15 
  2370:  -13   15   -3   -7   -4   -8  -11    7   14    0 
  2380:    0    0    0    0    0   -1    4   17  -13    1 
  2390:    2   -3    1   -1   16   34  -17   12   16   -7 
  2400:   -7   -6   -6  -21  -15  -20   -6   10    0   -9 
  2410:  -36   -5   17    3   -1    0    2    2   -1    0 
  2420:    2   -3    0    2    1    2    1    3   -1   -2 
  2430:    0    0   -1   -3    1    0   -1    0    3   13 
  2440:  -14   23   21  -15   -8   -9  -18   -4    5    3 
  2450:    8   10    7    7   -3   -5   -1   -2    2    1 
  2460:    2   -6  -35  -11   -5    1    0    0    3    6 
  2470:   -1    0    2  -17   -9    2    8   -3    6    5 
  2480:   -4  -18    2    1   -1   -7    2    1    0    0 
  2490:   -1  -10    0  -19  -21   -7 
