     0:    0    0    0    0    0    0    0    0    2   -2 
    10:    3   -3   -1    0    1    0    1    0    0    0 
    20:    0    0    0    0    0    0    0    0    0    0 
    30:    0    0   -1    1    1    0    0    0    0    0 
    40:    0    0    0    0    0    1    2   -4   -2    0 
    50:    0    0   -1   -2    0    0    0    0    0    0 
    60:    0    0    0    0    0    0    0    0    0    0 
    70:    0    0    0    0    0    0    0    0    0    0 
    80:    1   -3    1   -2    1   -1    2   -2    1    1 
    90:    3    0    0    0    0    0    0    0    0    0 
   100:    0    0    0    1    0    1    0    0    0    0 
   110:    0    0    0    0    0    0   -1   -2   -3   -2 
   120:    0    3   -3   -2    2   -1   -1    0   -1    1 
   130:   -2    1    0    0   -1    0    0    0   -3    1 
   140:    2    0    2    1    0    0    0    0    0    0 
   150:    0    0    1   -3    0   -3    2    2   -5    3 
   160:   -1   -2   -1    2    0    1    0    1   -1   -1 
   170:   -2   -2    0   -4   -2    1    0    2    3   -4 
   180:    0    0    0    0    0    0    0    0    0   -2 
   190:    2    1    4   -3    0    8   -1    0    3   -2 
   200:    1    0    1    0    3    1   -1    1    2    4 
   210:    1   -3   -2   -2    3    1    3    0    0    0 
   220:    0    0    0    0    0    2   -1   -2    4   -6 
   230:    1    1   -2    2    1   -2   -1    3    1    0 
   240:    1   -3    5   -6    1    5    0   -2    1   -4 
   250:   -2   -2   -2   -2    3    3    0    0    0    0 
   260:    0    0    0    3   -3   -5   -1   -1    1   -3 
   270:    0    0   -1    1   -3    2    0    3   -1    7 
   280:   -1   -5    6    4    3   -1    0   -3    2    5 
   290:   -3    1   -2    0    0    0    0    0   -1    0 
   300:   -3    2    0   -7   -3    0    7    2    4   -2 
   310:   -3    6   -2   -1    2   -2    4    8   -9    1 
   320:    5    5    2    3    1   -1   -3    2    0    2 
   330:    1    0    0    0    0    1   -1    0   -1    1 
   340:    3   -5    1   -4    3    0    1    7   -4    4 
   350:   -2    1   -1    3    7    4   -8   -9   -4   -3 
   360:    1    3   -2    4    3   -5    2   -1    0    0 
   370:    0    0    0    2   -1    0    1   -2    2   -2 
   380:   -2    0   -2    3   -3   -1   -1    1    7   -7 
   390:   -5    0    1    8    4    2    0   -4   -2   -2 
   400:    1   -3    6   -1   -2    0    0    0    0    0 
   410:    0    2   -3   -2    0    2    1    1    2    1 
   420:   -3    1   -1   -2    2    5   11   -5   -4   -2 
   430:   -3   -6   -2    4    5   -4    2   -2    0   -3 
   440:   -2   -1    0    0    0    0   -1    0    0    3 
   450:    2    2    2    0   -1   -2    0    2    0   -2 
   460:    0   -4   -5    1    5    3    3    3    4    4 
   470:   -7    0    1   -4    1   -1    1    0   -1   -1 
   480:    0    0    2    0    0   -1   -2    0   -1    0 
   490:    1    0    4   -1    0   -1    0    6   -2    2 
   500:    2   -3   -3   -4   -3   -3   -4    5   -6    0 
   510:    1   -7   -1   -6   -2    4   -1    0   -1    2 
   520:    0    0   -1    0    1    0    0    2    1   -2 
   530:    0    0    0    0   -1    2    1    2    2    3 
   540:    1   -3   -2    0    0    3    4   -1   -1    0 
   550:    3   -1    2    2    0   -1    3   -2    0    1 
   560:   -4   -1   -1    0   -1    0    2    0   -2   -1 
   570:    2    0   -2    3    4   -1   -4   -5    1    0 
   580:   -1   -1   -4   -1   -3    3   -3    3    1    0 
   590:   -5    1   -1   -6    2   -3    0    1    0    1 
   600:   -1    0   -1    0    0    4    0   -1    0    1 
   610:   -5   -2    0    0    2   -1    3    0   -3    0 
   620:   -2   -1   -1    2   -1    1    1    4   -1   -2 
   630:    4   -2    4    1    0   -2   -1    0   -1    0 
   640:   -1    0    0    1    1    0   -1    3    2   -2 
   650:   -2   -2    6   -3    0   -1   -3    5   -1   -3 
   660:    1   -6    1   -3    3    0    2   -5    4   -2 
   670:   -6   -2   -2    0    1    1   -5   -1   -3    2 
   680:    0   -1    0    0    0   -3    4   -8    2   -3 
   690:    2   -1   -2    4   -3    0    0   -3    0    0 
   700:    1    0    0    1    3   -5    5    0    4   -4 
   710:    0   -2    0    0    0   -1   -1   -2   -1    0 
   720:    0   -2    0    0    5   -3    1    0   -1    0 
   730:   -1    1    4   -4    0    3    2    1    3    0 
   740:    0    4   -2   -5    2   -3    3    0    1    0 
   750:   -2    2   -1    0   13    6    0    2    4   -5 
   760:    2   -1    0    1    0    2    0    2    2    1 
   770:    4   -3    2    0   -2    0    0   -1    1    5 
   780:    2   -1    3   -2   -2   -2   -1   -4   -8    4 
   790:   11   -1   -7    1   -3   -4    0    0   -1    2 
   800:   -2    3   -5    4   -1    1   -1   -3    3   -3 
   810:   -1    1   -2    0    1   -1    2    4    7    1 
   820:    2    2    2   -1   12   17   -6  -17   12    3 
   830:    5    2    0    2   -1    0   -3    3   -1    4 
   840:    1    3    1    5    0   -1    2    2   -1   -1 
   850:    0    0   -5    2    0    1    0    0   -5    0 
   860:    0   -6    4   13   -3   -9   14   -6    5    0 
   870:   -1   -2   -1    3   -1    0    0    2    0    1 
   880:   -2    2    0   -3    2   -1    1    0    1   -1 
   890:    2    4   -3   -1   -1    1   -2    3   -3    3 
   900:   -1   -2    7   -2    1    0   -3   -3    1    1 
   910:    0    4    0    0   -1    2   -2    2   -3   -4 
   920:    0   -1    1    0    0   -1    2   -1    0    1 
   930:   -3   -2    0    0   -3    4   -2    1    0    0 
   940:   -3    2    0    3   -3    1    2    0    1    1 
   950:    0   -1   -2    0    2    1    3   -3    5    2 
   960:    0    0    1   -2    4   -2   -2    3    1   -1 
   970:    0    1   -2    0   -1    0   -1   -2    1   -2 
   980:    2    2   -1   -1    2    0   -1    0    0    3 
   990:   -2    0   -1    0    4    1    1    0    0    0 
  1000:    1   -3   -2    6   -1    0   -1    1   -2   -4 
  1010:   -1   -2   -1    3    0    1    0   -2    0    2 
  1020:    3   -2    2    2    3    1   -3    2    0   -2 
  1030:    4   -2    2    0    0    0    0    0   -1    3 
  1040:   -3    4    0    2    0    0    0    2   -4   -1 
  1050:   -3   -4    0    1   -1    3    3   -2    4   -3 
  1060:    0    0    0    1    0   -2    1   -1   -3    2 
  1070:    0    0    0    0    0    0   -1    2   -2   -1 
  1080:    6    0    3   -4    1   -1   -1    3    0    1 
  1090:    0   -1    0    0   -1    0    0    0   -2    0 
  1100:    2   -1    1   -2    1   -2    1    0    0    0 
  1110:    0    0    0    0    0    0    0   -3    2    1 
  1120:    0   -2   -2    1    0    1    2    1    2    1 
  1130:    0    1   -1    2   -3    3    0   -4    1    0 
  1140:    0   -1    0   -1    0    0    0    0    0    0 
  1150:    0    0    0    0   -1    4    0   -4    2   -1 
  1160:    1   -3   -1    0    1   -2   -3   -2    0    3 
  1170:   -2   -1    2   -4    5   -6    5   -2    2    3 
  1180:    0    0    0    0    0    0    0    0    0    0 
  1190:   -1    3    1    0    2    0   -2    4   -1    1 
  1200:    2    0    0    3    0    2    0   -5    1   -2 
  1210:    0   -3   -3    0    2    0    2    0    0    0 
  1220:    0    0    0    0    0    1   -2    4    1    1 
  1230:   -3    3   -2    0   -3    0   -2    0    1    0 
  1240:   -3    3    2    0    0   -1    3    0   -2    1 
  1250:    0   -3    0    0    0    0    0    0    0    0 
  1260:    0    1   -3    1   -6   -5    1    0   -3   -2 
  1270:   -2    2    0    3   -2   -1    2    0   -3   -5 
  1280:    1   -1   -3   -2    0   -2    0    0    0    1 
  1290:    0    0    0    0    0   -1   -1    1   -3    2 
  1300:    3    1    8    1    3    5    1   -2   -4    2 
  1310:   -2    3    1   -3    2    1   -2   -1    0    1 
  1320:    0   -1   -1    1    0    0    0    0    0    0 
  1330:    0    0   -1    0   -2    4   -4    3   -2   -1 
  1340:    0   -2   -1   -1    1    2    0   -2    0    1 
  1350:    1   -4    2   -4   -3    0   -5   -2    1    0 
  1360:    0    0    0    0    0    0    0    0    0   -1 
  1370:   -1    0   -1    1    0    0    0    0    0    0 
  1380:    0    0    0    0    0    0    0    0    1   -1 
  1390:    0    0    0    1    0    0    0    0    0    0 
  1400:    0    0    0    0    0    0 
