     0:    0    0    1   -4   -8   -7  -14    0    4   -2 
    10:   -1    0    1    0   -2    6  -22   11    0    0 
    20:   -3    3    0   -2   -3    8  -19   12    5   -2 
    30:   -1   -1    8   -6   -1   -1    0   -5   13   -2 
    40:    1   -6    1   -4   -3    8   -3   -3   11  -13 
    50:    0    0   14   -1   -1   12   -6    9   -6   -6 
    60:   -2    2   -1    2   10    0   10   -3   20    6 
    70:   -9   -4   -5   -6   -9   -1   -7   -5   -2   -3 
    80:    5    0   -2   -1  -13  -13   -1    9  -17    2 
    90:   16  -13    1   -5   -6   -2    2    6  -12    4 
   100:    0   -2    3    4   20    7   -2   17   25   12 
   110:   -1    8    1   -2   -2    6   -1    2    1   -1 
   120:   -1    7  -16   11   -3   10   29    2   -1   10 
   130:    0   -2    4    6    2   -2    1   -6    2  -15 
   140:   15    4   -2   -1   -7    3  -12   -4    2    0 
   150:   -2   -1   -2    3    2  -10    0    9  -10    1 
   160:    4   -9   -3    6    1    3    5   -1   -2    0 
   170:    5   -2    3   -5   -4    4    7    2    4  -14 
   180:  -14   13   -3    3   -2    1   -6    0    2   -1 
   190:   -2   -7    0   -2   -3    1    1   -8   -6    7 
   200:   -4    8    2   -4   -6   -2   -4    6    0   -1 
   210:    8    1    0    1   13    8   23    1   -8   16 
   220:   -2   -5   -3   -6    3    3  -10   -1    8    4 
   230:   -5    0  -11    9   20  -10   10   -1    4  -12 
   240:   -5    1   -3    2   -2    6   -7    1   24   28 
   250:  -11   -1   -1   -3    0   -2   -4  -12   -7   -3 
   260:   -1    0    6   -3   -3    4   18    2  -18    0 
   270:    0    0    2   -9   -6   -7   -5   13   -2   -4 
   280:    3   -4    7    9   20    9    1   -3    0   -4 
   290:   -4   -2   -6  -10   -4    0    3    2   10  -20 
   300:   10    6   18  -19    8   -1   -2   14  -16    0 
   310:   -2    3   -2   -1   -4    1    6  -11    3    1 
   320:    4   -4    0    0    0   -8    1  -15    4    0 
   330:   -4    2    5    6   -7   -7    8   14    0    0 
   340:    0    0 
