     0:    0    0    0    0    0    0    0    0    0    0 
    10:    0    0    0    0    0    0    0    0    0    0 
    20:    0    0    0    1    0    0    0    0    0    0 
    30:    0    0    0    0    0    0    0    0    0    0 
    40:    0    0    1    1    0    0   -1    0    0    0 
    50:    0    0    0    0    0    0    0    0    0    0 
    60:    0    0    0    0    0    0    0    0    0    0 
    70:    0    0    0    0    0    0    0    0    0    0 
    80:    0    0    0    0    0    0    0    0    0    0 
    90:    0    0    0    0    0    0    0    0    0    0 
   100:    0    0    0    0    0    0    0    0    0    0 
   110:    0    0    0    0    0    0   -1    2    1    0 
   120:    0    0    0    0    0    0    0    0    0    0 
   130:    0    0    0    0    0    0    0    0    0    0 
   140:    0    0    0    0    0    0    0    0    0    0 
   150:    0    1    0    0    0    0    0    0    0    0 
   160:    0    0    0    0    0    0   -1    4    9    5 
   170:   -1    0    0    0   -2    1    1    0    2    0 
   180:    0    0    0   -1    0    0    0    0    0    0 
   190:    0    0    0    0    1    1   -1   -1    1   -1 
   200:   -3    0    0   -1    0    0    0    0    0    0 
   210:    0    0    0    0    0    0    0    0    0   15 
   220:   -6  -29   -1    5   10   -5   -1   -3    1    1 
   230:    1    1   -8   -2    0    8    3    0   -1    1 
   240:    1    0    0    0   -2    1   -4    0   -7   -5 
   250:   -1   -3    1    1    0   -1    0    0    0    0 
   260:    0    0    0    0    0    0    0    0    0   -1 
   270:    2   15  -11  -20  -13   30  -12    6   24    2 
   280:   -8   -2   14    8   -8    0   -1   -7   -6  -11 
   290:    4   -9   -1   -2   -9    4    2    0   -1    0 
   300:    0    0    0   -2    3    0    0    0    0    0 
   310:    0    0    0    0    0    0    0    0    0    0 
   320:    1    0    0   13   -9  -17   -6   -5  -31    3 
   330:   10   18   11   -1    0    5   -2   10   10   -1 
   340:   13    2   25   17  -25  -11  -18   14   15   -9 
   350:   -1   -2    0    0    1    1    0   -1    2    0 
   360:    0    0    0    0    0    0    0    0    0    0 
   370:    0    0    0    8    5    7   -3   -7   -3  -25 
   380:   -5   17   34   28   19   -7   -1   -4   -2    4 
   390:   -9   -2   -5    6  -25   27  -15  -17    6    9 
   400:    2  -15    5    0    0    0    3    0   -4   -2 
   410:    0    0    0    0    0    0    0    0    0    0 
   420:    0    0    0    0   -5    7    7    1   10   17 
   430:  -17  -24    4    5   22   13  -34  -14    4    1 
   440:  -10   -7   20  -18    2   -6   16  -10  -13   -3 
   450:   24    1  -30    0    4    1    0    0    2    1 
   460:   -1   -2    0    0    0    0    0    0    0    0 
   470:    0    0    0    0    0   -1    2   -7   10    3 
   480:    1    6   -6   -4  -15  -16    9   22  -15   34 
   490:   18   -2   17  -12  -13   23  -32    5   -4    1 
   500:   -2   -2   26  -17  -13   22   -1   -4   -1    0 
   510:    0    0    0    0    0    0    0    0    0    0 
   520:    0    0    0    0    0    0    0   -2    6  -14 
   530:    3   -1    1    3   -2    9    6  -14   -2    2 
   540:    2   10   25   -2   15   14  -12    5  -10   12 
   550:   -7   -6   -2   10   10  -22    8   28   -7   -2 
   560:    0    2   -1    0    0    0    0    0    0    0 
   570:    0    0    0    0    0    0    0    0    0    0 
   580:   17   -2   -9    5   -7    1   -8    4    8    5 
   590:   -8  -11   11   -1    4    7  -10    2    3   -6 
   600:    0    5   -2    2    3   12    0   -4   22   -3 
   610:  -19    1    0    1    0    0    0    0    0    0 
   620:    0    0    0    0    0    0    0    0    0    0 
   630:    0    0   -1   16   -7    3   -1   -4   -2   -2 
   640:   -2    1    8   -3   -1    2   -8   -2    1   -2 
   650:    3    4    0    1    5    2   -1    5   -1    3 
   660:   17  -16   -2    2    0    0    0    0    0    0 
   670:    0    0    0    0    0    0    0    0    0    0 
   680:    0    0    0    2   -6    5    4   -7    9    0 
   690:   -9    5    8   -5   -6   10   -9   -3    6    1 
   700:    1    1   -7    7    1   -3    2    2   -1    0 
   710:    3   -1   -9    3    5    0    0    0    0    0 
   720:    0    0    0   -1    0    0    0    0    0    0 
   730:    0    0    0    0    0   -6    0   -5   12   -4 
   740:    0   10   -6   -5    0   11    1  -14    5    7 
   750:    0    1    2    1   -6    2    1    3    2    0 
   760:   -2    2    1    6    5   -4   -2   -6    0    0 
   770:    0    0    0    0    0    0    0    0    0    0 
   780:    0    0    0    0    0    0    0    0    5    5 
   790:    2   -3    1   -4    6    1    9    0   14   -3 
   800:   -1    0    4    4    3   -2   -8   -2    0   -1 
   810:    0    0    0    0   -3   -1    6   -8    7   -7 
   820:    0    0    0    0    0    0    0    0    0    0 
   830:    0    0    0    0    0    0    0    0    0    3 
   840:   10   -2   -7   -5    8   -3   -4    0   -4   -3 
   850:   14    0   -2   -4    5    1   -3   -3    1    0 
   860:   -2    1    7    4    3    3   -5    0   -6   12 
   870:   -2   -5    1    0    0    0    0    0    0    0 
   880:    0    0    0    0    0    0    0    0    0    0 
   890:    0    4    4    5   -1  -11   -4    7   -7   -6 
   900:  -12  -12   -5    4   -5   12    6    7   -4  -10 
   910:   -1    1    3    0    1    2    0    3  -10   -5 
   920:   15    2  -11    3    0    0    0    0    0    0 
   930:    0    0    0    0    0    0    0    0    0    0 
   940:    0    0    0   -2   11    3    4   -2   -6   -1 
   950:   13    3    8   -2  -14   14  -17   -2    6   12 
   960:   25    4  -13    3   -2   -2   -5    0    4    0 
   970:  -21    1   28    8  -26   -6    0    0    0    0 
   980:    0    0    0    0    0    0    0    0    0    0 
   990:    0    0    0    0    0    0   14    8    0    6 
  1000:    6    1    3    7   10   18  -22    1  -29  -29 
  1010:   -5   26   22  -10   -4    0  -14    1   -5   -1 
  1020:    2    3  -18   10   39    1  -32   -7    1    0 
  1030:    0    0    0    0    0    0    0    0    0    0 
  1040:    0    0    0    0    0    0    0    1   -9    1 
  1050:   10    5    3  -23   -5   12   30    8  -37  -31 
  1060:  -31  -15   15   29   -1  -11   17   37  -21   19 
  1070:  -19   -6  -16   -6    5  -24   38   15  -41   -6 
  1080:    2    0    0    0    0    0    0    0    0    0 
  1090:    0    0    0    0    0    0    0    0    0    0 
  1100:   -7   -1   -4    2   -7  -20   14   21   15  -26 
  1110:  -26    0    0   12   19   15    8   -4   -3   14 
  1120:   -9   22   -7   -6   -4  -31   18  -19   14   43 
  1130:   13  -24    0    0    0    0    0    0    0    0 
  1140:    0    0    0    0    0    0    0    0    0    0 
  1150:    0    0   -2    7    2    0    0   -1    9    9 
  1160:  -17  -40  -18    3   15   -1   -2   -4    3   -1 
  1170:    2   -8  -29   -8   -2   25   43   22   21    7 
  1180:   -1   11   33   11   -1    0    0    0    0    0 
  1190:    0    0    0    0    0    0    0    0    0    0 
  1200:    0    0    0    0   -4   -2    3    6   -8   -8 
  1210:   -2    2   -2   -2   12    2   -8   -2    0    1 
  1220:    2   -2   -5    0   24  -11  -38  -32   -8   -1 
  1230:   -2  -18  -28   -7    7    3    0    0    0    0 
  1240:    0    0    0    0    0    0    0    0    0    0 
  1250:    0    0    0    0    0    0    7    3   -3    0 
  1260:    6    1    5    1    5    3    1    4    6    9 
  1270:   -3    0    3    2   -8   -2    8   -4  -19    8 
  1280:    5  -10    7   19   21   28   34    1    0    0 
  1290:    0    0    0    0    0    1    0    0    0    0 
  1300:    0    0    0    0    0    0    0    0    2    4 
  1310:    1   -6    8   -7    5    5   -3    6    7   -8 
  1320:    0    4   -2   -2   -4    1   10    2  -15  -13 
  1330:    9   16   -8   16   -2  -20   -1  -10   -8    1 
  1340:    0    0    0    0    0    0    0    0    0    0 
  1350:    0    0    0    0    0    0    0    0    0    0 
  1360:   -2   -4   -6    0   -1    1   -4   11  -10   -7 
  1370:    6   -4    5    3   -1    4    1   -5   -7   -3 
  1380:    1   14   10  -15   -6  -24  -12   -1    4   10 
  1390:    1   -2    0    0    0    0    0    0    0    0 
  1400:    0    0    0    0    0    0    0    0    0    0 
  1410:    0    0   -1    8   -6   -4    2   -4    1   -1 
  1420:   -5    1   -1   -2    8   10   -5    0    2   -1 
  1430:    2   -2   -1   -6  -13    9    5   -9   18   15 
  1440:   -9   -3   -1    0    0    0    0    0    0    0 
  1450:    0    0    0    0    0    0    0    0    0    0 
  1460:    0    0    0    0    0   -1    1   -1    6    7 
  1470:   14    1   -5    4    3   -4   -4    0    2    0 
  1480:    0   -3   -2   -2    7   -1    1    6   -8    3 
  1490:    8    4    0    0   -1    0    0    0    0    0 
  1500:    0    0    0    0    0    0    0    0    0    0 
  1510:    0    0    0    0    0    0    0   -4    4   10 
  1520:    1   -5   -3    0   -7   -1   -5   -1    1   -4 
  1530:    7    4   -1   -3    1    0    1    0    0    2 
  1540:    3    0    0   -2    7    9    2    0    0    0 
  1550:    0    0    0    0    0    0    0    0    0    0 
  1560:    0    0    0    0    0    0    0    0    0    1 
  1570:    0   10    1   -5   -2    6    6    0    1    4 
  1580:    2    0    0   -1    8    0    1    6   -6    7 
  1590:    2    0    0   -1   -1   -1   -1    0    0    0 
  1600:    0    0    0    0    0    0    0    0    0    0 
  1610:    0    0    0    0    0    0    0    0    0    0 
  1620:    0    3   -2   -1    9   -6    3   -2    2   14 
  1630:    5    6   12    6    5   -2    2    5    6    8 
  1640:    0    5   -2   -1   -3    7    1    3    2   -1 
  1650:    0    0    0    0    0    0    0    0    0    0 
  1660:    0    0    0    0    0    0    0    0    0    0 
  1670:    0    0    0   -1    0   10    4    2    8    2 
  1680:   -4   -5    0   12    6    2    6   -4    7    7 
  1690:    7    4    6    4  -12   -2   -4   -4   -3    0 
  1700:    5   -4    0    0    0    0    0    0    0    0 
  1710:    0    0    0    0    0    0    0    0    0    0 
  1720:    0    0    0    0   -1    4    1    1   -4    1 
  1730:    5    9    9    7   -9   14    6    4   -5   13 
  1740:   -3    5    7    3    0   -5   -6   -3    0   -6 
  1750:   -4    3   -4   -2    0    0    0    0    0    0 
  1760:    0    0    0    1    0    0    0    0    0    0 
  1770:    0    0    0    0    0    0    2   10    3    3 
  1780:    0    3   -5   -6   -9    2    5    9   -3   -6 
  1790:   -7  -13    8    1   -5    2   -9   -6   -3   -7 
  1800:   -2    3   -3  -14   -6    0    0    0    0    0 
  1810:    0    0    0    0    0    0    0    0    0    0 
  1820:    0    0    0    0    0    0    0    0    1   -7 
  1830:   -3   -7    3    3   -3    2   -2   -1   -5  -11 
  1840:    6   18   28  -10   18    6  -10    1    0   -7 
  1850:   -6    0    3    4    0    1    0    4    0    0 
  1860:    0    0    0    0    0    0    0    0    0    0 
  1870:    0    0    0    0    0    0    0    0    0    0 
  1880:   -2   -6    0    5   -8  -11   -3   -6   -2    6 
  1890:    1   -3    0   -7   -7   -4    1   14   -9  -10 
  1900:    8   -4  -15  -11   -4    9   -3   -4    0    0 
  1910:    0    0    0    0    0    0    0    0    0    0 
  1920:    0    0    0    0    0    0    0    0    0    0 
  1930:    0    1   -5    4    1    6    8   -2  -13   -8 
  1940:   -9    4    2    4    6   -1    2  -10  -11    0 
  1950:   17   -4   -3    3    4   15    1    9  -12   -6 
  1960:   -3   -1    0    0    0    0    0    0    0    0 
  1970:    0    0    0    0    0    0    0    0    0    0 
  1980:    0    0    0    0    3    2    3  -10    0   -2 
  1990:   -3    7  -12    0    6    9    3    0   -3   24 
  2000:    6   -6   -3   -3    4   -2  -11    0   -8  -10 
  2010:   -3   -5    9    2    0    0    0    0    0    0 
  2020:    0    0    0    0    0    0    0    0    0    0 
  2030:    0    0    0    0    0    1   -4   -7   -2   -8 
  2040:  -15  -10    6    2   14    9    1    8    1    7 
  2050:   -2   12  -20  -12   10   -1   -7    5   -2   -5 
  2060:   11   10   -3    2    5   -1    0    0    0    0 
  2070:    0    0    0    0    0    0    0    0    0    0 
  2080:    0    0    0    0    0    0    0    0   -2    0 
  2090:   -1   -4    6    0   -5    0  -11    5    8   -6 
  2100:    9    4   -1   -7   -7    1    1   11    4   -2 
  2110:   -9    5    1    1    6    1    6    0    0    0 
  2120:    0    0    0    0    0    0    0    0    0    0 
  2130:    0    0    0    0    0    0    0    0    0   -5 
  2140:   -3    3   -1    0   12    2    1    4   -1   -4 
  2150:    4   -6   -6    7  -11    4   12    2   -1   -2 
  2160:    6    3    5   -1    1    3   -1    0    2   -2 
  2170:    0    0    0    0    0    0    0    0    0    0 
  2180:    0    0    0    0    0    0    0    0    0    0 
  2190:    2   -8    2  -19  -16    2    3    1    5    8 
  2200:    5    2    2    5   11    7   -4    8   -4   -5 
  2210:   -7    0   -1    3   -5    1    4   -5    3    4 
  2220:    2    2    0    0    0    0    0    0    0    0 
  2230:    0    0    0    0    0    0    0    0    0    1 
  2240:   -1   -1   -3   11    1  -10   -4    0    5    8 
  2250:   -5   -8    2   -1    0    3   -1   -2    8   -8 
  2260:   11   12   -1    9   -1    0   -2   -2    6    7 
  2270:   -2   -9    3    1    3    0    0    0    0    0 
  2280:    0    0    0    0    0    0    0    0   -4    1 
  2290:    2    3   -2    2   -3   -6    3   -1   -1    2 
  2300:    6   -2   -2   -4   -5   -2    4   -4   -3  -11 
  2310:   10   -6  -10    6    0    9    5    7    2   -4 
  2320:    5   -5   -3    0    4   -8   -6    0    0    0 
  2330:    0    0    0    0    0    0    5    4   -1   -1 
  2340:   -3    0    3    3   -3    1    3    0    6   -4 
  2350:   -5   -4   -2    0   -1    2    4   -1   -1   -2 
  2360:    3    0    4    1   -4    1    2   -1   -4   -4 
  2370:   -1   -4    0   -5   -1   -2    1   -4    0    1 
  2380:   -1   -1    0    0    0    0    0   -2   -7   -4 
  2390:    2    2    4    0   -3    2   -1   -1   -2    3 
  2400:    4   -1   -5   -4    0   -2    0    2    6    3 
  2410:   -2   -1   -4    0   -1    0    1    2    0    3 
  2420:    1   -2   -2    0    0    2    0    1   -1   -3 
  2430:    1    1   -1    0    0    0    1    0    0   -4 
  2440:   -3   -5   -1    1   -1    4    9    1   -7    5 
  2450:    2    0    2    1   -1   -7    0   -5   -4    6 
  2460:    8    4    2    0    1    0    0    0    0   -1 
  2470:   -1   -1   -2    1   -1    0    0    1    0    0 
  2480:    0   -2    1    0   -1   -3   -1    0    0    0 
  2490:    0    0    0    4    7    3 
