     0:    0    0    0    0    0    0    0    0    0    0 
    10:    1    1    0   -1   -1    0    0    0    0    0 
    20:    0    0    0    0    0    0    0    0    0    0 
    30:    0    0    0    0    0    0    0    0    0    0 
    40:    0    0    0    0    0   -1    0    0    1    1 
    50:    1    0    0    0    0    0    0    0    0    0 
    60:    0    0    0    0    0    0    0    0    0    0 
    70:    0    0    0    0    0    0    0    0    0    0 
    80:    0    0    0    0    0    1    0   -1   -2   -1 
    90:    0    0    0    0    0    0    0    0    0    0 
   100:    0    0    0    0    0    0    0    0    0    0 
   110:    0    0    0    0    0    0    0    0    1    0 
   120:    0    0    1    1    1    0    0    0    0    0 
   130:    0    0    0    0    0    0    0    0    0    0 
   140:   -1    0    0    0    0    0    0    0    0    0 
   150:    0    0   -1    0    0    0    0   -1    0   -1 
   160:    0    1    0    0    0    0    0    1    1    0 
   170:    0   -1    0    0    0    0    0    0    0    0 
   180:    0    0    0    0    0    0    0    0    0    1 
   190:    1    1    1    2    0   -1    0    0    0    0 
   200:    0    0    0    0    1    1    0    0    0    0 
   210:    0    1    0    0    0    0    0    0    0    0 
   220:    0    0    0    0    0    0    0    1    0   -1 
   230:   -2    1    1    0    0    0    0    0    0    0 
   240:    0    0    0    1    0    0    0    1    0   -1 
   250:    1    0    0   -1   -1    0    0    0    0    0 
   260:    0    1    0    0   -1   -1    0   -1    0    0 
   270:    1    0   -2    0    1    0    1    0    0    0 
   280:   -1   -1    0    0    0    0    0   -1    0    0 
   290:   -1    0    1    0    0    0    0    0    0    0 
   300:    1    1    2    0    1   -1   -1    0    0    1 
   310:    1   -1   -1    0    0    0    0    0    0    0 
   320:    0    0    0    1    1    0    0    0    0    0 
   330:    0    0    0    0    0    2    2    1    2    1 
   340:    1    0    0    0    0    0   -1   -1    1    0 
   350:    0   -1    0    0    0    0    0    0    0    1 
   360:    1    1    0    1    0    0    0    0    0    0 
   370:    0    0   -1    0   -1   -1   -1   -1    0    0 
   380:    0    2    1    0    0   -1    0    0    1   -1 
   390:    0    0    0    0    0   -1    0    0    0    0 
   400:   -1    0    0   -1   -1    0    0    0   -1   -1 
   410:    2    1    0    0    0    1    0   -1   -2    0 
   420:    0   -1   -1    0   -1    0   -1    0    0    0 
   430:    0    0    1    1    0    1    0    0    0    0 
   440:    0    0    0    0    0    1   -1   -2    2    1 
   450:    0    0    1    0    0    2   -1    0    0    0 
   460:    0    0    0    1    0    0    0    1   -1   -2 
   470:    0    0    0    0   -2    0   -1   -1    0    0 
   480:    0    0    0    1    1   -2    1    0    0    0 
   490:    1    0   -1    0    0   -1    0   -2    0    0 
   500:   -1    0   -1    0    0    0    2    0   -1    1 
   510:    0    1    0    0    0    0    0    0    0    0 
   520:   -1    0    0   -1    0   -1   -1    0    0   -1 
   530:    0    2    1    0    0    0   -1    1    0    1 
   540:    1   -1    0    0   -1    0    0   -1   -1    0 
   550:    0   -1    0    0    0    0    0    0   -1    1 
   560:    0    0    0    0   -1   -1    0    0    0    0 
   570:    0    0    0    1    0    0   -1   -1    1    0 
   580:    0    1    0    0    0    1    1    0    0    1 
   590:    0    0    0   -1    0    0    0   -1    0    0 
   600:    0   -1    1    0    0   -1   -1   -1    0    0 
   610:   -1    1    1    0    0   -1   -1    0    0    0 
   620:    0    0   -1   -2    1    1    0   -1    0    1 
   630:   -2   -1    0    1    1    0    0    0    1    0 
   640:   -1    0    1    0   -1    0    2    1    0    0 
   650:    0    0    1    1    0    0   -1    0    1    0 
   660:   -1   -1   -1    0    0    0    0   -1    0    0 
   670:   -1    0    0    0    0    0    0    1    1   -1 
   680:   -1    0    1    1    2    1    1    1   -1   -1 
   690:   -1   -1    0   -1    0    1    0    0    0    1 
   700:   -1   -1    0    0    1    0   -1   -1    1    0 
   710:   -1    1    2   -1    0   -1    1    1    0    1 
   720:    1    0   -1    0   -1   -1    1    0    2    0 
   730:    1    1    0    1    0    0    0    0    0    0 
   740:    0    0   -1   -2   -2   -2   -1    2    0    0 
   750:    1    1   -2   -2    0    0    0   -1    0    2 
   760:    1    1    1    0   -1   -1    1    0   -1   -2 
   770:   -1   -1   -1   -1   -1    0    0    0    1    0 
   780:   -2    0    0    1    0    0    0   -1   -1    1 
   790:   -2   -1    1    1    1    0    0    0    0    0 
   800:    1    0    0    0    0    0    0    1    1    0 
   810:    1    0    0    0    0   -1    1    1    0    0 
   820:    0    0    0   -1   -1   -1   -1   -1    1    0 
   830:   -1    1    1   -1    0    0   -1    0    0   -1 
   840:    1    0    0    0   -1    0   -1    0    1    0 
   850:    0    0    0    0    1    0   -1    0    0    0 
   860:   -1    0    0    1    0   -1   -1   -1    0    0 
   870:    0    0    0    0    1    1    1    0    1    1 
   880:    0    0    0    0    0    0    0    0    0    0 
   890:    0    0    0   -1    0    2    0   -1   -1    0 
   900:    1    0    1    1    0    0    1    0   -1    0 
   910:    0    0    0   -1   -1   -1   -1    0    1    0 
   920:    0    0   -1    0    0    0    0    0    0    0 
   930:    0   -1    0    0    0    0    0    1   -1    0 
   940:   -1   -1   -1    0    1   -1    1    1    0    0 
   950:    0   -1    1    1    1    1    1    0   -1    0 
   960:    0    0    0    1    1    0    0    0    0   -1 
   970:   -1    0   -1   -1    0    0   -2   -1   -1    0 
   980:    0    0   -1    1    1    0    0    0    0   -1 
   990:    1    0    0    0    1    2    0    0    0    0 
  1000:    0    0    0    0    0    0    0    0    0    1 
  1010:    1    0    0    1   -1    0    0    1    0    1 
  1020:    0    0    0    0    0    0    0    0   -1   -2 
  1030:    0    0    1    0    0    0    0    0    0    1 
  1040:    1    0    1    1    0    0    1   -1   -1    0 
  1050:    0    0    0   -1   -1   -1    0    1    1    1 
  1060:    0    1   -1    0    1    0   -2    0    1    0 
  1070:    0    0    0    0    0    0    0    0    0    2 
  1080:    2    3    1   -1    0    0    0    0   -1    0 
  1090:    0    1   -1    0    0    0    0    0    0    0 
  1100:    1   -1    0    2    0   -1    0    0    0    0 
  1110:    0    0    0    0    0    0    0    0   -2   -3 
  1120:    1    2    0    1    2    1   -1    0    0    1 
  1130:    0    0    0    0   -1    0   -2   -1    1   -1 
  1140:   -1    0    1    0    0    0    0    0    0    0 
  1150:    0    0    0    0   -1   -1    1    0   -1    0 
  1160:   -1   -1   -1    1    0    0    0   -2    0    0 
  1170:    0    0   -1    0    1    0   -2    0   -1    0 
  1180:    0    0    0    0    0    0    0    0    0    0 
  1190:    0    0   -1   -2    0    0    0    0    0    0 
  1200:   -2   -1    0    0    0    0    0    0    1    1 
  1210:    0   -1    1    1    0    1    0    0    0    0 
  1220:    0    0    0    0    0   -1   -1    0    1    0 
  1230:    1    0    0    0    1    0    0    0    0    0 
  1240:    0   -1   -1    0    0    0   -1   -1    1   -1 
  1250:    0    2    1    0    0    0    0    0    0    0 
  1260:    0    0   -1    1    0    0    0    0    0   -1 
  1270:    0    0   -1    1   -1    0    0    0    0    0 
  1280:    0   -2   -2    1    0    0    0    0    0    0 
  1290:    0    0    0    0    0    0    0    0    0    1 
  1300:   -1    0    1   -1    0    0    1    0    0   -1 
  1310:   -1   -1   -1    0   -2   -1   -1    0    0    0 
  1320:   -1   -1    1    0    0    0    0    0    0    0 
  1330:    0    0    0    0    1    0   -1    0    0   -1 
  1340:    0    1    1    0    0    0   -1   -1   -1    0 
  1350:    0    0    0    1    0    0    1    1    0    0 
  1360:    0    0    0    0    0    0    0    0    0    0 
  1370:    0    0    0    0    0    0    0    0    0    0 
  1380:    0    0    0    0    0    0    0    0    0    0 
  1390:    0    0    0    0    0    0    0    0    0    0 
  1400:    0    0    0    0    0    0 
