     0:   15   14   14   14   13   14   14   13   14   14 
    10:   14   15   14   13   12   13   12   10   11   11 
    20:   11   10    8    7    7    6    5    6    3    2 
    30:    3    2    2    2    1    0    0    0    0   -2 
    40:    0   -3   -6   -6   -5   -9   -8   -5   -5   -8 
    50:   -7  -10   -3   -3   -3   -3   -3   -3   -3   -3 
    60:   -3   -3   -3   -3   -3   -3   -3   -3   -3   -3 
    70:   -3   -3   -3   -3   -3   -3   -3   -3   -3   -3 
    80:   -3   -3   -3   -3   -3   -3   -3   -3   -3   -3 
    90:   -3   -3   -3   -3   -3   -4   -3   -3   -3   -2 
   100:   -2   -3   -3   -3    0    0    0    0    0    0 
   110:    0    0    0    0    0    0   -1   -3   -4    0 
   120:    0    0    0    0    0    0    0    0    0    0 
   130:    0    0    0    0    0    0    0    0    0    0 
   140:    0    0    0    0   -4   -4   -2    3    0    0 
   150:   -3   -3    1    0    0    0    0    0    0    0 
   160:    0    0    0    0    0    0    0    0    0   19 
   170:    5   -3    0   -1   -2   -2   -3   -2   -4   -4 
   180:   -1   -1    0    0    0    0    0    0    0    0 
   190:    0    0    0    0    1   -1   32   19   20   -4 
   200:   -1    3   30   25    0    1    0    0    0    0 
   210:    0    0    0    0    0    0    0    0    0   -1 
   220:   -1  -10    7  -12    1    3    4    5    4    0 
   230:  -38   28    3    9   -4   -1    0   -2   -3   -2 
   240:    0    0   -3   -2   -3    0    2   -6  -31   28 
   250:  -18   -3    8  -22   12    3   -2    0    0    0 
   260:    0    0    0    0    0    0    0    0    0    1 
   270:    1    8   -5   -4   -3   -3  -15   -7   -4    6 
   280:  -12   -4    0   15   10   -3  -24   26    2    2 
   290:   11   16   -3   -3   17   17   -1    2   -1    7 
   300:    2   12    6    4   -9   12   -5   -2    0    0 
   310:    0    0    0    0    0    0    0    0    0    0 
   320:    0    0    7    0   -6    8   15   11   -7    1 
   330:    9    4    0    4   19   -3   21    5   25    5 
   340:   30  -13   -8  -22  -18  -10    6    9  -16    9 
   350:   -1   -1    0   -2    1   -2    0   -4    4   -5 
   360:    2    0    0    0    0    0    0    0    0    0 
   370:    0    0    0   -2   13   -8   22  -20  -16  -18 
   380:  -11  -18   12   -2    0  -12    0    2    2  -18 
   390:  -10    6   22    8  -27   10  -18   17   11    5 
   400:   -7    1   15   -5   -6    0    1    0    5   14 
   410:   -9    4   -1    0    0    0    0    0    0    0 
   420:    0    0    0    0   -2    4  -13    7  -10    2 
   430:    8    6   -6   -4   -7   19   12   -4   -4   -3 
   440:  -24  -11   13  -25    2   -4  -25   -6   10  -10 
   450:   26  -15   18    9   -6   -1    0    0   -3    0 
   460:  -15  -37   14   -4    0    0    0    0    0    0 
   470:    0    0    0    0    0    0    1    3  -12    2 
   480:   13   -4   10   16   12    3   -2    8    2   -6 
   490:    3    8   31   18    3   -3  -14    2   12    4 
   500:  -11    7    6   11   -6   -6  -21    5    9   -4 
   510:    4   -1    5    2   -2    0    0    0    0    0 
   520:    0    0    0    0    0    0    0    0   -7  -11 
   530:   -2    5  -17    6   -2    0    5   -5    2    1 
   540:   17   -9   -1   13   -8   -1  -13   -5   -8    8 
   550:  -21  -22    3   -8  -18   -4    5   -6   10   13 
   560:  -21  -32  -23    4   -1    0    0    0    0    0 
   570:    0    0    0    0    0    0    0    0    0    1 
   580:  -11   12   -7    3   -8   -4   -3  -11    4   -3 
   590:   -5   -9    2  -20    1    4  -13   -4   -2    5 
   600:   -8  -17    9    8   -4   -5  -37   -5  -15  -15 
   610:    1  -17    4   23    1    0    0    0    0    0 
   620:    0    0    0    0    0    0    0    0    0    0 
   630:    0   -1    4    3    4  -14   11   -7   -1   -4 
   640:  -14   -5    8    3   -8    3    4   -1    3    0 
   650:   -1  -25  -22    1  -18   12    5    5    6  -10 
   660:   -9    4    3   -3   -1   -2    0    0    0    0 
   670:    0    0    0    0    0    0    0    0    0    0 
   680:    0    0    0    1    4    5   12   -1   -1   15 
   690:    1   12   11    1   -7    4    7    5    0    8 
   700:   12    6   14   11    5   -2    2    1    5   -2 
   710:    4    9   -3    3    9   -4    3   -1    0    0 
   720:    0    0    0    1    0    0    0    0    0    0 
   730:    0    0    0    0    0    0  -15    2   -2   11 
   740:   -1   -4    2   -1  -12   10    2   -2    2  -10 
   750:  -12   -1   -5    6    0    1   -4   -1  -15   21 
   760:   10   -3    9   -4   24    8   -8   13   -2    1 
   770:    0    0    0    0    0    0   -1    0    0    0 
   780:    0    0    0    0    0    0    1   -1   18   -6 
   790:  -30  -10  -21  -15   -9   -1   -8    7   -5    8 
   800:  -20   -1   -1    0   -7    2   -9   -9   -2   16 
   810:   -5  -14   -9   -1   -5    8  -13   -9   -3  -22 
   820:   -7    0    0    0    0    0    0    0    0    0 
   830:    0    0    0    0    0    0    0    0    0    0 
   840:    8   17    1   -5   23    9    7    7   15  -15 
   850:   10   10    3   -2    7   -3    1    1  -17    9 
   860:   -2  -10   -8   -9   -6    8  -15   -1   -6   10 
   870:   10   18   -7    0    0    0    0    0    0    0 
   880:    1    0    0    0    0    0    0    0    0    0 
   890:    0   -2   10   -1    5    8  -12   -7   15   15 
   900:   -6    2   -2    8   -3    3    8   -1    2  -12 
   910:   12  -14    7    2   12    2   10    6   15    0 
   920:   12  -10   -6    5   10    0    0    0    0    0 
   930:    0    0    0    0    0    0    0    0    0    0 
   940:    0    0    0    0    2    6    2  -10  -16   -3 
   950:  -18  -10   10   -4   -7    7    5    4  -15   -4 
   960:   -7    3    1   17   -8   -5  -10   -2   -9    2 
   970:   -3   12   -5    1  -11   18  -13    2    0    0 
   980:    0    0    0    0    0    0    0    0    0    0 
   990:    0    0    0    0    0    0   -6   -3  -14   -6 
  1000:   -8   13  -19   -8    5   -1   11  -17   -7    1 
  1010:  -15    6   -1   -8  -17    4    3   -6  -10  -17 
  1020:   12    1    5  -14    7   -6   -2  -14   -6    0 
  1030:    0    0    0    0    0    1    0    0    0    0 
  1040:    0    0    0    0    0    0    0    0    3   -4 
  1050:   14   -3   10    4    0   14   -4  -15   -5   -6 
  1060:   -1    9    1    4   13    2   -6  -12   -9   17 
  1070:    5   19  -13    3    2   13    6    0   12    1 
  1080:   -7    0    0    0    0    0    0    1    1    0 
  1090:    0    0    0    0    0    0    0    0    0    0 
  1100:    0    4   11  -10   -6   17   -2    7    8  -13 
  1110:   -6   -8    3  -10    7   -3   -7  -23    3    3 
  1120:   -2  -19   -7   -9   11  -17   -9   -1   -9    0 
  1130:   -9    3   -3    0    0    0    0    0    0    0 
  1140:   -1    0    0    0    0    0    0    0    0    0 
  1150:    0    0   -2   23   10  -28    9  -10   -8  -15 
  1160:    6  -10    1    0    1    3   10   -2  -17    8 
  1170:   15  -18    8   15    1    6  -23    5    1   -3 
  1180:    3  -10    0    9    4    0    0    0    0    0 
  1190:    0    1    0    0    0    0    0    0    0    0 
  1200:    0    0    0   -1    3  -20   -4    6    0   -4 
  1210:  -24    0   -4  -27  -25   27  -23    6  -13    4 
  1220:    0  -27   10    5    4  -11  -21    5   -1    3 
  1230:    1   14   -9  -11  -13    5    1    0    0    0 
  1240:    0    0    0    0    0    0    0    0    0    0 
  1250:    0    0    0    0    0    0   -2   14   -9   10 
  1260:   -3   25   16   17   13  -37  -12    9    5   21 
  1270:    2    3   13    4   -7    9    5  -17   34    4 
  1280:    2   -2   -1  -12    3   15  -12    7    1    0 
  1290:    0    0    0    0    0    0    0    0    0    0 
  1300:    0    0    0    0    0    0    0    1   -2   16 
  1310:   29    6   -2    7  -28  -32  -11    2   19   -4 
  1320:  -14    9   25  -18   -9  -26    3   11   -3   10 
  1330:    7  -13   -8    6  -12    9    5  -16   -1   10 
  1340:   -2    0    0    0    0    0    0    0    0    0 
  1350:    0    0    0    0    0    0    0    0    0    0 
  1360:   -1    5  -30  -20  -51  -34  -21  -50  -20   23 
  1370:  -13  -25  -56  -44  -18    2    1    1  -27   17 
  1380:   -4   13   -4  -11    3   -9    4   -5   -6  -13 
  1390:  -19    5   -1    0    0    0    0    0    0    0 
  1400:    0    0    0    0    0    0    0    0    0    0 
  1410:    0    0    0    5   -8  -11  -16   33   60   42 
  1420:   -2    4    7  -12  -62  -31    2   19   14   26 
  1430:  -14  -22  -11    2  -21   13   -5    7    2   -3 
  1440:    1   30   23    6    0    0    0    0    0    0 
  1450:    0    0    0    0    0    0    0    0    0    0 
  1460:    0    0    0    0    0   -2   -1    2   14  -18 
  1470:  -10  -26    0   23   21   28   27   18   18   13 
  1480:   -4   -1    4    5   10  -36  -17   32  -14   12 
  1490:   -2    1    3    2   15    0    0    0    0    0 
  1500:    0    0    0    0    0    0    0    0    0    0 
  1510:    0    0    0    0    0    0    0    0   -2  -10 
  1520:    6    0   26   21   36   35   16  -11  -10  -29 
  1530:  -33    1    5    9    4   -4   -5   -2    5   24 
  1540:    3   -9   -2  -26  -15   -3  -38    2   -1    0 
  1550:    0    0    0    0    0   -1    0    0    0    0 
  1560:    0    0    0    0    0    0    0    0    0    0 
  1570:   -2  -25    7   20    8   31   -3   -7  -12   -8 
  1580:    4   29   -7   12  -14    5   -1   -2  -11   26 
  1590:   12   -7   -3   -4    4   -5   20   16    1    0 
  1600:    0    0    0    0    0    0    0    0    0    0 
  1610:    0    0    0    0    0    0    0    0    0    0 
  1620:    0   -1   -3  -21   37   -1  -19   11  -25   16 
  1630:   -2   30    6   -4   20  -19   26  -28   20   -8 
  1640:  -34   21    6    7    0   20   11    6   14   -2 
  1650:    1    0    0    0    0    0    0    0    0    0 
  1660:    0    0    0    0    0    0    0    0    0    0 
  1670:    0    0   -1    1  -31    6   -8    3   -6  -32 
  1680:    0  -10    6   16   -1    7  -13    5   -2    8 
  1690:  -10  -15  -27  -10   -8  -28  -14   -5  -13  -28 
  1700:   -6  -17  -13    0    0    0    0    0    0    0 
  1710:    0    0    0    0    0    0    0    0    0    0 
  1720:    0    0    0    0   -1    1  -15   15   -5    2 
  1730:    9   12  -35   -7    0  -18   21   -6   -7  -12 
  1740:   34   28   35   -1   23    2  -14    4    4   -5 
  1750:   -1   -1   12   -2    0    0    0    0    0    0 
  1760:    0    0    0    0    0    0    0    0    0    0 
  1770:    0    0    0    0    0    0    0    5   20   25 
  1780:  -23  -23  -62   -9  -20   29   -2  -34   -7   14 
  1790:  -23  -15   14   26   14    8   22   10    8  -14 
  1800:  -33  -17   11   16   -7   -5    4    0    0    0 
  1810:    0    0    0    0    0    0    0    0    0    0 
  1820:    0    0    0    0   -1    0    0    0    1    4 
  1830:   30    3   -9   15    9  -16  -12   -4   12  -30 
  1840:   -2    9  -16   -6  -10   -2   -3   26  -38   -8 
  1850:  -35   -8   17   -9  -20   17    9   12   -1    0 
  1860:    0    0    0    0    0    0    0    0    0    0 
  1870:    0    0    0    0    0    0    0    0    0    0 
  1880:    0    0    1    1   -4   -1  -19   24    9  -10 
  1890:   -7   13  -10   32    7    9    6  -12   13   -7 
  1900:   -1   -1   -4   -8    4   11    1   10  -12  -11 
  1910:    1    0    0    0    0    0    0    0    0   -1 
  1920:   -1    0    0    0    0    0    0    0    0    0 
  1930:    0    0    0    2    2    7   -7   21   19   47 
  1940:   28   -7    6   -1   17    1    9  -19  -14    3 
  1950:   13  -17   17   -5    2   23   -4   35   -7  -10 
  1960:    2  -11    2    0    0    0    0    0    0    0 
  1970:    0    0    0    0    0    0    0    0    0    0 
  1980:    0    0    0    0    0   -9  -40  -41    4   18 
  1990:   31   -1  -29    2    5    0   -1   -8   22   22 
  2000:  -14   -4  -14   20  -11    1    6    3    2   -2 
  2010:   -1    0  -21   28   -5    1    0    0    0    0 
  2020:    0    0    0    0    0    0    0    0    0    0 
  2030:    0    0    0    0    0    1   -2   13  -47  -13 
  2040:    4   54  -11    9    5    5    9  -20  -47   -9 
  2050:  -24    7  -21   12    4    9    0   12    7   12 
  2060:   10  -14  -10   12   39    6    0    0    0    0 
  2070:    0    0    0    0    0   -1    0    0    0    0 
  2080:    0    0    0    0    0    0    0    0   -3  -18 
  2090:    2   24  -10   19  -19   34  -22  -21   -8    0 
  2100:   15    3    3    8   17   11   21   -1   -3  -16 
  2110:   -2  -12   -5   -8    1    8   -1  -22    1   -1 
  2120:    0    0    0    0    0    0    0    1    0    0 
  2130:    0    0    0    0    0    0    0    0    0   -1 
  2140:   21   27   12  -46    0   21  -31   -1  -25   -8 
  2150:   -3    5   25   -3  -27  -20    4  -17   12   -8 
  2160:   30    1    4    0  -30    2    6  -13    8    5 
  2170:    0    0    0    0    0    0    0    0    0   -1 
  2180:    0    0    0    0    0    0    0    0    0    0 
  2190:    0   -4  -10  -39  -39  -39  -13  -14    2   33 
  2200:   36   14   20   12   20    2   18   -3  -15    7 
  2210:   -5  -16  -11   12    9   -8   -1   -3   -3  -20 
  2220:   12  -24    6   -1    0    0    0    0    0    0 
  2230:    0   -1    0    0    0    0   -2   -1   -1    0 
  2240:   -2   -4   -2  -13  -13  -21   22    3  -15    8 
  2250:    9   -7  -23  -13  -15  -12   12  -15  -30   28 
  2260:  -15  -16    2   -5    6   12   -1   -4    8  -17 
  2270:    4   10    1  -11   14   -2    0    0    0    0 
  2280:    0    0    0    0    0   -2   -1   -1   16    2 
  2290:   -1    1    2   13    8   -5   41  -34   12   -9 
  2300:  -18   14   -3  -16  -19  -13  -10    4   30   24 
  2310:  -36   18   25   14   14   -7    1   23    8    2 
  2320:   17  -34    8   -2    8  -11   10   -5    1    0 
  2330:    0    0    0    0    0    0    1    6    4    5 
  2340:  -74  -12    7   -7  -23  -61  -56   25  -44  -40 
  2350:  -24  -86   -9   40   -3    3  -40  -62   32  -33 
  2360:  -60    1   -4    7    8   24    3  -11   14   -9 
  2370:   27    2   18    9   23    0   24    0   13    1 
  2380:   -1   -3   -4   -7   -7   -8   -8   -8   -3   -4 
  2390:  -10  -19   25   27   32    7   28   42   18   30 
  2400:  -12   47   28   47   -2   12   13   20   33   22 
  2410:    2    9   15    7   16   15   16    4  -21  -20 
  2420:  -26  -35  -26  -19  -21  -21  -20  -18   -6  -14 
  2430:  -14  -29  -40  -40  -50  -38  -38  -34  -33  -28 
  2440:    8   31   10   35   93   11   29   35   46  -23 
  2450:   77   30   91   23   23  -10   82    9   17   23 
  2460:   -2   46   50   24   32   29   40   40   40   35 
  2470:   22   34   27   28   35   35   39   27   28   28 
  2480:   26   27   18   12   15   25   45   42   28   24 
  2490:   23   19   28    8   18   -9 
