 31       1   0.0002  100.0000
 30       1   0.0002   99.9998
 29       3   0.0005   99.9997
 28       3   0.0005   99.9992
 26       2   0.0003   99.9987
 25      10   0.0016   99.9984
 24      17   0.0027   99.9969
 23      29   0.0045   99.9942
 22      59   0.0092   99.9897
 21      88   0.0138   99.9804
 20     180   0.0282   99.9667
 19     272   0.0426   99.9385
 18     423   0.0662   99.8959
 17     752   0.1177   99.8297
 16    1155   0.1808   99.7120
 15    1746   0.2732   99.5313
 14    2610   0.4085   99.2580
 13    3685   0.5767   98.8496
 12    5128   0.8025   98.2729
 11    7196   1.1262   97.4703
 10   10161   1.5902   96.3442
  9   13144   2.0570   94.7540
  8   17315   2.7098   92.6969
  7   21977   3.4394   89.9871
  6   27366   4.2828   86.5477
  5   33849   5.2974   82.2649
  4   40555   6.3469   76.9675
  3   49505   7.7476   70.6206
  2   60873   9.5266   62.8731
  1   85241  13.3403   53.3464
  0  255630  40.0062   40.0062
