     0:    0    0    0    0    0    0    0    0    0    0 
    10:    0    0    0    0    0    0    0    0    0    0 
    20:    0    0    0    0    0    0    0    0    0    0 
    30:    0    0    0    0    0    0    0    0    0    0 
    40:    0    0    0    0    0    0    0    1   -1    0 
    50:   -1    0    0    0    0    0    0    0    0    0 
    60:    0    0    0    0    0    0    0    0    0    0 
    70:    0    0    0    0    0    0    0    0    0    0 
    80:    0    0    0    0   -1    0    0    0    0    0 
    90:    1    0    0    0    0    0    0    0    0    0 
   100:    0    0    0    0    0    0    0    0    0    0 
   110:    0    0    0    0    0    0    0    0    0    0 
   120:    0    0    0    0    0    0   -1    0    0    0 
   130:    0    0    0    0    0    0    0    0    0    0 
   140:    0    0    0    0    0    0    0    0    0    0 
   150:    0    0    0    0    0    0    0    0    0    0 
   160:    0    0    0    0    0    0    0    0    0    0 
   170:    0    0    0    0    0    0   -1    0    0    0 
   180:    0    0    0    0    0    0    0    0    0    0 
   190:    0    0    0    0    0    0    0    0    0    0 
   200:    0    0    0    0    0    0    0    0    0    0 
   210:    0    0    0    1    0    1    0    0    0    0 
   220:    0    0    0    0    0    0    0    0    0    0 
   230:    0   -1    0    0    0    0    0    0    0    0 
   240:    0    0    0    0    0    0    0    0    0    0 
   250:    0    0    0   -1    0    0    0    0    0    0 
   260:    0    0    0    0    0    0    0    1    0    0 
   270:    0    0    0    0    0    0    0    0    0    0 
   280:   -1    0    0   -1    0    0    0    0    0    0 
   290:    0    1    0    0    0    0    0    0    0   -1 
   300:    1    0    1    0    1   -1    0    0    0    0 
   310:    0    0    0    0    1    0    0    0    0    0 
   320:    0    0    0    0    0    0    0    0    0    0 
   330:    0    0    0    0    0    0    1    1   -1    0 
   340:    0   -1    1    1    0    0    0    0    0    0 
   350:    0    0    0    1    0    0    0    0    0    0 
   360:    0   -1    1    0    0    0    0   -1    0    0 
   370:    0    0   -1    0    0    0    0   -1    1   -1 
   380:    1    0    0    0    0    0    0    0    0    0 
   390:    0    0    0    0    0    0    1    0    0    0 
   400:    1   -1    0    1    0    0    0    0    0    0 
   410:    0    0    0    0    0    0    1    0    0    0 
   420:    0    0   -1    0    0    0    0    0    0    0 
   430:    0    0    0    0    0    0   -1    0    0   -1 
   440:    0    0    0    0    0    0    0    0    0    1 
   450:    1    0    1    0    1   -1    0    0    1    0 
   460:   -1    0    1   -1    0    0    0    0    0    0 
   470:    0    0    0    0    0    0   -1    0    0    0 
   480:    0    0    0    0    0    0    0    0    0    0 
   490:    1    0    0    0    0   -1   -1    0    0   -1 
   500:    0   -1    0    0   -1    0    0    0    0    0 
   510:    0    1    0    0    0    0    0    0    0    0 
   520:    0    0    0   -1    0    0    0    0    0   -1 
   530:    1    0    1    1    0    0    0    0   -1    0 
   540:    0    0   -1    0    1    0    0    0    0    0 
   550:    0    0    0    0    0    0    0    1   -1   -1 
   560:    0    0    0    0    0    0    0    0   -1    0 
   570:    0    0    0    1    0    0    0    0    0    0 
   580:    0    0    0    0    0    0   -1    0    0    1 
   590:    0    0    0    0    0    1    1    0    0    0 
   600:    0    1    0    0    0    0    0    0    0    0 
   610:    0    1    0    0    0    0    0    0    0    0 
   620:   -1    0    0    0    0    0    1    0    0    0 
   630:   -1    2    0    1    0    0    0    1    0    0 
   640:    0   -1   -1    0    0    0    0    0    0    0 
   650:    0    0    1    0   -1   -1    0    1    0    1 
   660:   -1    0    0    0    0    0    0    0    0    0 
   670:    0    0    0    0    0    0    0    0    0    0 
   680:    0    1    0    0    0    0    0   -1    0    0 
   690:    1    0    0    0    0    0    0    0    0    1 
   700:    0    1    0    0    0    0    1    0   -1    0 
   710:    0    1    0    0   -1    0   -1    0    0    0 
   720:    0    0    1    0    0    1   -1    0    0    0 
   730:    0    0    0    0    0    0    0    0    0    0 
   740:    0   -1    1    0    0    0    0    0    0    1 
   750:    0    0    0    0    0    0    0    0    1   -1 
   760:    0    0    0    0    0    0    0    0    0    0 
   770:    1    0    1    0    0    0    0    0    0    0 
   780:    0    0    0    1    0    0    0    0    0    0 
   790:   -1    1   -1    0    0    0    0    0    0    0 
   800:    0    0    0    0    0    0    0    0    0    0 
   810:    0    0    0    0    0    0    0    0    0    0 
   820:    0    0    0    0    0    0    0    0    0    0 
   830:    0    0    0    0    1   -1    0    0   -1    0 
   840:    0    0    0    0    0    0    0    0    1    0 
   850:    0    0    0    0    0    0    0    0   -1    0 
   860:    0    0    0   -1    0    0    0    0    0    0 
   870:    0    0    0    0    0    0    0    0    0    0 
   880:    0    0    0    0    0   -1    0    0    0    0 
   890:    0    0   -1    0    0    1    0    1    0    0 
   900:    0   -1    0    0   -1    0    0    0    0    0 
   910:   -1    0    0    0    0    0    1    0    0    0 
   920:    0    0    1    0    0    0    0    0    0    1 
   930:    0    0   -1    0    1    0    0    0    1    0 
   940:    1    0    0    0    0    0    1    0    0    0 
   950:    0    0    0    0    0    0   -1    0    0    0 
   960:    0    0    0    0    1    0    0    0    0    0 
   970:    1    0    0    0   -1    0    0    0    0    0 
   980:    0    0    0    0   -1    1    0   -1    0   -1 
   990:    0    0    0   -1    0   -1    0    0    0    0 
  1000:    0    0    0    0    0    0    0    0   -1    1 
  1010:    0    0    0    0    0    0    0   -1    0    0 
  1020:    0    0   -1    0    0    0    0    0    0    0 
  1030:    0    0    0    0    0    0    0    0    0    0 
  1040:    0    0    0    0    0    0    0    1    0    0 
  1050:    0   -1    0    0    0    0   -1    1   -1    1 
  1060:    0    0   -1    0    0    0    0    1    0    0 
  1070:    0    0    0    0    0    0    0    0    0    0 
  1080:    0    0   -1    1   -1   -1    0    0    0    0 
  1090:    1    0    0    0    0    0    0    0    0    0 
  1100:    0    0    0    0    0    0    0    0    0    0 
  1110:    0    0    0    0    0    0    0   -1   -1    1 
  1120:    0   -1   -1   -1    1    0    0   -1    0    0 
  1130:    1    0    0    0    0    0    0    0    0    0 
  1140:   -1    1    0    1    0    0    0    0    0    0 
  1150:    0    0    0    0    1    1    0    0    1    0 
  1160:    0    0    0    1   -1    0   -1    0    0    0 
  1170:    0    0    0    0    0    0   -1    1    0    0 
  1180:    0    0    0    0    0    0    0    0    0    0 
  1190:    0    1    0   -1    0    0    0    0    0    0 
  1200:    0    0    0    1    0    0    0    0    0    0 
  1210:    0   -1    0    0    0    1    0    0    0    0 
  1220:    0    0    0    0    0    0    0    0    0    0 
  1230:    1    0    0    0    0    0    0    0    0    0 
  1240:    0    0    0    0    0    0    0    0    0    1 
  1250:    0    1    0    0    0    0    0    0    0    0 
  1260:    0    0    1    0    0    0    0   -1    0    0 
  1270:    0    0    0    0   -1    0    0    1    0    0 
  1280:    0    0    0    0    0   -1    0    0    0    0 
  1290:    0    0    0    0    0    0    0    0    0    0 
  1300:    0    0    0    0    0    0   -1    0    0    0 
  1310:    0    0    0    0    1    0    1    0    0    0 
  1320:   -1    0    0    0    0    0    0    0    0    0 
  1330:    0    0    0    0    0    0    0    0    0    0 
  1340:    0    0    0    1    0    0    0    0    0    1 
  1350:    0    0    0    1    0    0    0    0    0    0 
  1360:    0    0    0    0    0    0    0    0    0    0 
  1370:    0    0    0    0    0    0    0    0    0    0 
  1380:    0    0    0    0    0    0    0    0    0    0 
  1390:    0    0    0    0    0    0    0    0    0    0 
  1400:    0    0    0    0    0    0 
