     0:   -1    0    1    0    0    0   -1    4   -2    2 
    10:    1    1   -1    0    1   -2   -1   -2    1    3 
    20:   -1  -60    8   -9    9   -3    0    0    0    0 
    30:    0   -2    3   -4    0   -1   -2   -1    1    0 
    40:    1    0    1    0    1   -4   -1  -84    1   -7 
    50:   17   -4    0    0    0    0   -1   26  -18   46 
    60:   -5   11   26    5   -6    3   -2    3   -1   -2 
    70:   -7    2    7  -45  -16  -45   16   -4    0    0 
    80:    0   -1   -5   -9   -5    1  -24    5    4  -13 
    90:    5   30   43  -27    6   19   24 -112   25  -39 
   100:   25  -83   18   -4    0    0    0  -11   69    1 
   110:   19    1  -14   16   -8   29    4   31    0    2 
   120:    1  -21  -31  -53   11  -39   27    9   13   -4 
   130:    0    0    0  -10  -72   -1   13   25   21    4 
   140:   -9    8  -19    3  -18  -29  -16  -10  -32   58 
   150:   47   24  -11  -17   16   -4    0    0   -3   17 
   160:  -62   11   -2   -8   -4   -4   16  -15    1  -14 
   170:  -17   -9   -3  -18  -19   39  -23    1    0  -12 
   180:   14   -4    0    0   -9   73  -42    0  -10    0 
   190:  -18    9   -1   -3   -4  -27   10   -3   15  -19 
   200:   -5  -39   -7    1   -1  -13   16   -4    0    0 
   210:   -7   52  -41    4    0    4  -22    4   -2    6 
   220:   -5    0   20   20   -6  -20   -2  -58    2   -1 
   230:   -1  -12   16   -4    0    0   -3   10  -79   24 
   240:    2  -12   -2    7  -11   -3   14   -4  -15   31 
   250:  -13  -26    4  -47    6   -2   -1  -14   14   -4 
   260:    0    0    0   -8  -59   -6   26   31   -5  -14 
   270:  -15   17  -19    5   -2    0   21  -17    5  -45 
   280:    2   -1   -1  -15   14   -4    0    0    0  -14 
   290:  -21   26  -17   -8  -13   12   15   13  -17    4 
   300:   13    9   20  -15  -16  -29    3   -1   -1  -16 
   310:   15   -4    0    0    0  -12   26   13   15   22 
   320:   -1  -12    6    0  -20  -11   -5   11   -4  -28 
   330:    8  -20   -9    0   -1  -17   12   -3    0    0 
   340:    0   -8   39  -11   22   22  -23   22    3    8 
   350:    4   -6   -4    2    3   -4   18    7  -10    0 
   360:   -1  -17   13   -3    0    0    0   -6   46  -11 
   370:   -1  -22   11   29   -1    0    7   20    7    8 
   380:   -4   -4   -1   31   -5    0   -1  -16   13   -4 
   390:    0    0    0   -5   44  -17  -10   22   -2   28 
   400:  -15    8   18   19   -2    1   -2   15  -24   14 
   410:   -2    1   -1  -18   14   -4    0    0    0   -5 
   420:   45  -26   -4    6    4    7  -28   13  -10   18 
   430:  -21    0   -7    6    6    0    0    0   -1  -19 
   440:   13   -3    0    0    0   -5   38  -43  -25   -8 
   450:  -30  -11    9  -12   -8  -28  -22  -12   -6   -8 
   460:  -29    8   -1    0   -1  -20   13   -4    0    0 
   470:    0   -7   50   -2  -18   18   16   -3   13   -8 
   480:   -6  -15  -37   11   15   47  -27   -7    0    0 
   490:   -1  -21   12   -3    0    0    0   -7   33  -17 
   500:  -10   30    0    4   42   29   15    5   25  -16 
   510:    7  -15   -5   -5    0    0   -1  -23   12   -3 
   520:    0    0    0  -12  -37   -1   12  -10   -9  -10 
   530:    7    3   -7   36   27   16  -28   10    6   -6 
   540:    0    0   -1  -24   12   -3    2   -3   -3   29 
   550:  -34   16    6  -11  -10  -12  -14   21  -24   -3 
   560:   15   15    5    3  -37   -6    0    0   -2  -28 
   570:   14   -1    1   12  -19   31   23  -20   25    2 
   580:  -20   -4   36   -3   18   14   36   45   60    9 
   590:  -16   45   -7    0   -2  -26   -2   -6   41  -89 
   600:   11   59  -70  -12   99   77  -56  -27   -9   -8 
   610:    6   15  -24   -4  -12   -4  -12   15    2   -3 
   620:    3  -53   29   82 
