     0:    0    0    0    0    0    0    0    0    0    0 
    10:    0    0    0    0    0    0    0    0    0    0 
    20:    0    0    0    0    0    0    0    0    0    0 
    30:    0    0    0    0    0    0    0    0    0    0 
    40:    0    0    0    0    0    0    0    0    0    0 
    50:    0    0    0    0    0    0    0    0    0    0 
    60:    0    0    0    0    0    0    0    0    0    0 
    70:    0    0    0    0    0    0    0    0    0    0 
    80:    0    0    0    0    0    0    0    0    0    0 
    90:    0    0    0    0    0    0    0    0    0    0 
   100:    0    0    0    0    0    0    0    0    0    0 
   110:    0    0    0    0    0    0    0    1   -1    0 
   120:    0    0    0    0    0    0    0    0    0    0 
   130:    0    0    0    0    0    0    0    0    0    0 
   140:    0    0    0    0    0    0    1    0    0    0 
   150:    0    0    0    0    0    0    0    0    0    0 
   160:    0    0    0    0    0    0    0    1   -3    2 
   170:    3   -1    0   -1    0   -1    0    0   -2    0 
   180:    0    0    0    0    0    0    0    0    0    0 
   190:    0    0    0    0    0    1    1    0    0    1 
   200:    0    1   -3    1    0    0    0    0    0    0 
   210:    0    0    0    0    0    0    0    0    0    4 
   220:   -5   -1   -1    3    0    3    4    1    3   -5 
   230:   -3   -1    1   -2    2   -1    0    0    0    0 
   240:    0    0    0    0    2    0   -1    4    0    0 
   250:    2    0    3    0   -2    1    0    0    0    0 
   260:    0    0    0    0    0    0    0    0    0    0 
   270:   -1   -7    9    0   -1    6   -1    9   -2    4 
   280:    4    3    5    1   -4    8   -2   -2    2    5 
   290:   -5    2    0    0    3    5   -1    0    1   -1 
   300:    0   -1    0    1    0    1   -1    0    0    0 
   310:    0    0    0    0    0    0    0    0    0    0 
   320:    0    0   15  -15    5    1    1  -15    8    5 
   330:    2    9    0   -2    0   -1   -6    4   -5    5 
   340:    0  -14    3  -11   13   -6   -5    6  -16   13 
   350:   -2    1    0    0    1    0    1   -1   -3    0 
   360:    0    0    0    0    0    0    0    0    0    0 
   370:    0    0    0    3    8   -2   10    3    6    0 
   380:   -2    2    6    2    1    2    1    1    4   -3 
   390:    2    5   -8    7  -12   19  -10    6    0   -1 
   400:  -10   13   -8    1    0    0    1   -1    0    2 
   410:   -2    0    0    0    0    0    0    0    0    0 
   420:    0    0    0    0   -2    4   -3    3    8   -9 
   430:   -2    4    1  -10    7   -1   -7    6   -7    3 
   440:   -1    0    3   -9   10  -14   11    9  -35   13 
   450:   -7    2    0    2   -5    1    0    0    0    0 
   460:    0    2    1    0    0    0    0    0    0    0 
   470:    0    0    0    0    0    0    2    0    8   -8 
   480:   21  -14   17  -11    3    0    4   -3    0   -7 
   490:   -2    4    4   -8    4  -14   11    4   18  -27 
   500:  -20   20  -11    7    3    0   -2   -2    0    0 
   510:    4    0    0    0    0    0    0    0    0    0 
   520:    0    0    0    0    0    0    0   -1    5   -3 
   530:    5   -8   10  -14   10   -7   -2    6   -2  -10 
   540:   11   -1   -2   -1   16  -28  -20   29  -21   14 
   550:  -11  -18    4   28  -12    8    2   -3    2   -4 
   560:    5   -1    3    0    0    0    0    0    0    0 
   570:    0    0    0    0    0    0    0    0    0    0 
   580:    3   -5    4   -5    7   -4    2   -7   -2    6 
   590:    3  -10    0    6   -3   -4    0  -23   10   21 
   600:  -20    6    6  -14   10   21   -5   14   -4    0 
   610:    6   -6    0    0    0    0    0    0    0    0 
   620:    0    0    0    0    0    0    0    0    0    0 
   630:    0    0    5   -1    0    6    4    1    0   -5 
   640:    2    4    2  -11    5    1   -4   -1   -3   -4 
   650:    3    0    3   -9    0   -5   -7   -2    6   10 
   660:   -8    7    4   -2    1    0    0    0    0    0 
   670:    0    0    0    0    0    0    0    0    0    0 
   680:    0    0    0    1    0    7   -6    4    0    4 
   690:   -3    3    0   -1    4    2   -5    3    0    8 
   700:    5   -3    0   -4   -3    1   -1    1    4   -7 
   710:    3   -1    9   -2    3    3    0    0    0    0 
   720:    0    0    0    0    0    0    0    0    0    0 
   730:    0    0    0    0    0   -2   -1    3    0    0 
   740:   -2    5   -4    8   11   -7   -2    4   -4    1 
   750:    0    2    2   -1   -1    0   -3    1    1   -9 
   760:    6    7    0   -2   -3    0    0    5   -1    0 
   770:    0    0    0    0    0    0    0    0    0    0 
   780:    0    0    0    0    0    0    0    0    0   -2 
   790:    3    2   -1    6    4    5    1   -1   -1    0 
   800:    4   -4    4   -2    4   -3    1    3    1    5 
   810:    0   -2   -7    5    6    3    1    3   -6   -3 
   820:   -3    0    0    0    0    0    0    0    0    0 
   830:    0    0    0    0    0    0    0    0    0    1 
   840:   -1    5    0    4   -4    4    1   -4   -7   -1 
   850:    4   -8   -2   -3    2   -2   -1    6    0    0 
   860:    1   -2   -3   -6    5   -1    6   -2    7    8 
   870:   -4    3   -2    0    0    0    0    0    0    0 
   880:    0    0    0    0    0    0    0    0    0    0 
   890:    0    1   -3    8    0    3    0    1    2   -1 
   900:    1    7    4  -19    4   -4  -13    3    0    4 
   910:    0    0   -1   -3    4    2    0    5   -5   -1 
   920:    0    3    9   -8    1    0    0    0    0    0 
   930:    0    0    0    0    0    0    0    0    0    0 
   940:    0    0    0   -1    5    3    3    3    3   -3 
   950:    1    1    0   -3   -3   -3    6   -2   -8   11 
   960:   -6   -6   12    1   11   10   -6    4   -1   -1 
   970:   -7    0   -2   -3    2   -4   -1    0    0    0 
   980:    0    0    0    0    0    0    0    0    0    0 
   990:    0    0    0    0    0    0    4    3    5    1 
  1000:    0   -2    2  -12    2  -10   12    3    3   -2 
  1010:    2   -1   -1    1   -2    4   15    3   -4    2 
  1020:    1   -2  -19   18   -4   -3    9    2   -2    1 
  1030:    0    0    0    0    0    0    0    0    0    0 
  1040:    0    0    0    0    0    0    0    0   -4    6 
  1050:   -3    0    4   -5   11   -9   11  -13    8   -2 
  1060:   -4   -1    4   -4   -3    6   -2   -2   -5    8 
  1070:    1    5  -11   19  -23   27  -11    0   -1    4 
  1080:   -1    1    0    0    0    0    0    0    0    0 
  1090:    0    0    0    0    0    0    0    0    0    0 
  1100:   -1    5    4    5   -3    8   -3    8   -6    4 
  1110:    3   -3    0    0    0   -1   -4    1   -4    0 
  1120:  -10   14   -4    2   -6    1   -3   -4    2    0 
  1130:   -5    0   -7    0    0    0    0    0    0    0 
  1140:    0    0    0    0    0    0    0    0    0    0 
  1150:    0    0    0    5   -9    4    0    0   -3   -1 
  1160:   -6    2    1   -2   -3    5   -4   -3    4   -2 
  1170:   -2   -3   -7   21   -9   10   -9    1    3    1 
  1180:    3   -1    1   -6    2   -1    0    0    0    0 
  1190:    0    0    0    0    0    0    0    0    0    0 
  1200:    0    0    0    0   -1    1   -5    4   -5   10 
  1210:    2    1   -1    4    0    2    4    0    2    1 
  1220:    0   -2   -3    0    2    0    4    1   -1   -1 
  1230:    1   -7    0   -1   -1   -2    1    0    0    0 
  1240:    0    0    0    0    0    0    0    0    0    0 
  1250:    0    0    0    0    0    0    2   -4    5   -3 
  1260:   -2   13   -7    5   -1   -1   -1    2    1   -7 
  1270:    1    1   -3    3    0    5   -7    1    3    2 
  1280:   -3    6    2   -2    3    3   -1    4    0    0 
  1290:    0    0    0    0    0    0    0    0    0    0 
  1300:    0    0    0    0    0    0    0    0    0    1 
  1310:   -3    2    5    1    1   -2    3    5    0    1 
  1320:    0    0   -6   -7   -4    0   -2    2    1   -3 
  1330:    1   -8    6    3   -4    1    4   -2    1   -3 
  1340:    0    0    0    0    0    0    0    0    0    0 
  1350:    0    0    0    0    0    0    0    0    0    0 
  1360:    0    2    5    8    0    0    1    6    1    6 
  1370:   -7    3    3    5  -12   -6  -13    1    6    0 
  1380:    0   -2   -1    5    2   -2   -1   -7    3   -7 
  1390:    6    3    0    0    0    0    0    0    0    0 
  1400:    0    0    0    0    0    0    0    0    0    0 
  1410:    0    0    0    4   -1    7    0   -6    6    2 
  1420:    1    1   -1    2    4   -4   -6   -1    0    1 
  1430:    4    4   -3    7    5    0   -4    4   -3   -3 
  1440:    1    1    1   -1    0    0    0    0    0    0 
  1450:    0    0    0    0    0    0    0    0    0    0 
  1460:    0    0    0    0    0   -1   -8    2    2    0 
  1470:    5    0    6   -4   -1    2   -2   -2    0    0 
  1480:    0    0    0   -1    0    3    7    2    0    4 
  1490:    5    4   -9    0   -3    0    0    0    0    0 
  1500:    0    0    0    0    0    0    0    0    0    0 
  1510:    0    0    0    0    0    0    0   -1   -3   -6 
  1520:   12    1   -1   -8   -1   -4   -1   -2    3   -6 
  1530:   -1   -1   -2   -2    0    0    1   -4    0    2 
  1540:   -3    3    7    1  -13    4    0    0    0    0 
  1550:    0    0    0    0    0    0    0    0    0    0 
  1560:    0    0    0    0    0    0    0    0    0    0 
  1570:   -1   -3    7    3    1   -4   -1   -4    1   -5 
  1580:    5    5    2    6    3   -7    2    0    5    4 
  1590:    0    0    1   -1    0   -1   -1   -1    0    0 
  1600:    0    0    0    0    0    0    0    0    0    0 
  1610:    0    0    0    0    0    0    0    0    0    0 
  1620:    0    0   -3   -5    4    3    3    4    2   -7 
  1630:    1    3    2    0   -3    5   -2    6   -1    3 
  1640:   -4    0    4    1   -5    2   -3    3   -2    1 
  1650:    0    0    0    0    0    0    0    0    0    0 
  1660:    0    0    0    0    0    0    0    0    0    0 
  1670:    0    0    0    0   -2   -7   -1   -3   -2   -3 
  1680:   -1   13   -1    5   -5   -7    3    6    8    5 
  1690:   -3   -2    3   -2    6   -2    1    7    5    5 
  1700:   -2    0   -1    0    0    0    0    0    0    0 
  1710:    0    0    0    0    0    0    0    0    0    0 
  1720:    0    0    0    0    0    2   -7  -12   -1   -6 
  1730:    0   -1    1   -2   -2    6    0   -1    0  -10 
  1740:    6   -1   -5   -7    2    1    0    1   -2    7 
  1750:    6   -1    4   -1    0    0    0    0    0    0 
  1760:    0    0    0    0    0    0    0    0    0    0 
  1770:    0    0    0    0    0    0    0   -1   -4   -1 
  1780:    1   -2   -2   -8    1    2    0   -7    0   11 
  1790:   -7    4   -5   -4    4    0   -8    3    1    2 
  1800:    5   -2    2    1    1   -3    0    0    0    0 
  1810:    0    0    0    0    0    0    0    0    0    0 
  1820:    0    0    0    0    0    0    0    0    0   -3 
  1830:    3   -2   -5    0    0   -4   -4    0    3    0 
  1840:    1    5   -3    3    1   -9   11   -1   -5   -1 
  1850:   -4    2    1    3   11   -3    7   -5    1    0 
  1860:    0    0    0    0    0    0    0    0    0    0 
  1870:    0    0    0    0    0    0    0    0    0    0 
  1880:   -1    1   -4   -7   -9    8   -5    7   -5    3 
  1890:    3    7    4   -3   -2    0   -7    1    0   -9 
  1900:   -4   -6    3   -2   -5    5    6    5    1    0 
  1910:    0    0    0    0    0    0    0    0    0    0 
  1920:    0    0    0    0    0    0    0    0    0    0 
  1930:    0    0   -1   12   -1    0    5   -4    6   -4 
  1940:    9   -5   -1    2   -5   -9   -6    0   -1    4 
  1950:    0    2    3   -3    6   -2    7    4   -2   -8 
  1960:   -9    0    0    0    0    0    0    0    0    0 
  1970:    0    0    0    0    0    0    0    0    0    0 
  1980:    0    0    0    0    1   12    3    5    0  -10 
  1990:    6   -3   -3    2    0    6    2    0   -2    5 
  2000:   -2    3    7    4    6   -7    3    1    2    8 
  2010:    0   -7   -4   -1    0    0    0    0    0    0 
  2020:    0    0    0    0    0    0    0    0    0    0 
  2030:    0    0    0    0    0    0   -2    4    3   -1 
  2040:   -1    2   -5   -1    2    3    5   -5    2   -1 
  2050:    3    7    3   11    3    2    1   -8    1    3 
  2060:    0    2    1   -6    3    2    0    0    0    0 
  2070:    0    0    0    0    0    0    0    0    0    0 
  2080:    0    0    0    0    0    0    0    0    0    0 
  2090:    2    1   -4   -1    4   -4   -2    0  -10    0 
  2100:   -4    2   -5   10   -6   -5    0    2   -2    4 
  2110:    4   -1    0   -4    1   -3    3    1    0    0 
  2120:    0    0    0    0    0    0    0    0    0    0 
  2130:    0    0    0    0    0    0    0    0    0   -1 
  2140:    0   -2   -2   -1    0    0    1    0   -5   -3 
  2150:    4   -2    0    0   -5   -1   -1   -9    4   -4 
  2160:   -2   -3   10    2    8   -1    1    9   -1    2 
  2170:    0    0    0    0    0    0    0    0    0    0 
  2180:    0    0    0    0    0    0    0    0    0    0 
  2190:    0   -5    2    4   -2   -6    7   -5    3   -1 
  2200:    3    2   -4    2   -6    3    1   -2   -4   -1 
  2210:   -3   -4   -2    2    6   -4   -4   -1    0    3 
  2220:   -2    1    0    0    0    0    0    0    0    0 
  2230:    0    0    0    0    0    0    0    1    0    0 
  2240:   -1    0    0    5    4    2   -9   -6    3   -9 
  2250:    0    3    0    2    0    5    1    5   -7    7 
  2260:    4   -1    2    7   -2    6   -5    2    2    2 
  2270:    5   -4    2    3   -2    1    0    0    0    0 
  2280:    0    0    0    0    0    0    0    0   -1    0 
  2290:    1   -1    0    3   -2    1   10   -7    4   -6 
  2300:    3   -3    8    1   -3    2    3   -1   -6   -2 
  2310:    2   -4    0   -3    2    4   -2   -2    0   -2 
  2320:   -4    1    4    0    4   -1   -2   -1    0    0 
  2330:    0    0    0    0    0    0    1    0    1    1 
  2340:   -6    0    0    1    2   -4    4   -2   -3   -1 
  2350:    3    3    0   -2   -4    2    3   -4   -1   -2 
  2360:    2   -3   -1    1    5   -2    3   -2    2    0 
  2370:    2    0   -3    1    0    0    1    1    0    0 
  2380:    0    0    0    0    0    0    0    0   -2    0 
  2390:   -1    2    4    2   -2   -1   -1    0    1    0 
  2400:    4    1   -1    2    0    0   -2    0    0   -3 
  2410:    0   -3    4    0    0    0    0    0   -1   -1 
  2420:    0   -2    3    0    1    2    0    0    0    1 
  2430:   -1    1    1    0    0    0    0    0    0    0 
  2440:   -2    0    2    0   -7   -3   -2    0   -2    2 
  2450:   -2    1    1    2    4    0    0    0   -4    4 
  2460:   -1    0    2    3   -3    0    0    0    0    0 
  2470:   -1    0   -1    2   -1    0    1   -2    0    1 
  2480:   -1   -1    2    2   -1    2   -1   -2    1    0 
  2490:    0    0    0    1    1   -1 
