     0:    0    0    0    0    0    0    0    0    8   -7 
    10:    4   -1    2   -8   -2    0    0   -1    1    0 
    20:    0    0    0    0    0    0    0    0    0    0 
    30:    0    2   -1    1    0    0    0    0    0    0 
    40:    0    0    0    0  -10    6    0  -18   27  -19 
    50:    8    1   -1   -3   10   -5    0    0    0    0 
    60:    0    0    0    0    0    0    0    0    1    0 
    70:    0    0    0    0    0    0    0    0    0    0 
    80:    3   -8  -21  -10  -37   -1    5  -18   -5    5 
    90:    5    3   -2    1    3   -2    0    1    1    1 
   100:    0   -2   -2   11   -1   -8    0    0    0    0 
   110:    0    0    0    0    0    0    0   -1    7   17 
   120:   21    8  -12  -20  -15   -1   -8    3   -1   -1 
   130:   15  -20   15   13    3  -10  -10   -7    2    6 
   140:   21    3  -10   -3    0    0    0    0    0    0 
   150:    0   -1   -1   13   12   12    6    0   15   38 
   160:   33    1   -1  -16    1    2    9  -18    1   27 
   170:  -22  -31  -28  -18   -2    5    4   14   19   11 
   180:    5    0    0    0    0    0    0    0    5    4 
   190:   -1    5    9   -7    3   16   18   18   26   30 
   200:   19   -6   -4    3  -22   37    0  -32  -28  -17 
   210:  -15  -11    3    6    0   11   20   12    0    0 
   220:    0    0    0    0    0   11    5   -1    7   -2 
   230:   -5    6    1  -20  -29  -28  -21   22   -1    2 
   240:  -22    7   32   -4  -22  -20  -16  -13  -15   -7 
   250:    2  -10   -1    1   -4   -5    0    0    0    0 
   260:    0    0    2   -3   -1    8    1   -4  -11  -16 
   270:   -9    9   11    3  -19    5    0  -19   31   24 
   280:   15   -8  -17  -16  -13  -18  -11  -14  -19   -4 
   290:    0  -13  -10    2    0    0    0    0    0   -3 
   300:    0    1   -2    2  -12    2    8    8   14  -10 
   310:   -4   18  -14   -4   25   17   15   25    4  -11 
   320:  -11   -3   -4   -2  -12  -10  -13  -11  -14  -10 
   330:   -3    0    0    0   -1    2    0   -2   -2   -4 
   340:   -6    4    3   13   16    0    1   -1  -20   -2 
   350:   11  -25  -12   15   18   14    9    3    4    9 
   360:   -2   -9   -1   10    3   -7  -16   -9    1    0 
   370:    0    3    2    2    9    6    0    2    0    0 
   380:    7   -1    1    2   -4    3   11   -9  -19   -7 
   390:    1    6    5    4    4    1   -4  -11  -19  -11 
   400:    8   -4    0  -14  -10    0    0    0   -3   -1 
   410:    1    0    3    2   -2    2   -2   -3   -2   -1 
   420:    0    1    5    0  -23   -5    1    0  -10  -10 
   430:   -9   -9   -8  -11   -8  -16   -8    0   -8    7 
   440:   -1  -10   -2    1    0   -7   -2    3   -2   -1 
   450:   -2   -3    1   -3    1    0   -2   -1    1   -3 
   460:   -9   -5    6    4   -2   -3   -6  -13   -7    1 
   470:    7   -4  -14    3    9   12   15   10    6    0 
   480:    0   -1   -8    3   -1   -4    1   -5    1   -2 
   490:   -2    0    0    2    0    2   -2   -2    3    4 
   500:   -2    3    7  -11  -14  -16    3    7   -6  -18 
   510:   -3   12    9   15   15   13    3   -1    0   -7 
   520:   -1   -2    0    1    3   -1   -3   -4    0    0 
   530:    1    0   -2    0    0   -2   -1    2   12   12 
   540:   24    3   -5   27   17   10    3    2    6    2 
   550:    2   11   14    3    0   -1   -4    3    0   -4 
   560:    5    3   -3    3   -4    1    3    0   -6    2 
   570:    0   -1   -3   -1    6    9    1    7   26   35 
   580:   26   13   11    6   -1    0   -7    0   25   16 
   590:   -1    1   -1    1   -2   -1    4   -1    2   -1 
   600:   -3    0   -1    1    2    6    1   -3   -1    1 
   610:   -7    4    9   -6   -6   20   -3  -14   -8   -4 
   620:    7  -13  -14  -25   -4   18    9  -15    1    4 
   630:    2   -2   -4    4    1    0    1   -3    2   -1 
   640:   -1    0   -2   -1    0   -1    0   -7   12   17 
   650:    7   26    2  -34    6  -22  -33  -10   -5  -17 
   660:  -23  -22   -5  -16  -13    2    3    2    2   -7 
   670:   -6    0    0    1    1   -2   -1   -2   -2   -2 
   680:   -3    0    1    1   -8   15    5    3   36  -13 
   690:  -11   22  -40  -16    6   -3   -8  -18  -14    1 
   700:  -25  -13    3    0    0    2    4    0    3   -1 
   710:   -1    3    0   -2    2    3    2   -1   -3   -3 
   720:    7    7  -14  -36    8   32  -32   21  -20  -15 
   730:   28   -5    8   18   21   25   -5  -34   -1    1 
   740:   -3   -4    9    0   -3    6   -1   -2   -1    2 
   750:    2   -1   -3    0    5   -1  -13   -1    4   -4 
   760:   11   41  -27    1    4  -26   23  -13  -13   24 
   770:   19  -16  -21  -32    5    7   -1   -4  -10    1 
   780:   -5   -7   -7  -14  -11  -10   -8    1   -2    0 
   790:    1    5    9    1  -22  -14    5   22  -14   -7 
   800:   12   -4    1    0   -4    3   19  -23   -3   10 
   810:   -3   17   -4    1   -1  -13   -9    0   13   -8 
   820:   19    7   -6   -5   -3    1   -5   -7   -8   -2 
   830:    3   17    7    3    4   -3    3   -2    6   -6 
   840:    0   -2    6   -3    2   10   -6    5   -6   -1 
   850:    0    2  -12  -11  -18   10    3   -1   -1    7 
   860:   -6    1   -2   -3    0    1   -2    1   -2   -4 
   870:   -3   -7    0   -3   -1   -3   10   -7    0   -5 
   880:    9    3   -4    3    0    0    0    0   -1   22 
   890:    1    4  -11   13    3   -7   -4    7   10   -2 
   900:   -3   -5   -7   -2   -3    3    2   -6   -1   -1 
   910:    1   -1   -3   -3    2    0    1    0   -5    4 
   920:  -13    0   -1    0    0   -1    1   11  -15   -4 
   930:   -6    4    6   -6    5  -10    7    3   -3   -2 
   940:    4    2    4   -5    5   -3    1   -3    1   -3 
   950:   -4    4   -1   -4   -2   -2    0   -6    0   -2 
   960:    0    0    0    1   25   -7  -10    2   -1   10 
   970:   -2    4    7   -5   -2   -1    1   -2   -1   -6 
   980:    8   -6    1   -1    8    8   -3    3   -1    4 
   990:   -3    4    8    3   -3   -2    0    0    0    0 
  1000:   -1    0   21   15  -20    4   -5   20    1    4 
  1010:    5    3    3   -9   -1   -4    5    6   -7   15 
  1020:   -3    1    1   -9    4   -9    1    1    5    8 
  1030:    4    6    3    1    0    0    0    0    0   -8 
  1040:    6   -4    1   -6   -3    4    1    7    5   -3 
  1050:    4    2    1   10   12    2  -13    2   -1   -1 
  1060:    2   -3   -5    5   -4   -5   -1    4   -2    0 
  1070:    0    0    0    0    0    0    1   -3    1    8 
  1080:    1   -2   -1    6    2   -7   -1    0   -4    4 
  1090:  -15    2    5   -7    0    2   -1    0    6   -5 
  1100:   10    0   -3   -5   -8   -6    2   -1    0    0 
  1110:    0    0    0    0    0   -1    0   13   -3    1 
  1120:    1    4    1    5   -9   -1    5   -9   -9   15 
  1130:    5    1    2   -9   -4    4  -10    7    6   -7 
  1140:   -1    4    1    0    0    0    0    0    0    0 
  1150:    0    2   -3    7   -7   -4    4   -5   -9    6 
  1160:   -5   10   -6    9    9   -6    2    2    5    7 
  1170:    0   -6   11   -5  -29    1    3   -1    5   -1 
  1180:    0    0    0    0    0    0    0    0   -8    7 
  1190:  -16    0    3   -1   -2    0   -7    7    4    2 
  1200:   -4    1   11   12  -11    0    1   13    5  -23 
  1210:   20   -1   -3   -3    5   -9    1    0    0    0 
  1220:    0    0    0   -1   11  -18    3   -7   11    3 
  1230:   -2   10   -5    5  -17    3    0    2   11   -5 
  1240:   11    8   -4  -10    4   30  -23  -15   13   10 
  1250:    0    0   -3    0    0    0    0    0   -1   -1 
  1260:   10   -3   10  -31    1    2   -9    7  -29   10 
  1270:   12   -8   13   -9   16  -15   13  -14    2    7 
  1280:   15  -25   -2   17   -5   -5    0    0    0    0 
  1290:    0    0    0    0    0   -3   -3    5   -3   12 
  1300:  -12    5   12    2    4  -26   -2  -15   -6   -8 
  1310:   18  -16  -17   -5    0   -9   -1   11   21    2 
  1320:   14    9   -2   -3    0    0    0    0    0    0 
  1330:    0    0   -2   -3   -7   -4    2    5   -1    3 
  1340:    5    2   -4   -2   10   -8   -7    8    8    8 
  1350:   -7   10   -6   -3  -12   -2    0   -3    0    0 
  1360:    0    0    0    0    0    0    0    0    0   -2 
  1370:   -3   -1    4   -2   -1   -3    0   -2    0    2 
  1380:    0   -1    2    1   -2   -2   -1    1   -2    2 
  1390:    1    2    0    0    0    0    0    0    0    0 
  1400:   -1    0    0    0    0    0 
