     0:    0    0    0    0    0    0    0    0    0    0 
    10:    2   -2    0   -1    0    0   -1    0    0    0 
    20:    0    0    0    0    0    0    0    0    0    0 
    30:    0    0    0    1    2   -1    0    0    0    0 
    40:    0    0    0    0    0    2   -3   -4   -1    2 
    50:   -4   -2   -3    0    0    0    0    0    0    0 
    60:    0    0    0    0    0    0    0    0    0    0 
    70:    0    0    0    0    0    0    0    0    0    0 
    80:    0    1   -8   -1   -3    3   -1   -3  -11    3 
    90:   -9   -1    0    0    0    0    0    0    0    0 
   100:    0    0    0   -1    2   -1    0    0    0    0 
   110:    0    0    0    0    0    0   -3   -4   -5    2 
   120:   -1   -3    1    5   -9    0    5   -2   -4    0 
   130:   -1   -3    0    0    0   -1    0    0    0    0 
   140:    2   -6    3   -1    0    0    0    0    0    0 
   150:    0    0   -2    5   -3    2   -1    2    0    0 
   160:    7  -15    4   -2    2    2    1    2    0   -2 
   170:    6   -6    8   -2    0    0   -4   -1   -1    7 
   180:    1    0    0    0    0    0    0    0    0    3 
   190:    0    5   -3    4   -3   -4    3    1   -2    0 
   200:    5   -1   -1   -1   -5    2    0    0    1    2 
   210:   -2   -3   -5   -9    2    2    3    1   -2    0 
   220:    0    0    0    0    0   -1    7   -3    2    8 
   230:   -2   -4    3    0    2   -3   -2    1    0   -1 
   240:    2    0   -2    2   -1    2   -3    0    2    1 
   250:    3    6   -3    0    2    4   -1    0    0    0 
   260:    0   -1    3   -7    1    1    0   -1    0   -2 
   270:    3   -1   -2   -3   -1   -2    3   -8    2    2 
   280:    1    3   -4    0   -3   -8   -6   -5    3   -3 
   290:   -7    3    0    0    0    0    0    0   -1   -2 
   300:   10   -1    5   -6   -9    0   -9    1   -4    2 
   310:   -1   -3    2    4   -2   -3    2   -1    2   -2 
   320:    3    6    3   -8   -1    0    5    1    6    5 
   330:   -5    1    0    1   -2    7    0    4    2   -7 
   340:   -5   18    0   -1    0   -2    0    1    4   -6 
   350:   -2   -1    0   -3    0    1    1    0    4   -1 
   360:   -6   -2    2    3    0   -8    8    4   -1    0 
   370:   -1    5  -12    1   -7    8    3   -7    9  -15 
   380:    0    6   -6   -1    1    2    2   -5   -7   -3 
   390:    2    0   -4    0   -3    6   -1    0    5    3 
   400:   -3   -9    2   -2   -1    1    0    0   -4    3 
   410:   12   -2    2  -16   14   17   17    9   -7    0 
   420:    3   -4   -3    7   -1    3    2   -6    0    3 
   430:    2    4    0    3   -4   -4    0  -12    8    0 
   440:   -6   -3    0    0   -4   12   -7  -19    6    1 
   450:   10  -11  -10  -25  -17    0    5   -9   -1   13 
   460:    2   -3    1    3    2   -2   -2   -3   -6    9 
   470:   -7   -3    7   -8    3   -1   -2   -1    4   -2 
   480:    0   -1    1   13    0  -10    5    4    1   10 
   490:   19   21   -3  -23   28  -12  -31   15    9    2 
   500:  -12    1    3  -15    1   -1   -4    0    6    0 
   510:   -1   -1   -3    2    3    2    1    0   -1    2 
   520:   -1   -9   16    3    8   15    0  -20  -24   10 
   530:    3  -20   19  -34  -22    0   -4    0   -7   -2 
   540:    4    0   -1   -5   -6   22    5   -3   -1   -5 
   550:    0    1    0    2   -1   -1   10    0    1   -7 
   560:   -7  -10   13   -5   -8   -5   22   -2   -1   -3 
   570:  -20   11    0    7  -13    3   -3   -4    4    3 
   580:    4    1    2  -11    4  -13   -1    0    7   -3 
   590:   -3    0    4   -2    4   -7   -3    1    7   15 
   600:  -12   -2   -6    3   -6   27    1   -1    0    9 
   610:   -1   12   -2    1    2    0   -2   -2    1    2 
   620:    3   -1   -1    3   -9   -1  -17    3    0    4 
   630:   -3    0    0    0    6  -14  -33  -19    9  -11 
   640:   -8   -2    3   -5    4   -4  -10    4   -5   -1 
   650:   -3    4    3   -2   -3    1    1    2    0    3 
   660:   -1    7    0    5    3    1    2    2   -5   -5 
   670:    0   -2   25   12   -3    1   13    5    0    0 
   680:    3    0    2    0   -1    0    3    3    1    2 
   690:    1    1   -6   -1    5   -2   -2    4   -7    3 
   700:   -4   -5    1    4    1    4    2   -4    5   -6 
   710:  -21    4   -9   -8   -6    2   -1   -5    2   -2 
   720:    1    1   -1    0   -6    5    3   -7    6   -2 
   730:    0    1   -3    5   -8   -3   12   -1   -2    1 
   740:    4    1    1    1    1   -1   -4    8   10    3 
   750:   -2    4   16    1    1   -4   -2    1    0    4 
   760:   -5    1   -2    1   -2   -1   -2   -5    5    5 
   770:   -1    3   -1   -2   -2   -7    0    4    2   -1 
   780:    3   -2    0    6  -22  -27   -2    0   -2   -3 
   790:    2    8   -1    0    0    0    0    0   -2    0 
   800:    0    1   -2    0   -1    1   -1    2   -1    2 
   810:    2    1    1    0    4    4    5    0    5    0 
   820:    0    6    4   -2   -5    0    4    0   -6    1 
   830:    3    6    2   -1   10    0    1   -4    0   -8 
   840:    3   -7    0   -1   -3   -1    8   -6   -7    3 
   850:   -1    2    0    0   -2   -2    0    0    2    1 
   860:   -4    2    9  -11    3    0   -1    0   -4   -1 
   870:   -3    7   -4   -5   -2   -2    3   -6   -1    2 
   880:    1    4   -3    5    6    0    0    0   -2    1 
   890:    2   -3    0    2    3   -1    2   -1   -3   -5 
   900:    4   -2    5    0   -7    2    3    7    2    4 
   910:   10    0   -3    0   -9  -11   -3   -3   -2    6 
   920:    8    0   -3    0    0   -3    7   -6    0   -3 
   930:    3    2    3   -1   -5    1    7   -1   12   -1 
   940:   -8   -4    5   -2   -1    6   -4    3    7    7 
   950:    0    4   -5    1    0   -3   -9    5    8    0 
   960:    0    0   -1    2    1   -6    0    2   -2    0 
   970:   -3   -3    4    3   -6   -1   -3    5   -5   -5 
   980:   -5    4    1  -10   13    3    0    4   -4   -3 
   990:   -3   -4    2   -8    4    5   -2    0    0    0 
  1000:   -1    3    3   -6   -1   -3    2    5   -2    0 
  1010:    2   -5    0   -6   -7   -3   -2  -10    3    0 
  1020:   -8   -9   10   -6    2   -1   -5  -10    4  -18 
  1030:    7    3  -13    3   -1    0    0    0   -2   -3 
  1040:   -2   -5    0   -4    0   -3   -6    2   -1   -5 
  1050:   -4   -4    2   -5   -6   -3    5   -7    1   -6 
  1060:    2    7   -8    4  -17   10    7    1   13    2 
  1070:    1    0    0    0    0    0    0    3   -4   11 
  1080:    6   -1   -5    5   10  -10    3   -4  -13   15 
  1090:    3   -7  -16    1   -5    4    0    5   -1    1 
  1100:   -2   -1    0    6   -1    6   -5    1    0    0 
  1110:    0    0    0    0    0    0   -2    1    4    9 
  1120:   -5    2    4   -9   16  -21    8   -1   -1    4 
  1130:   -5    0    0   -2   -6   13   -7    5    0    0 
  1140:    8    6  -11   -2    0    0    0    0    0    0 
  1150:    0    0    0   -2    2    1    8   -8   -4   -7 
  1160:    3    1    0   -5   -5    0   -1   -9    0    2 
  1170:   -7   -1   -4   -8    2  -14    1    3    4    4 
  1180:    0    0    0    0    0    0    0    0    0    1 
  1190:    2   -7   10    2    4   -1   -2   -1   -3   -2 
  1200:    3   -1    0   -2    3    2    4   -9   -2  -12 
  1210:   -7    1    7   -5    1   -1   -5    0    0    0 
  1220:    0    0    0    0   -1    1   -1    0    7   13 
  1230:   -2    4    0   -3    5   -2   -1   -3    4    6 
  1240:    5    3   -2    0   -8   10   -9   -3    0    0 
  1250:    1    2    5    1    0    0    0    0    0    0 
  1260:    0    4    5   -5  -17   -1   -2   -5    0   -4 
  1270:   -6   -3    3    0   -1   -9    2    3    2    3 
  1280:    0    3   -3    2   -7   -6    5   -3    0   -1 
  1290:    0    0    0    0    0    1    1    0    3    3 
  1300:    2    9    0    0    3    4    5   -4   -1    0 
  1310:    9   -4   -1   -7  -11    4    9    2    3    9 
  1320:   -8    1   -2    1    0    0    0    0    0    0 
  1330:    0    0    5   11   -5   -2    0    9   -6    3 
  1340:   -5  -10    3    3    1   -5    0    6    2   -4 
  1350:   -1    2    0   -1    8   -4    9   -8   -4    0 
  1360:    0    0    0    0    0    0    0    0    0    3 
  1370:    7   -1   -4    3    6   -4    4    0    0   -1 
  1380:   -1    0    0    0   -1    0    0    0   -2    2 
  1390:    0   -1    1   -2    0    0    0    0    0    0 
  1400:    0    0    0    0    0    0 
