     0:    0    0    0    0    0    0    0    0    0    0 
    10:    0    0    0    0    0    0    0    0    0    0 
    20:    0    0    0    0    0    0    0    0    0    0 
    30:    0    0    0    0    0    0    0    0    0    0 
    40:    0    0    1    0    0    0    0    0    0    0 
    50:    0    0    0    0    0    0    0    0    0    0 
    60:    0    0    0    0    0    0    0    0    0    0 
    70:    0    0    0    0    0    0    0    0    0    0 
    80:    0    0    0    0    0    0    0    0    0    0 
    90:    0    0    0    0    0    0    0    0    0    0 
   100:    0    0    0    0    0    0    0    0    0    0 
   110:    0    0    0    0    0    0    0    0    0    0 
   120:    0    0    0    0    0    0    0    0    0    0 
   130:    0    0    0    0    0    0    0    0    0    0 
   140:    0    0    0    0    0    0    0    1    0    0 
   150:    0    0    0    0    0    0    0    0    0    0 
   160:    0    0    0    0    0    0    0    0   -1    6 
   170:    2    0    0    0    0    0    0    0    0    0 
   180:    0    0    0    0    0    0    0    0    0    0 
   190:    0    0    0    0    0   -1    0    0    0    0 
   200:    0    0    0    0    0    0    0    0    0    0 
   210:    0    0    0    0    0    0    0    0    0    0 
   220:    0   -2    5    3    1    0    3    3    1    3 
   230:    0   -3    1   -2    1   -2   -1    0    0    0 
   240:    0    0    0    0    0    0    0    0    0    0 
   250:    0   -1   -1   -1    0    1    0    0    0    0 
   260:    0    0    0    0    0    0    0    0    0    0 
   270:    3    2    8   -1    3    0   -4    1    6    2 
   280:    0    3   -2   -7   -1   -3   -2    1   -4    3 
   290:    2    1    0    0    0    2   -2    0    1    0 
   300:    0    0    1    1    2    0   -1    0    0    0 
   310:    0    0    0    0    0    0    0    0    0    0 
   320:    0    0    6   -1   -4   -3   -1    4   -3    4 
   330:   -4   12    0    1    1   -1    1    2    4    0 
   340:    2    5    4   -4    3    0    1   -5    7   -1 
   350:    0    0    0    0   -1    1    0    0   -1    0 
   360:    0    0    0    0    0    0    0    0    0    0 
   370:    0    0    0    2    6    3    4    4    2    2 
   380:    3    2    4    3   -1    4   -1    2    4    4 
   390:   -2    2    3   -6   -1   -6    5   -2    0   -4 
   400:    6   -8    3    1    0    0    0    1   -1    0 
   410:   -1    1    0    0    0    0    0    0    0    0 
   420:    0    0    0    0   -1    2   -5   -2    5   -4 
   430:    0   -1    2   -4   -2   -2    0    2   -5    1 
   440:    3   -1    0    2    0    2   -3    4   11   -6 
   450:    1    0    0   -5    2   -3    0    0   -1    0 
   460:   -1    0    0    0    0    0    0    0    0    0 
   470:    0    0    0    0    0    0   -1   -4    4   -3 
   480:   12   -6    8    1    3   -6    2    0  -10   -7 
   490:    3    0    1    4    0   -1    0   -4    0    6 
   500:    8   -6    1    0    5   -3    4    1    1    0 
   510:    1    1   -1    0    0    0    0    0    0    0 
   520:    0    0    0    0    0    0    0   -1    5   -3 
   530:    2   -2    7   -4    7   -7   -2    7   -3    2 
   540:   -3   -1   -5    1    0    7    4   -7    2  -11 
   550:    5    7    1   -9    2   -4    0   -1    0    1 
   560:   -1    0    1    0    0    0    0    0    0    0 
   570:    0    0    0    0    0    0    0    0    0    0 
   580:    4   -5    4   -2    4   -1    5   -1   -6   -5 
   590:   -7   -2    3    5    1   -2    2   15   -5   -6 
   600:   15  -10    0   11  -11  -20   10   -1   -1   -1 
   610:    0    2   -1    0    0    0    0    0    0    0 
   620:    0    0    0    0    0    0    0    0    0    0 
   630:    0   -2   -2    5    2   10    2    3   -1   -8 
   640:    8    1    1  -11    9   -5    4   -4    0   20 
   650:    3   -3    4   13   -7   16   12  -13  -16   -2 
   660:    2    0   -5    2    0    0    0    0    0    0 
   670:    0    0    0    0    0    0    0    0    0    0 
   680:    0    0    0    2   -3   -3   -1    1    0   -3 
   690:    3   -3    4    5    4   -1    2   -8   -3    0 
   700:   -4  -12   -6    4   -2   -1    2   -4   10   18 
   710:   -2  -16   -2    1   -6   -6    1    0    0    0 
   720:    0    0    0    0    0    0    0    0    0    0 
   730:    0    0    0    0    0   -1   -2    5    3   -6 
   740:   -1    2    0    7    6    2   -6    1   -4    8 
   750:    6    5    3    5   13    2   13   -1    5    8 
   760:  -19  -18    7   12   -7    8   -3   -2    0    0 
   770:    0    0    0    0    0    0    0    0    0    0 
   780:    0    0    0    0    0    0    0    1    2   -5 
   790:    5   -1   -5    3    2   11    0   -1    5   12 
   800:    5  -10   -7   -2   -1    1   -5   -6   -3   -4 
   810:    2   13   12   -6   -3   -6   -1   -2   -1    8 
   820:   -1    0    0    0    0    0    0    0    0    0 
   830:    0    0    0    0    0    0    0    0    0   -1 
   840:    2    0    2    7   -1    2   -2   -7    3   -4 
   850:    3  -10  -10    9    3    2   -1   -2   -7    3 
   860:   -3    3    5   -9   -2    8   -1    0   -7  -11 
   870:    8   -8    1    0    0    0    0    0    0    0 
   880:    0    0    0    0    0    0    0    0    0    0 
   890:    0   -1   -3   -1    3    0    3    4   -3   -2 
   900:   -2    0    2  -14    1  -16  -12    0   -3    2 
   910:    4    0   11   15    2   13   -6  -27   -2    6 
   920:   -1   -2    3    3   -1    0    0    0    0    0 
   930:    0    0    0    0    0    0    0    0    0    0 
   940:    0    0    0    0    2    1    0    1    6    6 
   950:    2    1   -2   -6   -8   -1    5   -2   -3   14 
   960:   -5   -1   10  -11   -6  -13   -9  -12    4    8 
   970:   17    2    2   -2   -2    3    1    0    0    0 
   980:    0    0    0    0    0    0    0    0    0    0 
   990:    0    0    0    0    0    0    1    4   -1   -2 
  1000:   -1    0    2  -10   -6   -4   -2   13    0    0 
  1010:    7    2   -3    2    2   -5  -23   -7   21    8 
  1020:   -3    2   10   -6    0    2   -4   -4   -1    0 
  1030:    0    0    0    0    0    0    0    0    0    0 
  1040:    0    0    0    0    0    0    0    0    1   -2 
  1050:    7   -6   -6   -8    0    1   -1    0    0    6 
  1060:   -2    0    0   -1    3   -1    4    0    6   -8 
  1070:    2   -9    0  -10   11   -8    0    1    4   -1 
  1080:    0    0    0    0    0    0    0    0    0    0 
  1090:    0    0    0    0    0    0    0    0    0    0 
  1100:   -3    7    1    0    0   -3   -6    2    1    0 
  1110:    2    2    2    4   -2    0    0    3    1    0 
  1120:    8   -5    0   -2   -2   -2   -3   -2    3    0 
  1130:    7    3    0    0    0    0    0    0    0    0 
  1140:    0    0    0    0    0    0    0    0    0    0 
  1150:    0    0    0   -1   -3    1   10   -8    0   -1 
  1160:   -8    1   -3    0   -3    0    2    5    0   -1 
  1170:   -1    1    1   -7    0   -1    3    1   -1    1 
  1180:    2    0   -3    0    0    0    0    0    0    0 
  1190:    0    0    0    0    0    0    0    0    0    0 
  1200:    0    0    0    0    1    7    0    4    1    2 
  1210:    4   -2    1    3   -1   -2   -5   -2    0   -2 
  1220:    0    0    0   -2   -2   -7    0    1    0   -2 
  1230:    2    3   -3    2    0    1    0    0    0    0 
  1240:    0    0    0    0    0    0    0    0    0    0 
  1250:    0    0    0    0    0    0    0   -3    2   -2 
  1260:    2   -2   -6    1    4    1    2    3   -3   -2 
  1270:   -2   -3    1   -2   -1   -2    1   -3   -3    0 
  1280:    1   -4   -1    2    0    1    0   -5    1    0 
  1290:    0    0    0    0    0    0    0    0    0    0 
  1300:    0    0    0    0    0    0    0    0   -1    1 
  1310:   -4    3   -2   -3   -3   -1    0    2   -1    2 
  1320:   -1   -2   -6   -1   -2   -3   -1   -3    1    0 
  1330:    0    0    0    0    0   -4   -8    1    2    1 
  1340:    0    0    0    0    0    0    0    0    0    0 
  1350:    0    0    0    0    0    0    0    0    0    0 
  1360:    0    4  -10    2    0    1    0   -6    2    0 
  1370:    5   -3    4   -7   -4   -1    1    1    5   -1 
  1380:   -2   -2   -2    0    0   -1    0    1   -4   -2 
  1390:    0   -1    0    0    0    0    0    0    0    0 
  1400:    0    0    0    0    0    0    0    0    0    0 
  1410:    0    0    0   -1    9   -1    1    4    1   -6 
  1420:   -2   -1    3    0    7    7   -3    0    0    2 
  1430:    1   -6   -2   -5   -1    1    0   -3    0    5 
  1440:   -2    6   -2    0    0    0    0    0    0    0 
  1450:    0    0    0    0    0    0    0    0    0    0 
  1460:    0    0    0    0   -1    6   -2    0   -8   -3 
  1470:    0    6   -2   -1    1    0    0    0    1   -5 
  1480:    0    1    0   -2    1    4   -5    1   -1    1 
  1490:   -2    2    4   -2   -1    0    0    0    0    0 
  1500:    0    0    0    0    0    0    0    0    0    0 
  1510:    0    0    0    0    0    0    0   -3    0    0 
  1520:    1    4    0    1    0    1   10    3    0    2 
  1530:    0    1   -1   -1    0    0    0    2   -1    0 
  1540:    0    5   -2   -3    6   -4    4    0    0    0 
  1550:    0    0    0    0    0    0    0    0    0    0 
  1560:    0    0    0    0    0    0    0    0    0    0 
  1570:   -4    5   -2    4    1    0   -3    4   -9   -5 
  1580:   -5   -5   -1    3   -1   -1   -1   -3   -3   -3 
  1590:    2    0    0    0    1    0   -1    0    0    0 
  1600:    0    0    0    0    0    0    0    0    0    0 
  1610:    0    0    0    0    0    0    0    0    0    0 
  1620:    0    0    6   -7   -3   -6    3   -3   -5    8 
  1630:    1    3   -9   -3   -2   -3   -4    0   -2    1 
  1640:   -1   -3    0    0   -2   -3    1    0   -1    1 
  1650:    0    0    0    0    0    0    0    0    0    0 
  1660:    0    0    0    0    0    0    0    0    0    0 
  1670:    0    0    0    1   -6   -2   -3   -2    1   -2 
  1680:   -1   -3    5    2    3    1    9   -6    6    0 
  1690:   -1   -4   -2   -1   -2    2    0   -1   -3   -8 
  1700:    3   -4    1    0    0    0    0    0    0    0 
  1710:    0    0    0    0    0    0    0    0    0    0 
  1720:    0    0    0    0    0    4    4   -7   -2    5 
  1730:   -4    4   -1    0    0   -4   -7    0   -3    2 
  1740:   -3   -3    3    1    0  -12  -12    0   -3    5 
  1750:   -9   -6   -1    0    0    0    0    0    0    0 
  1760:    0    0    0    0    0    0    0    0    0    0 
  1770:    0    0    0    0    0    0    0   -1    5   -1 
  1780:    0    1   -9    1    1   -3    5   -5   -3   -8 
  1790:    7   -4    0    3   -4   -2    1    1   -3   -1 
  1800:    4    0   -6    2    7   -1    0    0    0    0 
  1810:    0    0    0    0    0    0    0    0    0    0 
  1820:    0    0    0    0    0    0    0    0    1   -5 
  1830:   -1    3   -3    0    0   -9    3   -2   -4    4 
  1840:    0   -4    9   -1   -5    4   -1    7    3    7 
  1850:    0   -4    1   -9    2   -1    4    0    0    0 
  1860:    0    0    0    0    0    0    0    0    0    0 
  1870:    0    0    0    0    0    0    0    0    0    0 
  1880:    0    1   12    7   12   -7    5    2   -3   -6 
  1890:    2    4    2   -9   -5    1    1    3    2   -1 
  1900:    7   10   -2    1    8   -1    2    3   -1   -4 
  1910:    0    0    0    0    0    0    0    0    0    0 
  1920:    0    0    0    0    0    0    0    0    0    0 
  1930:    0    0    0   -3  -15    5   -7   -7    4    7 
  1940:    2    0   -4    3   -6  -13    8    2    5    2 
  1950:    1    1    1    2   -1   -5   -4    4   -4   -3 
  1960:    0   -1    0    0    0    0    0    0    0    0 
  1970:    0    0    0    0    0    0    0    0    0    0 
  1980:    0    0    0    0    2    2   -5   -5   -5    0 
  1990:   -7   11    1   -4    2   -3    9    7   -2    0 
  2000:   -2   -4   -3   -2    1    2    4    0    0   -1 
  2010:    0    1    1    1    0    0    0    0    0    0 
  2020:    0    0    0    0    0    0    0    0    0    0 
  2030:    0    0    0    0    0    0    2   -7   -4  -12 
  2040:    7   -3   -1   -2    6    1   -4    0   -6  -12 
  2050:    1   -6    7   -2    1   -1    6    1   -6    0 
  2060:    6    4   -4   -6   -4    0    0    0    0    0 
  2070:    0    0    0    0    0    0    0    0    0    0 
  2080:    0    0    0    0    0    0    0    0    3   -5 
  2090:   -2   -6    0    3    2   -4   -2    0    6    7 
  2100:    4    1   -8   -3    3    0   -3    0   -1    2 
  2110:    6    6    5    5   -3    0   -2    3   -1    0 
  2120:    0    0    0    0    0    0    0    0    0    0 
  2130:    0    0    0    0    0    0    0    0    0   -1 
  2140:    6    0    4    1    0   -3    5    2   -5    0 
  2150:   -2   -2   -1  -14    0   -1    5   -2    2   -3 
  2160:    4    3   -6   -7   -5   -1   -5    1   -2    3 
  2170:    0    0    0    0    0    0    0    0    0    0 
  2180:    0    0    0    0    0    0    0    0    0    0 
  2190:    0    1   -4    5    4   -1    5    0    3   -2 
  2200:   -1    1    1    7    2   -4   -3   13   -2    0 
  2210:   -3    0   -5    0   -1    0   -2    2    3    1 
  2220:   -5    0    0    0    0    0    0    0    0    0 
  2230:    0    0    0    0    0    0    0    0    0    0 
  2240:    0    0    0   -8    3   -5    1    9   -3    3 
  2250:    3    3    1   -5    3   -9   -2   -7   -2   -3 
  2260:   -5    0    5    0    4   -1   -6   -1    6    0 
  2270:    2    1    3   -3    1    0    0    0    0    0 
  2280:    0    0    0    0    0    0    0    0    0    0 
  2290:    0    0    0   -1    0   -1   -6   -1   -3    0 
  2300:    5   -1   -1   -5   -2    2    2    0    1    5 
  2310:    0    2   -2   -2   -4    0    4    0   -1   -1 
  2320:   -1   -4   -2   -1   -7    4    0    0    0    0 
  2330:    0    0    0    0    0    0    1    0   -1   -1 
  2340:   -2    0   -1    3    2    1    1    3    2   -1 
  2350:    0   -2   -3   -5    0    2    3    0   -3    1 
  2360:    0    1   -2    1   -3   -5   -1    1    0    0 
  2370:   -3   -1   -1    1    1    2   -1   -1    0    0 
  2380:    0    0    0    0    0    0    0    0    0   -1 
  2390:    3    1   -2    1   -5    3   -2    1   -2    0 
  2400:    3   -1    3    2    1    2   -4    0    0    2 
  2410:    2   -1   -2    0    0    0    0    0   -1    0 
  2420:    0   -1   -2    1    1    0    0    1    0    0 
  2430:    1    0    1    6   -1    0    1    0    0    1 
  2440:    1   -5    3   -2    3   -3   -3   -1   -1   -1 
  2450:    0   -1   -1   -4    0   -1    3    0   -2    0 
  2460:    1   -1    1   -1    0    1    0    0    0    0 
  2470:    0    0    0    0    1    0    1    0    0   -1 
  2480:   -1    1    0   -1    1    0    0    1    0    0 
  2490:    0    0    0   -2    1   -1 
