     0:    0    0    0    0    0    0    0    0    0    0 
    10:    0    0    0    0    0    0    0    0    0    0 
    20:    0    0    0    0    0    0    0    0    0    0 
    30:    0    0    0    0    0    0    0    0    0    0 
    40:    0    0    0    0    0    0    0    0    0    0 
    50:    0    0    0    0    0    0    0    0    0    0 
    60:    0    0    0    0    0    0    0    0    0    0 
    70:    0    0    0    0    0    0    0    0    0    0 
    80:    0    0    0    0    0    0    0    0    0    0 
    90:    0    0    0    0    0    0    0    0    0    0 
   100:    0    0    0    0    0    0    0    0    0    0 
   110:    0    0    0    0    0    0    0    0    0    0 
   120:    0    0    0    0    0    0    0    0    0    0 
   130:    0    0    0    0    0    0    0    0    0    0 
   140:    0    0    0    0    0    0    0    0    0    0 
   150:    0    0    0    0    0    0    0    0    0    0 
   160:    0    0    0    0    0    0    0    0    1    1 
   170:    1    0    0    0    0    0    0    0    0    0 
   180:    0    0    0    0    0    0    0    0    0    0 
   190:    0    0    0    0    0    0    0    0    0    0 
   200:    0    0    0    0    0    0    0    0    0    0 
   210:    0    0    0    0    0    0    0    0    0    1 
   220:    1   -1   -1   -1    0    0   -1    0    1    2 
   230:    1    1    0    0    0    1    0    0    0    0 
   240:    0    0    0    0    0    0   -1    0    0    0 
   250:   -1    0    0    0    0    0    0    0    0    0 
   260:    0    0    0    0    0    0    0    0    0    0 
   270:   -1    3    2    0    1    0    0    0    2    1 
   280:   -1   -1    1    0    0    0    0   -2    0    0 
   290:    1    0    0    0    0    0    1    0    0    0 
   300:    0    0    0    0    0    0   -1    0    0    0 
   310:    0    0    0    0    0    0    0    0    0    0 
   320:    0    0    0    2    1    0   -3   -1    0   -1 
   330:   -1    1    0    0    0    1    1    0    1   -1 
   340:    0   -1   -1    2   -1   -2   -3   -1    2    0 
   350:    0    0    0    0    0    0    0    0    0    0 
   360:    0    0    0    0    0    0    0    0    0    0 
   370:    0    0    0   -1   -2    0    0    1    0    0 
   380:   -3   -1    1    3    2    0   -2   -1   -1    1 
   390:   -1    0    0    0    0   -1   -1   -2    0    1 
   400:    0   -1    0    0    0    0    0    0    0    0 
   410:    0    0    0    0    0    0    0    0    0    0 
   420:    0    0    0    0    0    0    0    0    0    1 
   430:    0   -3   -3    0    2    3   -2   -2    0    0 
   440:   -1   -1    1    0    0    0    0    0    0    0 
   450:    1    1    0    0    0    1    0    0    0    0 
   460:    0    0    0    0    0    0    0    0    0    0 
   470:    0    0    0    0    0    0    0    1    0    1 
   480:    0    1   -2    0   -1   -2   -2    0   -1    0 
   490:    1   -1    1    2   -2    1    0    1   -1    0 
   500:    0   -1    1    1   -1    0    0    0    0    0 
   510:    0    0    0    0    0    0    0    0    0    0 
   520:    0    0    0    0    0    0    0    0    1    0 
   530:    0    0    1    1    1    2    0    0    1   -1 
   540:   -2    0    0   -1   -1    1   -1   -2    1    0 
   550:   -1   -3    1    1    2   -1   -2    1    0    0 
   560:    0    0    0    0    0    0    0    0    0    0 
   570:    0    0    0    0    0    0    0    0    0   -1 
   580:    0    1    0    0    0    1    0    1    0    1 
   590:   -2    1    2    0   -3    3    2    0   -1   -1 
   600:    0   -2    1    3    0   -2   -2   -1    2    2 
   610:    0    0    0    0    0    0    0    0    0    0 
   620:    0    0    0    0    0    0    0    0    0    0 
   630:    0   -1    1   -1    1   -1    0    2    1    1 
   640:   -1   -3   -1    0    1    0   -4   -1    2    0 
   650:    0   -2    2   -1   -5   -3   -1    0   -1   -1 
   660:    1    0    0    0    0    0    0    0    0    0 
   670:    0    0    0    0    0    0    0    0    0    0 
   680:    0    0    0    1   -2    0    0    1    0   -3 
   690:   -2    0    2    2   -1   -2   -1    0    0   -1 
   700:   -1    1    2   -1   -1    1   -2   -3    2   -1 
   710:    0    0   -1   -2    2    0    0    0    0    0 
   720:    0    0    0    0    0    0    0    0    0    0 
   730:    0    0    0    0    0    1   -1   -1    0    1 
   740:    0   -2    0    1    2    2    1   -1    1    0 
   750:    2   -1    0    0    0    0   -1   -1   -1    0 
   760:    0    0   -1   -3   -1    0   -1    0    0    0 
   770:    0    0    0    0    0    0    0    0    0    0 
   780:    0    0    0    0    0    0    0    0   -1    0 
   790:    1   -2    0    2   -1    0    1    2    1    1 
   800:    0   -1   -2   -1    0   -1    0    0    0   -1 
   810:    0    2    2    2    1   -1    3    3    0   -3 
   820:    0    0    0    0    0    0    0    0    0    0 
   830:    0    0    0    0    0    0    0    0    0    1 
   840:    3    0    1    0   -2    0    1    2    1    0 
   850:    0    0    2    2    1    1    0    0    2    0 
   860:    0    0   -1    1    0    0    0    0    0   -2 
   870:   -2   -1    0    0    0    0    0    0    0    0 
   880:    0    0    0    0    0    0    0    0    0    0 
   890:    0    0    0    0    0   -1   -1   -1    0    0 
   900:   -1   -1   -1    0    1    0   -2    0    2   -1 
   910:   -1    0   -1    0    0    0    1   -2   -1   -2 
   920:   -2    2    2    1    0    0    0    0    0    0 
   930:    0    0    0    0    0    0    0    0    0    0 
   940:    0    0    0    0    2    1    1    0    0    1 
   950:    2    0    1    2   -1    0   -1   -1    0    0 
   960:    2    2    0    0    0    2    0   -2    3    0 
   970:   -3   -3    1    2   -1   -1    0    0    0    0 
   980:    0    0    0    0    0    0    0    0    0    0 
   990:    0    0    0    0    0    0    0    1    0    0 
  1000:    2    3    1    1    2    3    1    0    0   -1 
  1010:    0   -1    1    1    1    2    1   -1    0    0 
  1020:    3    2    0   -1    1    1    0   -1    0    0 
  1030:    0    0    0    0    0    0    0    0    0    0 
  1040:    0    0    0    0    0    0    0    0   -1    0 
  1050:    2    1    1    1    0   -1    1    2   -1   -2 
  1060:   -2   -3   -1    1    0    0    0    2    2    2 
  1070:    0   -1    1   -1    1   -2   -1    3    0   -1 
  1080:    0    0    0    0    0    0    0    0    0    0 
  1090:    0    0    0    0    0    0    0    0    0    0 
  1100:    0    0    0    1    0   -2    0   -1    1   -2 
  1110:   -3   -1    0    0    1    2    1    0   -1   -1 
  1120:   -1    0    2    1    0    0    1    1    0    1 
  1130:    1    0    0    0    0    0    0    0    0    0 
  1140:    0    0    0    0    0    0    0    0    0    0 
  1150:    0    0    0    0    1   -1   -2   -1    1    0 
  1160:   -2   -3   -2    0    0   -1    0    0    0    0 
  1170:    0    0   -1   -2   -1    0    2    2    1   -1 
  1180:   -1   -1   -1    0    0    0    0    0    0    0 
  1190:    0    0    0    0    0    0    0    0    0    0 
  1200:    0    0    0    0   -1    0    0    0    0    1 
  1210:    0    1    0   -1    0    1    0    0    0    0 
  1220:   -1   -1    0    0    1    1   -3   -3    0   -1 
  1230:   -1   -1   -1   -1    0    0    0    0    0    0 
  1240:    0    0    0    0    0    0    0    0    0    0 
  1250:    0    0    0    0    0    0    0    1    0    1 
  1260:    3    1   -3    0    0    0    0    0    0    0 
  1270:   -1    0    1    1    0   -1   -2   -1    0    0 
  1280:    1    1    1    1    1    1    1    0    0    0 
  1290:    0    0    0    0    0    0    0    0    0    0 
  1300:    0    0    0    0    0    0    0    0    0   -1 
  1310:    1   -1    1    2    0    1    0    0    0   -1 
  1320:    1    0    0    0    1    0    0   -1   -2    0 
  1330:    1    1   -1   -1    0   -2   -2   -2   -1    0 
  1340:    0    0    0    0    0    0    0    0    0    0 
  1350:    0    0    0    0    0    0    0    0    0    0 
  1360:    0   -1   -1   -1   -2   -1   -1    2    0   -2 
  1370:    0    0    1    1   -2    0    3    1    0    1 
  1380:    0    0   -1   -1    0   -2    0    0   -1    0 
  1390:    1    0    0    0    0    0    0    0    0    0 
  1400:    0    0    0    0    0    0    0    0    0    0 
  1410:    0    0    0   -1   -2    0    0    1    0   -2 
  1420:   -1    0    0    0    2   -1    0    0    0    1 
  1430:    2    0    0    0    0    0    0    0    1    1 
  1440:    0    0    0    0    0    0    0    0    0    0 
  1450:    0    0    0    0    0    0    0    0    0    0 
  1460:    0    0    0    0    0    2    4    2   -1    1 
  1470:    3    2   -1   -4   -1   -1   -2    0    1    0 
  1480:    0    0    1   -1    1    2    1   -1   -1   -1 
  1490:    0   -1    0    0    0    0    0    0    0    0 
  1500:    0    0    0    0    0    0    0    0    0    0 
  1510:    0    0    0    0    0    0    0    0    1    1 
  1520:    0    0    1    0   -1   -1    1    1    0    0 
  1530:    1    0    1    0    0    0    0    0    0    0 
  1540:    0    0   -1    0    1    0    0    0    0    0 
  1550:    0    0    0    0    0    0    0    0    0    0 
  1560:    0    0    0    0    0    0    0    0    0    1 
  1570:    2    1    0   -1    1    2    0   -1   -1   -1 
  1580:    3    0    0    0    1    1   -1    0    0    0 
  1590:    0    0    0    0    0    0    0    0    0    0 
  1600:    0    0    0    0    0    0    0    0    0    0 
  1610:    0    0    0    0    0    0    0    0    0    0 
  1620:    0    1   -1    1    0   -3    0    4    1    1 
  1630:    0   -2    2    1   -1    0    0    1    0   -2 
  1640:    0    1    0    1    1    1    0   -1    0    0 
  1650:    0    0    0    0    0    0    0    0    0    0 
  1660:    0    0    0    0    0    0    0    0    0    0 
  1670:    0    0    0    0    1    1    1    1   -2    0 
  1680:    4    0    0    1    0    0    1    0    0   -1 
  1690:   -1    0    1    1   -1   -2   -2    0    1   -1 
  1700:   -1    0    0    0    0    0    0    0    0    0 
  1710:    0    0    0    0    0    0    0    0    0    0 
  1720:    0    0    0    0    0   -1    1    4    2    2 
  1730:    1    0    1    1    0    0    1    0    1    2 
  1740:    0    1    3    0   -1    1    0   -1    0    1 
  1750:    1    1    1    0    0    0    0    0    0    0 
  1760:    0    0    0    0    0    0    0    0    0    0 
  1770:    0    0    0    0    0    0    0   -1   -2   -1 
  1780:    0    1    0    0   -1    2    1   -3    0    1 
  1790:    1   -2   -1    2    1   -1   -2   -1    0   -1 
  1800:    1    0   -1    0    0    0    0    0    0    0 
  1810:    0    0    0    0    0    0    0    0    0    0 
  1820:    0    0    0    0    0    0    0    0    0    0 
  1830:   -1   -1    0    0    0   -1    0    2   -1   -4 
  1840:   -1    1    1    0   -1    2   -1    0    0   -1 
  1850:   -1   -1    1    1    0   -1    0    0    0    0 
  1860:    0    0    0    0    0    0    0    0    0    0 
  1870:    0    0    0    0    0    0    0    0    0    0 
  1880:    0    0    0    0   -2    2    1   -1   -1   -1 
  1890:    1    1    1   -1   -3   -2    0    0    0    1 
  1900:    0   -1   -1   -1   -1   -1    0   -1    0    0 
  1910:    0    0    0    0    0    0    0    0    0    0 
  1920:    0    0    0    0    0    0    0    0    0    0 
  1930:    0    0    0   -2    0    3    0    0    1   -1 
  1940:    0    1    1    1   -3    0   -2   -4   -4    1 
  1950:    2    1    0    0    0    1    0    0   -1   -2 
  1960:    0    0    0    0    0    0    0    0    0    0 
  1970:    0    0    0    0    0    0    0    0    0    0 
  1980:    0    0    0    0    1   -1   -1    1    1   -2 
  1990:    0    0   -1    0    2    2    0   -1   -1    0 
  2000:   -2   -2    0    1    3    1   -2   -1    1    0 
  2010:    0   -1    1    0    0    0    0    0    0    0 
  2020:    0    0    0    0    0    0    0    0    0    0 
  2030:    0    0    0    0    0    0    0   -1    1    1 
  2040:    0    0    1   -1   -1   -1   -2    0   -1    1 
  2050:    0   -2   -1    0    0   -2   -1    0   -1    0 
  2060:    1    0   -1    0    0    0    0    0    0    0 
  2070:    0    0    0    0    0    0    0    0    0    0 
  2080:    0    0    0    0    0    0    0    0    0   -2 
  2090:    0   -1   -1   -1    0    2   -1    0    2    3 
  2100:    0    0    0    1    1    1    0   -2    1    0 
  2110:    0    0    0    0    0   -1    1    0    0    0 
  2120:    0    0    0    0    0    0    0    0    0    0 
  2130:    0    0    0    0    0    0    0    0    0    0 
  2140:    1    0    0   -2   -2   -1    1    1    0    0 
  2150:   -1    1    0   -2   -2    1    1    0    1    1 
  2160:    0    0    1   -1    0    3    1    1    1    0 
  2170:    0    0    0    0    0    0    0    0    0    0 
  2180:    0    0    0    0    0    0    0    0    0    0 
  2190:    0   -1   -2    1    1    0    0   -1    0    0 
  2200:    2    0    0    1    0   -1   -2   -2    0    0 
  2210:    1    0    0   -1    0    0    0    1    0    1 
  2220:   -1   -1    0    0    0    0    0    0    0    0 
  2230:    0    0    0    0    0    0    0    0    0    0 
  2240:    0    0    0    0    1   -1   -2   -1   -1    1 
  2250:    2    2    1   -1    0    2    3    0    2   -2 
  2260:   -1    1   -1    1    0    0    0   -1    0    0 
  2270:    1    1    0    0    0    0    0    0    0    0 
  2280:    0    0    0    0    0    0    0    0    0    0 
  2290:    0    1    0    0   -1   -2   -1   -1    0    1 
  2300:    1    0    1    0    0    0    2    1    0   -1 
  2310:   -2   -1   -1    1   -2   -2    0    2    0   -1 
  2320:    0    0    0    0    1    1   -1    0    0    0 
  2330:    0    0    0    0    0    0    0    0    0    0 
  2340:    0   -1    1    2   -2    0   -1    0    0   -1 
  2350:   -1    0    1    1    0    0    0   -1    0    1 
  2360:    1    2    1    0    0    0    1    0   -1    0 
  2370:    0    0    0    0   -1    0    0    0    0    0 
  2380:    0    0    0    0    0    0    0    0   -1    0 
  2390:    2    0    0    0    0    1    0    1    0    0 
  2400:    0    0    0   -1    0    1    1    0    0   -1 
  2410:    0    1    0    0    0    0    0    0    0    0 
  2420:    0    0    0    0    0    0    0    0    0    0 
  2430:    0    0    0    0    0    0    0    0    0    0 
  2440:    0    1    0    0   -1    0    0    0    0    0 
  2450:    0    0    0    2   -1   -1    0    0    1    1 
  2460:    0    0    0    0    0    0    0    0    0    0 
  2470:    0    0    1    0    0    0    1    0    0    0 
  2480:    0    0    0    0    0    0    0    0    0    0 
  2490:    0    0    0    0    0    0 
