     0:    0    0    0    0    0    0    0    0    0    0 
    10:    0    0    0    0    0    0    0    0    0    0 
    20:    0    0    0    0    0    0    0    0    0    0 
    30:    0    0    0    0    0    0    0    0    0    0 
    40:    0    0    0    0    0    0    0    0    0    0 
    50:    0    0    0    0    0    0    0    0    0    0 
    60:    0    0    0    0    0    0    0    0    0    0 
    70:    0    0    0    0    0    0    0    0    0    0 
    80:    0    0    0    0    0    0    0    0    0    0 
    90:    0    0    0    0    0    0    0    0    0    0 
   100:    0    0    0    0    0    0    0    0    0    0 
   110:    0    0    0    0    0    0    0    0    0    0 
   120:    0    0    0    0    0    0    0    0    0    0 
   130:    0    0    0    0    0    0    0    0    0    0 
   140:    0    0    0    0    0    0    0    0    0    0 
   150:    0    0    0    0    0    0    0    0    0    0 
   160:    0    0    0    0    0    0    0    0    0    0 
   170:   -1    0    0    0    0    0    0    0    0    0 
   180:    0    0    0    0    0    0    0    0    0    0 
   190:    0    0    0    0    0    0    0    0    0    1 
   200:    0    0    0    0    0    0    0    0    0    0 
   210:    0    0    0    0    0    0    0    0    0   -1 
   220:   -1    2    1    1    0    0    0    1    2   -1 
   230:    2   -1    0    0    0   -1    0    0    0    0 
   240:    0    0    0    0    0    0    0    0   -2    0 
   250:    0    0    0    0    0    0    0    0    0    0 
   260:    0    0    0    0    0    0    0    0    0    0 
   270:    1    1   -3    3   -6   -3    4    1    1    1 
   280:    0    4    0    1    0    1   -2    3    1    1 
   290:    0    0    0    0    1    0    1    0    0    0 
   300:    0    0    0    0    0   -1    0    0    0    0 
   310:    0    0    0    0    0    0    0    0    0    0 
   320:    0    1   -3    2    0    6   -1    1    3    0 
   330:   -4   -2    0   -2    0    0   -1    1    0   -1 
   340:   -1   -2   -3   -2    2   -2   -1    0    0    0 
   350:   -1    0    0    0   -1    0    1    0    0    0 
   360:    0    0    0    0    0    0    0    0    0    0 
   370:    0    0    0    0    2   -2    0    4   -1    0 
   380:   -3   -3    0   -3    1    1   -1    1    2   -1 
   390:    0    0   -1    4   -1    2   -3    4    5   -1 
   400:    0   -3    1   -1    0    0   -1    0    0    0 
   410:    0    0    0    0    0    0    0    0    0    0 
   420:    0    0    0    0   -1    1    0    0    1    0 
   430:   -1    0   -4    0   -2    0   -2   -1    3   -1 
   440:    0    0    1   -1    5   -8    3   -3   -2    2 
   450:   -3    1   -1    1   -1    0    0    0    0    0 
   460:    0    0    0    0    0    0    0    0    0    0 
   470:    0    0    0    0    0    0    1    1   -1   -2 
   480:   -1   -4   -1    3    0    2    1    0   -1    3 
   490:   -4   -3    1    4   -2   -2   -1   11   -1   -2 
   500:    1    1    0    0    0    0   -1    0    0    0 
   510:    1    0    0    0    0    0    0    0    0    0 
   520:    0    0    0    0    0    0    0    0   -3    0 
   530:   -3    0    2    0    3    0    0   -1    0    1 
   540:   -4   -2   -1    1    3   -4   -7    1    2   -1 
   550:    0    3    1    1   -1   -4   -1    3   -1    0 
   560:    0    0   -1    0    0    0    0    0    0    0 
   570:    0    0    0    0    0    0    0    0    0    0 
   580:    1    1   -1    0   -3   -1   -2    0    0    0 
   590:    0   -1    1    2    1    1   -1    2    7    1 
   600:    2    0    1    2   -4   -1   -2    2    5   -5 
   610:    2    0    0    0    0    0    0    0    0    0 
   620:    0    0    0    0    0    0    0    0    0    0 
   630:    0    1    0    2    1   -1    1   -2    0    0 
   640:   -2    2    2   -1    0   -2    1   -2    1    1 
   650:   -1    0    1    0   -2    0    0   -3    0   -3 
   660:   -4    1   -1    0    0    0    0    0    0    0 
   670:    0    0    0    0    0    0    0    0    0    0 
   680:    0    0    0    0    0    0   -3    0   -1    0 
   690:   -1   -1    0    1    1   -2    1   -4    0    1 
   700:    1   -4    0   -1    1    0    0   -1   -1    2 
   710:    1    0    0    0   -1   -1    0    0    0    0 
   720:    0    0    0    0    0    0    0    0    0    0 
   730:    0    0    0    0    0    0    0    1    2    0 
   740:    1    0    1   -1   -1   -4    0    0    0    2 
   750:    0   -1    0    1    2    0    0    0    0    2 
   760:    0   -3    0    1   -3    1   -2    3    0    0 
   770:    0    0    0    0    0    0    0    0    0    0 
   780:    0    0    0    0    0    0    0   -1    2   -1 
   790:    0    1   -1    1    0   -1    1    2   -1    0 
   800:    1   -1    0   -2    1    0   -1    0    0    3 
   810:    0    0    0    5    1   -1    3   -2    2   -2 
   820:    0    0    0    0    0    0    0    0    0    0 
   830:    0    0    0    0    0    0    0    0    0    0 
   840:   -1   -3    2   -3    0    0   -2    2    0    1 
   850:    3   -2   -3    0    3   -1    0    1    0    0 
   860:   -1   -1   -1   -1   -1    0   -2    0    1    1 
   870:   -1    0    0    0    0    0    0    0    0    0 
   880:    0    0    0    0    0    0    0    0    0    0 
   890:    0   -1    2   -1    0    1   -1    0    2    1 
   900:    0   -4   -5    1    2    1    2    1   -2    2 
   910:    0   -2    1    1    1    3    0   -1    0    0 
   920:   -1    0    1    0    0    0    0    0    0    0 
   930:    0    0    0    0    0    0    0    0    0    0 
   940:    0    0    0    0    0    1   -3    2   -1    2 
   950:   -2    0    0    4    2   -1   -3   -2    1   -2 
   960:    0    1    0    0   -2    0   -1   -1    0    0 
   970:   -1   -6    4   -6   -1   -1    0    0    0    0 
   980:    0    0    0    0    0    0    0    0    0    0 
   990:    0    0    0    0    0    0   -1    0    1   -2 
  1000:    0   -3    2    0    4   -2    1   -3    5   -4 
  1010:   -1    1   -1   -2    0    1    4    0    2    3 
  1020:   -2   -2    0    1    2   -2    3   -1    0    0 
  1030:    0    0    0    0    0    0    0    0    0    0 
  1040:    0    0    0    0    0    0    0    0    0   -2 
  1050:   -5   -1    0    0    1    3    2   -1    2   -2 
  1060:    2   -1   -1   -1    3    0    0   -2   -1    1 
  1070:   -5   -2    0    0    3    1    1   -1   -1    2 
  1080:    0    0    0    0    0    0    0    0    0    0 
  1090:    0    0    0    0    0    0    0    0    0    0 
  1100:    0    0    0   -1   -1    0    0    4    1   -1 
  1110:    3   -1   -1    2    1    1    0    0   -3    1 
  1120:   -2   -1    3    3    0   -1   -3   -3    3   -3 
  1130:    0    1    0    0    0    0    0    0    0    0 
  1140:    0    0    0    0    0    0    0    0    0    0 
  1150:    0    0   -1   -1   -5    0   -1    0   -1    1 
  1160:   -1    2   -1   -2    2   -1    0   -1    2   -1 
  1170:    0    1    0    3   -4    0   -2    0   -2    0 
  1180:    2    4   -2   -1    0    0    0    0    0    0 
  1190:    0    0    0    0    0    0    0    0    0    0 
  1200:    0    0    0    0    0    1    2   -2    3    0 
  1210:    0    1    1   -1    1   -2    0    2    0    0 
  1220:   -1    0    1    0    2   -2    3    0    1   -3 
  1230:    0   -3   -1    0    0    1    0    0    0    0 
  1240:    0    0    0    0    0    0    0    0    0    0 
  1250:    0    0    0    0    0    0    0   -3   -1   -1 
  1260:    0   -1    0    0    1   -4    1   -2    0   -3 
  1270:   -1    0    0    1    0    1    4    3   -2   -1 
  1280:    0    2    2    3    1    0   -1    0    0    0 
  1290:    0    0    0    0    0    0    0    0    0    0 
  1300:    0    0    0    0    0    0    0    0    0   -4 
  1310:   -3    0    2   -2    1    2    0    2    0    0 
  1320:   -1    1   -2    1   -1    1    0    0   -1   -2 
  1330:    0    0    2    0    0    1    0    0   -2   -1 
  1340:    0    0    0    0    0    0    0    0    0    0 
  1350:    0    0    0    0    0    0    0    0    0    0 
  1360:    0    3    0   -1    0   -1    1    1    1   -2 
  1370:   -1    1    0    3   -1   -4    1    1    0    1 
  1380:    0    1   -1   -1    1   -1   -1    1    1   -1 
  1390:    3    1    0    0    0    0    0    0    0    0 
  1400:    0    0    0    0    0    0    0    0    0    0 
  1410:    0    0    0    0    1    0    0    0    4   -5 
  1420:   -2    0    2   -1    1   -4    2   -2    0    0 
  1430:    0    1   -1   -1   -1   -1    0    0   -1    2 
  1440:    0    1   -4    0    0    0    0    0    0    0 
  1450:    0    0    0    0    0    0    0    0    0    0 
  1460:    0    0    0    0    0   -1   -1    0    0   -1 
  1470:   -3   -1    3    1   -1    2   -1    1   -2   -2 
  1480:    0    0   -1    0    2    2    1    1   -1   -3 
  1490:    0   -2    2    0    2    0    0    0    0    0 
  1500:    0    0    0    0    0    0    0    0    0    0 
  1510:    0    0    0    0    0    0    0    0    1   -3 
  1520:    4    0    2   -2   -1   -1    1    1    3    0 
  1530:    0    0    0    0    0    0   -1    2   -1   -4 
  1540:   -1    0   -1    1   -2    0   -2    0    0    0 
  1550:    0    0    0    0    0    0    0    0    0    0 
  1560:    0    0    0    0    0    0    0    0    0    0 
  1570:   -1    1    2    3    2    0    1    1   -2    3 
  1580:   -5    1    0   -1   -1    0    0   -1    0   -1 
  1590:    1    1    0    1    1    0    1    0    0    0 
  1600:    0    0    0    0    0    0    0    0    0    0 
  1610:    0    0    0    0    0    0    0    0    0    0 
  1620:    0    0   -2   -2   -3   -1    1    3    1    0 
  1630:    2   -3    2   -1   -3    0   -1    1    0   -3 
  1640:   -1    2   -1    0    0   -1    0    0    0    0 
  1650:    0    0    0    0    0    0    0    0    0    0 
  1660:    0    0    0    0    0    0    0    0    0    0 
  1670:    0    0    0    0   -1   -3    1    0    0    4 
  1680:   -2    5   -1    2   -3   -1    2    5    0   -3 
  1690:    1    2    0    1    3    0   -1    0    1   -2 
  1700:    2   -2    0    0    0    0    0    0    0    0 
  1710:    0    0    0    0    0    0    0    0    0    0 
  1720:    0    0    0    0    0    0    0   -1   -4   -1 
  1730:   -2   -2   -1   -2    0   -2    0    3   -2    0 
  1740:   -2   -1    3   -1    2   -2   -1    1    0    2 
  1750:   -2   -2    1    0    0    0    0    0    0    0 
  1760:    0    0    0    0    0    0    0    0    0    0 
  1770:    0    0    0    0    0    0    0   -1    0    4 
  1780:    3    4    0    0    0    0   -1    2   -2    1 
  1790:   -1    1   -1    0    2    1   -4    1    1   -2 
  1800:    0    0    1    3   -1    0    0    0    0    0 
  1810:    0    0    0    0    0    0    0    0    0    0 
  1820:    0    0    0    0    0    0    0    0    0    0 
  1830:   -5    0   -1   -1    0    3   -1    3   -2   -3 
  1840:    0    1    1   -1    2    3    0   -1    0    0 
  1850:   -1   -1    0    3   -1   -1    0    1    0    0 
  1860:    0    0    0    0    0    0    0    0    0    0 
  1870:    0    0    0    0    0    0    0    0    0    0 
  1880:    0    0   -1    0   -3   -2   -3   -1    1   -1 
  1890:    4    0    1    1    4    0    4   -2    1   -5 
  1900:   -1   -3   -3    2    1    0   -1   -1    1    1 
  1910:    0    0    0    0    0    0    0    0    0    0 
  1920:    0    0    0    0    0    0    0    0    0    0 
  1930:    0    0    0   -1   -2   -1    3   -4    4    1 
  1940:   -2    1   -2    0   -1   -4    1    1    0   -2 
  1950:    1    2    1    3   -2   -1   -2    0   -1    0 
  1960:    0    0    0    0    0    0    0    0    0    0 
  1970:    0    0    0    0    0    0    0    0    0    0 
  1980:    0    0    0    0    0    2    1    0   -4   -1 
  1990:    1    1    1   -2   -1   -4    4    0   -6    0 
  2000:    5   -1    0   -1    1    1   -3    2   -2    2 
  2010:    0    1   -1    0    0    0    0    0    0    0 
  2020:    0    0    0    0    0    0    0    0    0    0 
  2030:    0    0    0    0    0    0    0    0   -2   -1 
  2040:    0    2    1    1    3    4    0    2    0   -1 
  2050:    2    1   -2    4    3    0   -1    1    0   -1 
  2060:    1   -2   -2    2   -2   -1    0    0    0    0 
  2070:    0    0    0    0    0    0    0    0    0    0 
  2080:    0    0    0    0    0    0    0    0    0    1 
  2090:    0    2    4   -1   -5    0    1   -2    0    1 
  2100:    0    2    0   -3    2   -1   -3   -3    3   -2 
  2110:   -2    2    0   -2   -1    0    3    0    0    0 
  2120:    0    0    0    0    0    0    0    0    0    0 
  2130:    0    0    0    0    0    0    0    0    0    0 
  2140:    1    2    0   -2    0    3    0    0   -1    1 
  2150:    0   -5    1   -1    0    1    0    0   -1   -2 
  2160:    0    0   -1   -2    3   -3   -2   -1    0   -1 
  2170:    0    0    0    0    0    0    0    0    0    0 
  2180:    0    0    0    0    0    0    0    0    0    0 
  2190:    0    0    0   -1    1    0    2    1    1    0 
  2200:    0   -2    1    1   -2    1    1   -1   -1    0 
  2210:    0    1    0    0    2   -4   -2    0    0    3 
  2220:    0    2    0    0    0    0    0    0    0    0 
  2230:    0    0    0    0    0    0    0    0    0    0 
  2240:    0    0    0    2    2    3    2    0   -1   -1 
  2250:   -2    0   -2    2    1    3    1   -1    1   -1 
  2260:    1   -1    2    5    0    0   -1    0    4    2 
  2270:    2    0    0    0    0    0    0    0    0    0 
  2280:    0    0    0    0    0    0    0    0    0    0 
  2290:    0    0    0    1   -1    0   -2   -3    3    0 
  2300:    1    0    2    0    0   -3    0    1    0    2 
  2310:   -1   -2   -4    0   -2    2   -1    2    0    0 
  2320:    1    2   -1    1    3    3    0    0    0    0 
  2330:    0    0    0    0    0    0    0    0    0    0 
  2340:    2    0    0    0    0    0    1    0    1    0 
  2350:    1    2    1    0    0    5   -1    1    2    0 
  2360:   -2   -3   -1    0   -1    0   -2   -2   -1    0 
  2370:   -2    1    0    0    0    1    0    0    1    0 
  2380:    0    0    0    0    0    0    0    0    0    0 
  2390:    1    0    1    0    0    0    0    1   -2    0 
  2400:   -3   -2    0   -1    0   -1    0   -1    0    2 
  2410:   -1    1    1    0    1    0    0    0    0    0 
  2420:    0    0    1    0    0    1    0    0    0    1 
  2430:    0    0    0   -1    0    0    0    0    0    0 
  2440:    0    0   -1    0   -3    0    1    0    0   -1 
  2450:   -1    0    0    2   -2    0    0   -1    1    0 
  2460:    1    1    0    0    0    0    0    0    0   -1 
  2470:    0   -1    0    0   -1    0    0    0    0    0 
  2480:    1    0    0    0    0    0    0    0    0    0 
  2490:    0    0    0    1    0    0 
