     0:    0    0    0    0    0    0    0    0    0    0 
    10:    0    0    0    0    0    0    0    0    0    1 
    20:    0    0    0    0    0   -1    0    0    0    1 
    30:    0    0    1    0    0    0    0    0    0    0 
    40:    0    0    0    0    0    0    0    0    0    0 
    50:    0    1    0    0    0    0    0    0    0    0 
    60:    0    0    0    0    0    0    0    0    0    0 
    70:    0    0    0    0    0    0    0    0    0    0 
    80:    0    0    0    0    0    0    0    0    0    0 
    90:    0    0    0    0    0    0    0    0    0    0 
   100:    0    0    0    0    0    0    0    0    0    0 
   110:    0    0    0    0    0    0    0    0    0    0 
   120:    0    0    0    0    0    0    0    0    0    0 
   130:    0    0    0    0    0    0    0    0    0    0 
   140:    0    0    0    0    0    0    1    0    0    0 
   150:    0    0    0    0    0    0    0    0    0    0 
   160:    0    0    0    0    0    0    0    1    3    0 
   170:   -1    0    0    0   -1    0    0    0    0    0 
   180:    0    0    0    0    0    0    0    0    0    0 
   190:    0    0    0    0    0    1    1   -1    1    0 
   200:   -1    0    0    0    0    0    0    0    0    0 
   210:    0    0    0    0    0    0    0    0    0   -1 
   220:   -4    3    1    0    3   -1    0   -1    0    1 
   230:   -4    0   -2   -1    0    2    1    0    0    0 
   240:    0    0    0    0   -1    0   -2    3    3    2 
   250:    0   -1    6    2    0    1    0    0    0    0 
   260:    0    0    0    0    0    0    0    0    0    0 
   270:   -1    1    5    3   -2    0   -8    0  -11    7 
   280:    7    4    5    0    5    4    1  -13   -5   -3 
   290:    0   -3    0    0   -2    1    2    0   -3    0 
   300:   -1    0    1    0   -2    0    0    0    0    0 
   310:    0    0    0    0    0    0    0    0    0    0 
   320:    0    1   -1    1   -3   -1   -1   -1    3    1 
   330:    7  -12  -10    3   -3    1   -2   -2    8   13 
   340:   14    2    0   11   -1   -1    0   -3   -6   -1 
   350:    1    0    0   -1    0   -1    1    0    0    0 
   360:    0    0    0    0    0    0    0    0    0    0 
   370:    0    0    0   -1    4   -3    6   -2   -4    4 
   380:   -5    2   -4   -2  -16   -5   10    0  -14  -11 
   390:  -11   23    4    7    9  -13    7    0    2   -1 
   400:   -2    1    1    2    0    0    0    1   -1    0 
   410:   -1    0    0    0    0    0    0    0    0    0 
   420:    0    0    0    0   -1    2   -5    3   -3    3 
   430:    0    0   -7   -4    0   -5    3   15    9    1 
   440:  -11  -26   17    6  -19    1  -10   11   -4   -1 
   450:    0   -2   -1    2    0    1    0    0    0    0 
   460:    2    0    0   -1    0    0    0    0    0    0 
   470:    0    0    0    0    0   -1    5   -6   -3   -4 
   480:    6   -2    7    3    8    1    0    0    0  -14 
   490:   -8    0   14   13   -5   -6    6    7    3   -1 
   500:    0   -2   -6    4    3    2    0    0    0    0 
   510:    2    0    0   -1    0    0    0    0    0    0 
   520:    0    0    0    0    0    0    0    1   -1    4 
   530:    0    4   -3    1   -2   -5    3   -4   -1   -2 
   540:   -5    5    2    0   -7  -11    0   -2   -2   -1 
   550:    2   -1   -1   -1    2    0   -1    1   -1    3 
   560:    3   -2    1    0    0    0    0    0    0    0 
   570:    0    0    0    0    0    0    0    0    0   -1 
   580:    0    1   -4    0    4    0    1   -3    1   -2 
   590:    2    7    2    1   -7    0    6    0   -2    4 
   600:   -1    4    0    1    0    0    0   -1    3   -4 
   610:    0    0    0   -1    0    0    0    0    0    0 
   620:    0    0    0    0    0    0    0    0    0    0 
   630:    0    0   -4   -5    1    1    0   -5    0    6 
   640:   -4   -2   -2   -2    0   -4    8    3   -2    0 
   650:   -2   -5    0    1    0   -4    2   -2   -1   -5 
   660:   -2    1    3    0    0    0    0    0    0    0 
   670:    0    0    0    0    0    0    0    0    0    0 
   680:    0    0    0   -1    4    4    1    2    1    3 
   690:    0   -3    2    6    2   -3    0    2    0    0 
   700:    2    1    2    4    0   -4    3    3    0    0 
   710:   -1    3    0    3   -2    0    0    0    0    0 
   720:    0    0    0    0    0    0    0    0    0    0 
   730:    0    0    0    0    0    3    1   -3   -2    1 
   740:    0   -2    2   -2   -1   -1    0    1   -3   -7 
   750:    1    1   -1    3   -1   -3    1    0    1    0 
   760:    1    1   -2    2   10   -7    2    1    0    0 
   770:    0    0    0    0    0    0    0    0    0    0 
   780:    0    0    0    0    0    0    0   -3    2    1 
   790:   -1   -4   -1    0    0    1    3    6    0    1 
   800:   -2    1    0   -1   -1    3    5    0   -2   -2 
   810:   -2    1    0   -1    0    2   -3    4   -1    0 
   820:    0    0    0    0    0    0    0    0    0    0 
   830:    0    0    0    0    0    0    0    0    0    2 
   840:   -2    1    2   -2    1    2    0   -2   -2    0 
   850:   -5    1    0    2    2    1   -1    0   -1    0 
   860:    2    2    2   -2   -4   -1    1   -2    4   -3 
   870:    5   -3    0    0    0    0    0    0    0    0 
   880:    0    0    0    0    0    0    0    0    0    0 
   890:    0   -5    1    1   -1   -7    1   -4   -1    6 
   900:    3    3    7   -2   -3    7   -1    1    1   -1 
   910:    1   -2   -1    0   -3   -1    1    0   -2    1 
   920:   -1    2   -2    0    0    0    0    0    0    0 
   930:    0    0    0    0    0    0    0    0    0    0 
   940:    0    0    0    0    1    1    1    5   -2    1 
   950:   -1   -4   -1    1   -3    1    3   -3    1    3 
   960:    1   -4   -1    0    1   -2    2    0   -1   -1 
   970:    0    3    0   -1    2   -2    0    0    0    0 
   980:    0    0    0    0    0    0    0    0    0    0 
   990:    0    0    0    0    0    2    3    2    2   -1 
  1000:    5    0   -4    2    1   -2    1   -5   -4    1 
  1010:   -5   -2    0   -6    0    0   -2    0    2    3 
  1020:    6    2   -1   -3    2   -3    7    4    0    0 
  1030:    0    0    0    0    0    0    0    0    0    0 
  1040:    0    0    0    0    0    0    0    0   -4   -3 
  1050:    0    4    2    1   -2    3    3   -5   -3    2 
  1060:   -1    4    2    3    7    2   -5   -3    3    1 
  1070:    0   -5   -3   -6    2   -6   -4    5   -1   -5 
  1080:    0    0    0    0    0    0    0    0    0    0 
  1090:    0    0    0    0    0    0    0    0    0    0 
  1100:    2    7   -6    0    0    1    1    3  -10    4 
  1110:    4    1    3  -11   -8   -2   -2    0    6   -5 
  1120:   -1    5    4    6    3    2   -1    9   -1   -2 
  1130:   13    4   -1    0    0    0    0    0    0    0 
  1140:    0    0    0    0    0    0    0    0    0    0 
  1150:    0    0   -3    1    5    1   -5   -4   -2    1 
  1160:    7    1   -5  -10   -4    5    6    0   -1   -2 
  1170:    0   15    5   -9   -7   -6    5    3   11  -14 
  1180:   -3   -2  -13   -7    0    0    0    0    0    0 
  1190:    0    0    0    0    0    0    0    0    0    0 
  1200:    0    0    0    0   -3   -9    6    4   -2   -2 
  1210:   -1    2   -2    2   -5    8    0   -3   -2    0 
  1220:   -1    0   -2   -7  -12   17    3   -7  -22  -11 
  1230:  -15    3    9    3    9    2    0    0    0    0 
  1240:    0    0    0    0    0    0    0    0    0    0 
  1250:    0    0    0    0    0    0    2   14   -1    0 
  1260:   -2  -16    2    0   -8   -2   -5   -2    4    0 
  1270:   -2   -1   -3   -1    1    9    1  -14   -2    9 
  1280:   34   15   10   -2   -3   -2   -5   -1    0    0 
  1290:    0    0    0    0    0    0    0    0    0    0 
  1300:    0    0    0    0    0    0    0    0   -6   -5 
  1310:    0    0   -6   -4   -1    3    3    0    4    2 
  1320:    4    1    6   -1   -2   -2   -4  -10    5    9 
  1330:   -5   -7  -27  -29  -13  -14   -9   -9   -8    1 
  1340:    0    0    0    0    0    0    0    0    0    0 
  1350:    0    0    0    0    0    0    0    0    0    0 
  1360:   -1    2   -7   -2    1   -5    2    1   -3   -8 
  1370:   -9   -1    3    0    3   -2    0    0    1    5 
  1380:   -6  -12   -2    5   15   16    6   -3   -9   18 
  1390:   14    2    0    0    0    0    0    0    0    0 
  1400:    0    0    0    0    0    0    0    0    0    0 
  1410:    0    0   -1   -1   10    1    3    2    7    3 
  1420:    2    2    4    5   -1    0   -2    1   -3   -6 
  1430:    7   -2    2    0    5    3   -8    1   -5    8 
  1440:    8  -11   -2   -1    0    0    0    0    0    0 
  1450:    0    0    0    0    0    0    0    0    0    0 
  1460:    0    0    0    0    0    1   -4    1    4    4 
  1470:  -11    1    0   -2    0   -1    3    7   -3   -1 
  1480:    0    4    2    4    3    0   -3   -5    0   -3 
  1490:    1    9    5    5    0    0    0    0    0    0 
  1500:    0    0    0    0    0    0    0    0    0    0 
  1510:    0    0    0    0    0    0    1   -8    2   -5 
  1520:   -1    1    7   -2   -3    0    8    1   -1   -5 
  1530:    1    2    0   -2    0    0   -1   -1   -2    0 
  1540:    0    6    2  -11   -4  -13    0    0    0    0 
  1550:    0    0    0    0    0   -1    0    0    0    0 
  1560:    0    0    0    0    0    0    0    0    0    3 
  1570:   -3   -3   -3   -6  -10    5    1   -2   -1   -4 
  1580:    3    3    0   -5    0    3   -1    2    0    2 
  1590:    1    0    1    0    1   -1    2    2    1    0 
  1600:    0    0    0    0    0    0    0    0    0    0 
  1610:    0    0    0    0    0    0    0    0    0    0 
  1620:    0   -1    6    3   -4    4    7   -3   -8   -1 
  1630:    8    6    0    8   -3   -1    3   -1    2   -2 
  1640:   -3    0   -2    0   -1    2    0    0    0   -1 
  1650:    0    0    0    0    0    0    0    0    0    0 
  1660:    0    0    0    0    0    0    0    0    0    0 
  1670:    0    0    0    3    5    0    4   -3  -13   -2 
  1680:    5   -3   -9   -5    3    6   -3   -1    9    0 
  1690:    2    1   -7    9    2    0   -6  -10   -1   -3 
  1700:    0    2    0    0    0    0    0    0    0    0 
  1710:    0    0    0    0    0    0    0    0    0    0 
  1720:    0    0    0    0    0    6   -5   -1    7    0 
  1730:    2   -1   -4    3    8    3    7    6    0    8 
  1740:    9    2   -1   -6    1   -3   -3    1    0    4 
  1750:    0   -1   -5   -5    0    0    0    0    0    0 
  1760:    0    0    0    0    0    0    0    0    0    0 
  1770:    0    0    0    0    0    0    1    1    5    0 
  1780:   -7   -3    0    6    2   -6    1   -2   -5    1 
  1790:    2   -4   -1    0    2    0    3   -1    1   -2 
  1800:    0    4    1   -1    4    5    0    0    0    0 
  1810:    0    0    0    0    0    0    0    0    0    0 
  1820:    0    0    0    0    0    0    0    0    0   -9 
  1830:    0   -3   -1    3    1   -4    5   -3   -7   -3 
  1840:    3    4    7    9    2    3   -4   -8   -3   -1 
  1850:   -4   -2    2   -1   -2    0    1   -1    0    0 
  1860:    0    0    0    0    0    0    0    0    0    0 
  1870:    0    0    0    0    0    0    0    0    0    0 
  1880:    0    4    5   -7    6   -4   -4    1   -2    4 
  1890:    2    4    1   -8   -2   10   -9   -1    2    1 
  1900:   -4   -4    1    2   -5    1   -1   -3    2    3 
  1910:    0    0    0    0    0    0    0    0    0    0 
  1920:    0    0    0    0    0    0    0    0    0    0 
  1930:    0    0    0   -7   -8   -1   -6    7    0    0 
  1940:    6    6    2   -5   -2    5    9    7    9   15 
  1950:    2    7    0    5    0    6   -4   -9   -8   -2 
  1960:    0   -1    0    0    0    0    0    0    0    0 
  1970:    0    0    0    0    0    0    0    0    0    0 
  1980:    0    0    0    0    1    5    1    4    2   -2 
  1990:    3    3   -1    0   -3   -2   -9   -1    9   -5 
  2000:   -4  -15   -1   -1    3   -5    0  -16    6   12 
  2010:    8   -1   -1    1    0    0    0    0    0    0 
  2020:    0    0    0    0    0    0    0    0    0    0 
  2030:    0    0    0    0    0    0    2   -5    4   -6 
  2040:    2    4    3    7   -3   -2    0   -2   -2    7 
  2050:   -9   -1    7   19    5   -5    2    3    1   10 
  2060:    2   -1    0    0   -2   -1    0    0    0    0 
  2070:    0    0    0    0    0    0    0    0    0    0 
  2080:    0    0    0    0    0    0    0    0    1    4 
  2090:   -3   11    3    5    4   -2    2   -1    0    0 
  2100:   -6   -6    8    9    1  -12  -12    7    3   -4 
  2110:    5   -3   -3   -5    0    1   -2    2    0    0 
  2120:    0    0    0    0    0    0    0    0    0    0 
  2130:    0    0    0    0    0    0    0    0    0   -3 
  2140:    3    2   -1   -7    1    2   -2    1    0   -2 
  2150:    0    2   -2    9   -2   -2   -6  -18  -13    8 
  2160:   13   25    9   -2   -5    0   -2    1   -2   -1 
  2170:    0    0    0    0    0    0    0    0    0    0 
  2180:    0    0    0    0    0    0    0    0    0    0 
  2190:    0    3    4   -1   -2    6    2    5   -4   -3 
  2200:    1   -2   -1    0    3    6   -4    0    0    3 
  2210:   -8   -7  -12   -7    1    6    0   -1    2   -5 
  2220:    5    0    0    0    0    0    0    0    0    0 
  2230:    0    0    0    0    0    0    0    0    0    0 
  2240:    0    0   -2  -10    2    7    0    4    3    2 
  2250:    4   -2    2    0    0   -3   -3   -3   -2    7 
  2260:   -2    0    6   -6  -16  -13   -8    0    8    2 
  2270:   -4    4    0   -1    1    0    0    0    0    0 
  2280:    0    0    0    0    0    0    0    0    0    0 
  2290:    1   -1    2    0    5    2   -3    1   -1    0 
  2300:   -2   -6    1    4   -5   -3    4   -1    4    5 
  2310:    1    4    2    3   -3   -5    0   -4   -7   -1 
  2320:    3   -9    2    2    6    3   -3    0    0    0 
  2330:    0    0    0    0    0    0    1    1    0    0 
  2340:    2    0   -1    0    0   -4   -6   -1    0    0 
  2350:   -3   -2    5   -2    0   -1    3    3    3    3 
  2360:    0   -2   -5   -6    3    4   -3    4    7    3 
  2370:    0    5    2    6    0    4    0   -2    0    0 
  2380:    0    0    0    0    0    0    0    0    0    0 
  2390:    1    0    0    1    6   -2    3    1    3   -4 
  2400:   -2    2    0    4   -1    2    0    0    0   -2 
  2410:    0    0    0    0    1    1   -1   -1    0    0 
  2420:   -1   -1    1   -1   -2   -1   -1   -1    1    3 
  2430:    0   -1    1    0    1    0    0    0    0    2 
  2440:    3    1    1   -2    2   -1   -1   -1   -1    0 
  2450:   -2    0   -2    1   -2   -2    0   -1   -1   -1 
  2460:    3    1   -1    0    0    0    0    0    1    0 
  2470:   -1    1   -2    1    0    0   -1    1    1    0 
  2480:    0   -1    0    0   -1   -1    1    0    0    0 
  2490:    0    0    0    1    1    1 
