     0:    0    0    0    0    0    0    0    0    1    0 
    10:    0    1    1   -1   -1    0    0    0    0    0 
    20:    0    0    0    0    0    0    0    0    0    0 
    30:    0    0    0    0    0    0    0    0    0    0 
    40:    0    0    0    0   -1    0    0   -3    4   -2 
    50:    0   -1    0   -1    2   -1    0    0    0    0 
    60:    0    0    0    0    0    0    0    0    0    0 
    70:    0    0    0    0    0    0    0    0    0    0 
    80:    1    2   -1    0   -3   -7   -1   -2   -1    1 
    90:    0   -1    2    2    1    0    0    0    0    0 
   100:    0   -1   -1    0    0   -2    0    0    0    0 
   110:    0    0    0    0    0    0    0    1    2    4 
   120:    5    5    5    2   -2    0   -3    2    1   -4 
   130:    1   -3    3    1   -1   -2   -2   -1    1    1 
   140:   -1    1    0    0    0    0    0    0    0    0 
   150:    0    0    0    2    2    2   -1   -2    1    3 
   160:    5    4   -1    1    0    0    0   -6    3    0 
   170:   -5   -2    0    0    2    1    0    1    0    1 
   180:    0    0    0    0    0    0    0    0    1    0 
   190:   -2    0    0    0    2    2    0   -2   -1    4 
   200:    5   -2    0    1    0    3   -2   -1   -1    0 
   210:    0   -1    0    1    1    0    0    1    0    0 
   220:    0    0    0    0    0    1    0    0    0   -1 
   230:    0   -1   -3   -4   -3   -2   -4    0    2    0 
   240:   -5    2    1   -1   -1    0    0   -1    0    0 
   250:    1    0    0    0   -2   -1    0    0    0    0 
   260:    0    0    0   -1   -1    1    0    0    0   -2 
   270:    2    3    1    0   -1    0    2    2    4    1 
   280:    0    0   -1    0    0    0    0   -1   -2   -3 
   290:   -1    1    1    0    0    0    0    0    0    0 
   300:   -1    0   -1   -3    0   -1    0    2    0   -1 
   310:    0    2    0    1    4   -3    0    0   -1    0 
   320:   -2    1    2    3    0    0    0   -2   -2   -1 
   330:   -1    0    0    0    0    0    1    0    0    1 
   340:    2    0    0    2    0    0    1    0   -4    0 
   350:   -2   -2   -1    1    0    0    0    0    0    0 
   360:    0   -1   -2    0   -1    1   -1    1    0    0 
   370:    0    1    1   -1    1    0    0    0    0   -1 
   380:    0   -1    0    0    1    3    3    0    0    0 
   390:    0    1    0    0    1    1    0    0   -2   -1 
   400:    2    1    1    0    0    0    0    0    0    0 
   410:    1    0    0    0   -1    0    0    0    0    0 
   420:    0    0   -1   -1   -2    0    1    0    0    1 
   430:    0    0   -1   -1    0    1    2   -1   -1    1 
   440:    0    0    0    0    0   -1    0    0    0    0 
   450:    0    0    0   -1    0    0    0    0    0    0 
   460:    0    0    0    0    1    0   -2   -2   -1    0 
   470:    1    0   -1    0   -1   -1   -1   -1   -1    0 
   480:    0    0   -1    0    0    0    0    0    0    0 
   490:    0    0    0    0    0    1   -1    1    0    1 
   500:    0    0    0    0   -1   -4    0    1    0   -1 
   510:   -1    1    1    0   -1    0    0    0    0    0 
   520:    0    0    0    0    0    0    1   -1   -1    1 
   530:    0   -1    0    0    0    0    0    0    1    2 
   540:    3    1    3    3    0    1    2    1    0    0 
   550:    1    0    1    1    0    0    0    0    0    1 
   560:    0    1    0   -1   -1    0    0    0    0    1 
   570:    0    0    0   -2    0    0   -1   -3    2    3 
   580:   -1   -2    0   -1   -2   -1   -2    0    3    1 
   590:   -2    0   -1   -2    0    1    1    0    0    0 
   600:    0    0    0    0    1    0    1    0    0    0 
   610:    0    1    1    1    0    0   -5   -4   -3   -3 
   620:   -1   -1   -1   -1    1    1   -1    1    0    1 
   630:    1    0    0    0    0   -1    0    0   -1    0 
   640:    0    0   -1   -1    0    0   -1    0    1    2 
   650:    2    3   -1   -2    4   -2   -2   -2    1    0 
   660:   -1   -3   -2   -2    0    0    0   -1    0    0 
   670:    0    0    0    0    0    0    0    0    0    0 
   680:    1    0    0    0    0    0   -3   -1    1   -3 
   690:    1    0   -4    1    3    0    0    0    1    2 
   700:   -1   -1    0   -1    0   -1    0    0    0    0 
   710:    1    0    1    1    0    0    0    0   -1   -1 
   720:    1    2   -2   -2    2    3   -4    2   -5    4 
   730:    4   -1    3    3    4    2   -3   -3    1    0 
   740:    0   -1    0    0    0    0    0    0    0    1 
   750:    0    0    0    0    2    2    0   -2   -4    0 
   760:    4    2   -6    5   -6    1    2   -5    3    2 
   770:   -2   -5   -3    0    4    0    0    0    0    0 
   780:    0   -2   -1   -1   -2   -1   -2    0    0    0 
   790:    0   -1   -1    0    0    2    2    1   -5    3 
   800:   -2    1    0    0    0    1    0   -1    4    2 
   810:    1    1   -1    0    0   -1   -1    1    5    1 
   820:    3    2    4    1    0    0    0    0   -2    1 
   830:    3    1    0    1   -1    4   -2   -1    0    0 
   840:   -1    0    0   -1    1   -1    0    0    0    0 
   850:    0    0    1    0   -1   -3    1   -1   -2    1 
   860:   -2   -1   -1    0   -1   -1   -3   -4    1   -1 
   870:   -1    0   -1    1    1   -1    0    0   -2   -1 
   880:    0    2   -1    1    0    1    0    0    0    1 
   890:    0   -2    0   -1    3    1    0    1   -1   -1 
   900:    2    2    1    5    3    0    0   -1    0    1 
   910:    0    0    0   -1    1    1    0   -1    0    1 
   920:   -1    2    0    0    0    0   -2    3    0    0 
   930:   -1    1    1    0    0   -1    0   -3    0    1 
   940:   -1    0    0   -2    0    0    0    1    3    0 
   950:    0   -1    0    0    0    0    1    2    1    0 
   960:    0    0    0    0    0    4   -2    0    1    0 
   970:    0    2    0    0   -3    3   -2   -1    1   -1 
   980:    2    1    2   -1    2    0   -2    0    0    0 
   990:    1    2    0   -2   -2   -1    0    0    0    0 
  1000:    0   -2   -1    5   -1    2   -4    1   -1    1 
  1010:    0    2   -2    0    0   -1    2    1   -1    1 
  1020:    1   -3    0    1    0    0    0   -1   -1    1 
  1030:    1   -2    1    0    0    0    0    0    0    0 
  1040:   -4    1    0    1    0    2    0    0    0    1 
  1050:    0    0    2    1    1    1   -1    0    1   -1 
  1060:    1    0    0    0    0    0    0    0    0   -1 
  1070:    0    0    0    0    0    0    0    1    0   -1 
  1080:    0   -1    0    0   -2    0    0    0   -2    0 
  1090:   -4    0    0    0    0    0    0   -1    0   -1 
  1100:    2   -1    3    0   -1    0    1    0    0    0 
  1110:    0    0    0    0    0    0    0    0    2    0 
  1120:   -2    0    2    0   -3    2   -2    0    1    2 
  1130:    1    0    0   -1    1    0   -1   -1    3    0 
  1140:    1    1   -1    0    0    0    0    0    0    0 
  1150:    0    0    1    1   -1    0   -1   -1   -1   -2 
  1160:    0    6    1    3    2    1    0   -1   -1    0 
  1170:    2   -2    1    2   -3    0    0    0    0    0 
  1180:    0    0    0    0    0    0    0    0    0    0 
  1190:   -4    1   -2    1    1    2   -1    0   -2    1 
  1200:   -2    0   -1    5    0   -1    1    0    2   -4 
  1210:    1    3    0   -1    0   -1    0    0    0    0 
  1220:    0    0    0   -1    0    0   -4    2    1    0 
  1230:   -2   -1    1   -1   -1    6   -2    3   -1    1 
  1240:   -2    2    3   -5   -4    1    1   -3   -1    0 
  1250:    0    0    1    0    0    0    0    0    0    0 
  1260:    2    0    1   -1    0    0    0    0   -4   -3 
  1270:    0    3   -2    0    0   -2    1   -2    0   -2 
  1280:    4    1   -3    3    1    0   -1    0    0    0 
  1290:    0    0    0    0    0    0   -1   -2    1    0 
  1300:    2   -1    0    3    1    1    1    0   -3   -2 
  1310:    2   -2    1   -3    1   -1    0   -3    2    1 
  1320:    0    1    0    0    0    0    0    0    0    0 
  1330:    0    0    0    0    0   -2    0    0   -1   -1 
  1340:   -2    0    0   -1    1    1   -1    0    1    2 
  1350:    0    1    0   -1   -1   -2   -1    0    0    0 
  1360:    0    0    0    0    0    0    0    0    0 
