     0:    0    0    0    0    0    0    0    0    0    0 
    10:    0    0    0    0    0    0    0    0    0    0 
    20:    0    0    0    0    0    0    0    0    0    0 
    30:    0    0    0    0    0    0    0    0    0    0 
    40:    0    0    0   -1    0    0    0    0    0    0 
    50:    0    0    0    0    0    0    0    0    0    0 
    60:    0    0    0    0    0    0    0    0    0    0 
    70:    0    0    0    0    0    0    0    0    0    0 
    80:    0    0    0    0    0    0    0    0    0    0 
    90:    0    0    0    0    0    0    0    0    0    0 
   100:    0    0    0    0    0    0    0    0    0    0 
   110:    0    0    0    0    0    0    0    0    1    0 
   120:    0    0    0    0    0    0    0    0    0    0 
   130:    0    0    0    0    0    0    0    0    0    0 
   140:    0    0    0    0    0    0    0    0    0    0 
   150:    0    0    0    0    0    0    0    0    0    0 
   160:    0    0    0    0    0    0    0    1   -1    0 
   170:    1    0    0    0    0    0   -1    1   -1    0 
   180:    0    0    0    0    0    0    0    0    0    0 
   190:    0    0    0    0    0    0    0    1    0    0 
   200:    0    0    0    0    0    0    0    0    0    0 
   210:    0    0    0    0    0    0    0    0    0   -1 
   220:    0    2   -1    3   -1    0    1    4    0    1 
   230:    3   -2    1   -1    1   -2   -2    0    0    0 
   240:    0    0    0    0    0    0    0    1    1    2 
   250:    0    0   -1    1   -1    0    0    0    0    0 
   260:    0    0    0    0    0    0    0    0    0   -1 
   270:    6   -6    1    1   -2   -2    1   -4    1    4 
   280:    2   -1    2    3   -4   -1    1    0   -2    3 
   290:    1    1   -1    1    3    2    1   -1    0    1 
   300:    0    0    0    0    1    0    0    0    0    0 
   310:    0    0    0    0    0    0    0    0    0    0 
   320:    0    1    2   -2   -2    0    1   -8    2   -2 
   330:   -3   -1    1   -2   -1    0    0    1   -2   -1 
   340:    3   -3   -1   -2    1   -1    2    6   -3   -1 
   350:    0    0    0    0    1    0    0    0   -1   -1 
   360:    0    0    0    0    0    0    0    0    0    0 
   370:    0    0    0   -1    1    0    2    0    3    3 
   380:   -1    0    1    1   -1   -1   -1    0   -1    1 
   390:    2    2   -1   -1    0   -3    9   -2   -1    0 
   400:    0    5    3    0    0    0    0    0    0    1 
   410:    0    0    0    0    0    0    0    0    0    0 
   420:    0    0    0    0   -1   -3   -1    2    6    3 
   430:    0    1   -1   -1   -7   -2   -1   -3    1   -1 
   440:    1    3   -1    4    0    3   -8   11   -2   -4 
   450:    1   -4    3    2    2   -1    0    0    0    0 
   460:    0    0    0    0    0    0    0    0    0    0 
   470:    0    0    0    0    0    0    0   -1    5   -1 
   480:    4    0    3    2    0    4   -3    0    4   -4 
   490:    2    2   -3    3    7  -10    3   -3   14    1 
   500:  -14   -1    2    1    0   -2    4   -1   -1    0 
   510:    0    0    0    0    0    0    0    0    0    0 
   520:    0    0    0    0    0    0    0    0    0    2 
   530:   -2   -1    0   -2    2   -2    0   -4    0   -3 
   540:   -4   -5   -3   -1    1   -2  -11    4    5   -2 
   550:   10  -13  -14   -2   -2    5    0    0    3   -1 
   560:    2   -1    0    0    0    0    0    0    0    0 
   570:    0    0    0    0    0    0    0    0    0    0 
   580:   -1    1    3   -2    4   -2    2   -4    2   -7 
   590:    2   -4   -7    3   -2   -3    4   -6  -12    7 
   600:    2    0    7   -6   -8    1   -2    5   -1   -4 
   610:    3    0    0    0    0    0    0    0    0    0 
   620:    0    0    0    0    0    0    0    0    0    0 
   630:    0    0    1    3    1    0    0    0   -5   -1 
   640:    5   -3   -3    0   -3    4    2    0    3    1 
   650:    2    3    4    1    1    0   -3   -2   -3    6 
   660:   -2    5   -1    2    0    0    0    0    0    0 
   670:    0    0    0    0    0    0    0    0    0    0 
   680:    0    0    0    1    0    2    0   -1   -2   -1 
   690:   -5    1    0   -1    1    1    1   -4   -2   -3 
   700:    0    0    1   -2    1    1   -1    1    1   -1 
   710:   -3   -1    5   -2    3    0    0    0    0    0 
   720:    0    0    0    0    0    0    0    0    0    0 
   730:    0    0    0    0    0   -2   -1    3   -4   -4 
   740:    2    1    0    6   -3    1   -2   -3    3    0 
   750:    2    4    1   -1    4   -1    0   -2    0   -3 
   760:    0   -3    1   -3   -2    0    0    1    0    0 
   770:    0    0    0    0    0    0    0    0    0    0 
   780:    0    0    0    0    0    0    0    0    4   -3 
   790:   -3    1    0    5    3   -1   -6    0   -1    1 
   800:    1   -1   -1   -1    2    0    3   -2   -1   -2 
   810:    2    0    1   -2   -1   -1   -2    1    0    6 
   820:    0    0    0    0    0    0    0    0    0    0 
   830:    0    0    0    0    0    0    0    0    0    0 
   840:    3   -6    0    1    0    0   -3   -1   -2    5 
   850:    2    3   -2    2   -4   -2    4    0   -3   -2 
   860:   -1    1   -1   -4    2    6    1    0    3   -7 
   870:    1    5    0    0    0    0    0    0    0    0 
   880:    0    0    0    0    0    0    0    0    0    0 
   890:    0    0   -1   -2    0   -2   -1   -2   -1    6 
   900:    6    3   -7   -7   -4    3   -4   -3   -2   -3 
   910:   -6    0    4    2   -1   -1    1   -2    0   -1 
   920:    4   -2    5    1    0    0    0    0    0    0 
   930:    0    0    0    0    0    0    0    0    0    0 
   940:    0    0    0    0   -4   -2   -3   -2   -1    1 
   950:    1   -5   -9   -3    3   -4    2   -4    4    2 
   960:   -2   -1    0   -4    1    1    0   -2    2   -1 
   970:   -1   -2    3    0    4   -1    0    0    0    0 
   980:    0    0    0    0    0    0    0    0    0    0 
   990:    0    0    0    0    0    0    0    2    2   -2 
  1000:   -4   -1    3    0    1    0    3   -3    0   -1 
  1010:   -3   -1   -1    6   -1   -1   -2   -3    6    1 
  1020:   -2    2   -2   -2    2   -3    1    0    0    0 
  1030:    0    0    0    0    0    0    0    0    0    0 
  1040:    0    0    0    0    0    0    0    0   -1    0 
  1050:    3    0    0    3   -1   -2    2    2   -3    1 
  1060:    0   -4    0   -2    0    1    3   -4    4   -8 
  1070:   10    9    0    5   -3    2    2   -3    2    0 
  1080:    1    0    0    0    0    0    0    0    0    0 
  1090:    0    0    0    0    0    0    0    0    0    0 
  1100:    2    0    4   -5    0    1    0    2   -1    5 
  1110:    0   -1    2   -2   -2    3    0    1    1   -1 
  1120:   -2   -4    4    6    2    3   -2    2   -5    3 
  1130:   -3    4    0    0    0    0    0    0    0    0 
  1140:    0    0    0    0    0    0    0    0    0    0 
  1150:    0    0    1    2    3   -4   -4   -2    3   -1 
  1160:    0   -2   -2   -1    0   -4    1    2   -2    3 
  1170:   -1    1   -2    3   -2    0    3    1   -1    2 
  1180:   -1    3    0   -1    0    0    0    0    0    0 
  1190:    0    0    0    0    0    0    0    0    0    0 
  1200:    0    0    0    0   -1    0   -3   -4   -3   -4 
  1210:    2    0   -1    0    0   -2   -3   -4    0    0 
  1220:    0   -1    0    0   -2    3   -3    0    1    0 
  1230:    0    0   -2    0    0    2    0    0    0    0 
  1240:    0    0    0    0    0    0    0    0    0    0 
  1250:    0    0    0    0    0    0    0    1    2    0 
  1260:   -3    3    3    2    0    1   -1    1   -1    0 
  1270:    0    0   -1    1   -1    2   -1   -3    1   -1 
  1280:    0   -1   -3    1    0    3   -2    3    0    0 
  1290:    0    0    0    0    0    0    0    0    0    0 
  1300:    0    0    0    0    0    0    0    0    0    1 
  1310:    0    3   -3    6    3   -4    0    0   -2    0 
  1320:   -2   -3    2    0   -2    1   -2    1    1   -1 
  1330:    2   -2    1    2    1    0    1    3   -1    0 
  1340:    0    0    0    0    0    0    0    0    0    0 
  1350:    0    0    0    0    0    0    0    0    0    0 
  1360:    0    0    4    0   -3   -3    3   -1    0    1 
  1370:   -2    2   -1    4    0   -4    1   -2    1    1 
  1380:    1    0   -2    1    0    3    0   -2    0   -2 
  1390:   -3   -1    0    0    0    0    0    0    0    0 
  1400:    0    0    0    0    0    0    0    0    0    0 
  1410:    0    0    0    3    4   -5   -1    0    1    1 
  1420:    1    0   -2    4   -3    4   -2    0    0    0 
  1430:    5    0   -4   -2   -1    2    1    3   -1   -3 
  1440:   -1   -5    0    0    0    0    0    0    0    0 
  1450:    0    0    0    0    0    0    0    0    0    0 
  1460:    0    0    0    0    0    0    8    0    0   -1 
  1470:    4   -2    2    1   -2    1   -1   -1    1    1 
  1480:    0    0    1    0   -2   -1   -2   -1   -2    1 
  1490:    1    3   -2   -1    1    0    0    0    0    0 
  1500:    0    0    0    0    0    0    0    0    0    0 
  1510:    0    0    0    0    0    0    0    1   -3    5 
  1520:   -5   -1    0    0    0    2    0    2   -2    1 
  1530:    0    0    0    0   -1    0    0   -1    0    2 
  1540:    0    0    1    2    0    1    0    0    0    0 
  1550:    0    0    0    0    0    0    0    0    0    0 
  1560:    0    0    0    0    0    0    0    0    0    1 
  1570:   -1   -1    0    1   -3   -2    4    2    2    3 
  1580:   -1    0    0    0    0   -1   -1   -3   -2   -3 
  1590:    1    0    0    0    0    0    0    0    0    0 
  1600:    0    0    0    0    0    0    0    0    0    0 
  1610:    0    0    0    0    0    0    0    0    0    0 
  1620:    0    0    0   -3    5   -1   -5    0    2    0 
  1630:    0    2   -7    1   -2    0    0   -4    0   -1 
  1640:    5   -3    1    0    1   -2    0    0   -1    1 
  1650:    0    0    0    0    0    0    0    0    0    0 
  1660:    0    0    0    0    0    0    0    0    0    0 
  1670:    0    0    0    1    3    1   -5    6   -5   -1 
  1680:   -2    0    0    1    3   -5   -3    2    2    5 
  1690:    3    0    1    2    1   -2    0    4    3    3 
  1700:    2    0    0    0    0    0    0    0    0    0 
  1710:    0    0    0    0    0    0    0    0    0    0 
  1720:    0    0    0    0    0    1    0    3   -7    1 
  1730:   -2   -1    3    5    0    1   -1    3    1    0 
  1740:    3    1   -4   -2   -1   -1   -1   -2    3    0 
  1750:    9   -2    4    0    0    0    0    0    0    0 
  1760:    0    0    0    0    0    0    0    0    0    0 
  1770:    0    0    0    0    0    0    0   -2    2   -3 
  1780:   -3   -4    0   -2    2   -3    1    0    0    8 
  1790:    0   -1    0    3    0   -1    2    0    0    2 
  1800:    1   -7    3   -1    1    0    0    0    0    0 
  1810:    0    0    0    0    0    0    0    0    0    0 
  1820:    0    0    0    0    0    0    0    0    0   -2 
  1830:   -2   -4   -2    2    0    2    0    3   -2    0 
  1840:   -1    1   -3    5   -4   -2    4    2   -3    3 
  1850:    0   -1    0    1    2    0   -2    1    0    0 
  1860:    0    0    0    0    0    0    0    0    0    0 
  1870:    0    0    0    0    0    0    0    0    0    0 
  1880:    0    1    1   -2   -9    0    0    1    3    1 
  1890:   -2   -1    3   -1    0    3    0    0    1    2 
  1900:    0    2   -3    0   -5    0   -2   -2    0    0 
  1910:    0    0    0    0    0    0    0    0    0    0 
  1920:    0    0    0    0    0    0    0    0    0    0 
  1930:    0    0    0    5   -1    0    3    1    0   -1 
  1940:    0   -2    3   -1   -1   -4    1   -1   -3   -2 
  1950:   -4   -4   -2    0    3   -3    1   -1    2    0 
  1960:   -1    0    0    0    0    0    0    0    0    0 
  1970:    0    0    0    0    0    0    0    0    0    0 
  1980:    0    0    0    0    1    4   -2    1    1    1 
  1990:   -5   -2    3   -1   -3    1   -2    0    1    1 
  2000:    1    4    2    2    2    0    5   -2    0   -5 
  2010:    3    5    0    1    0    0    0    0    0    0 
  2020:    0    0    0    0    0    0    0    0    0    0 
  2030:    0    0    0    0    0    0    0   -3   -3   -3 
  2040:    0    1   -3    0    0    2    4   -6    6   -1 
  2050:   -4   -4    0   -1   -2    0   -2    1    0    0 
  2060:    0    2    3   -1    0    1    0    0    0    0 
  2070:    0    0    0    0    0    0    0    0    0    0 
  2080:    0    0    0    0    0    0    0    0   -2   -1 
  2090:   -2    1    0    1    2   -2    3    1    4   -2 
  2100:    4   -2   -3    3    4    1    0   -6   -4    0 
  2110:   -1   -2   -2    5    1    2    0    1    0    0 
  2120:    0    0    0    0    0    0    0    0    0    0 
  2130:    0    0    0    0    0    0    0    0    0    1 
  2140:   -2    1    2    1   -2   -3    0    0    2    1 
  2150:    1    0    3    4    1    0    3    0    0    3 
  2160:   -1   -1    3    6    0   -2   -2   -4    0    0 
  2170:    0    0    0    0    0    0    0    0    0    0 
  2180:    0    0    0    0    0    0    0    0    0    0 
  2190:    0   -2    0    1    1   -2   -1    2   -1   -2 
  2200:    2   -2    6    0    1    2    5   -2    3    2 
  2210:    7   -4    1    3    4    2   -2   -3   -4    0 
  2220:    1   -3    1    0    0    0    0    0    0    0 
  2230:    0    0    0    0    0    0    0    0    0    0 
  2240:    0   -1    1   -3    2    5    1   -2    2    0 
  2250:    3    0    3    2   -1    0    3    2   -4    3 
  2260:   -1    3   -1   -2   -3    0    1   -1   -3   -4 
  2270:   -3    4    1    0    0    0    0    0    0    0 
  2280:    0    0    0    0    0    0    0    0   -1    0 
  2290:    0    0    1    1    0   -3    0    1   -2    4 
  2300:   -1    3    0    2   -2    3    2    2   -4   -3 
  2310:   -2    1    1   -1    0    0    0    0   -2    0 
  2320:    2   -1   -1   -1    0   -1    2    0    0    0 
  2330:    0    0    0    0    0    0    0    0   -1    1 
  2340:   -1    0    0    2    1    0   -2    1   -1    0 
  2350:   -4    3    2   -2    1   -3   -1    1   -1    2 
  2360:    1    1    2    0    1    0    0    1    0    0 
  2370:    0    0    0    0    0   -1    0    0    0    0 
  2380:    0    1    0    0    0    0    0    0    1    2 
  2390:    2    0    2    0    0    1    0   -2   -1    0 
  2400:    3    1    0    1    0   -1    1    0    1    1 
  2410:    0    0    0    0    0    0    0    0   -1    1 
  2420:   -1    0   -1    0    0    0    1    1    0    1 
  2430:    0    0   -1    1    1    0    0    0    0    0 
  2440:    0    0    1    0    2    1   -2    2   -2    0 
  2450:    0    0    0    0   -1    0    0    1    0    0 
  2460:    2    0    0    0    1    0    0    0    0    0 
  2470:    0    0    0    0    1   -1   -1    0    0    0 
  2480:    0   -1    0    0   -1    0    0    0    0    0 
  2490:    0    0    0   -1    0    0 
