     0:    0    0    0    0    0    0    0    0    0    0 
    10:   -1    1    1    2   -1    0    0    0    0    0 
    20:    0    0    0    0    0    0    0    0    0    0 
    30:    0    0    0    0    0    0    0    0    0    0 
    40:    0    0    0    0    0    2    2    5   -4    2 
    50:    1   -2    1   -1    0    0    0    0    0    0 
    60:    0    0    0    0    0    0    0    0    0    0 
    70:    0    0    0    0    0    0    0    0    0    0 
    80:    0    0    4   -1    1   -1   -2   -5    2   -2 
    90:    0   -1    1    2   -1    0    0    0    0    0 
   100:    0    0    0   -3    2    1    0    0    0    0 
   110:    0    0    0    0    0    0    2    0    2    0 
   120:   -1    0    1   -1   -3    3   -3    1   -1    0 
   130:    2   -2    0   -1    1    0   -2    0   -2    1 
   140:    0    1    1    0    0    0    0    0    0    0 
   150:    0    0   -5    0   -2    1   -2    3   -3   -1 
   160:    3   -1    3    0    1   -2   -2    2   -1   -1 
   170:    0    1    1   -4    2    0    2    1    4   -4 
   180:    0   -1    0    0    0    0    0    0    1   -3 
   190:    3   -1   15   -4   -1    0   -2   -1    0   -1 
   200:    1   -1    1   -1    1    0    2    0    0    1 
   210:    0   -5   -3   -5    0    0    4    4    0    0 
   220:    0    0    0    0    0   -1   -5    8   -4    1 
   230:   -1   -3    2   -1    1    0    0    0   -3    1 
   240:    1   -2   -2    1   -1   -1    0    1   -2   -1 
   250:    0    3   -1   -4    1   -3    0    0    0    0 
   260:    0    1   -9    3   10   -4   -3   -7   -6    0 
   270:   -1    0    1    1   -1    2   -1   -2    1    0 
   280:    2    2    0   -1   -3   -1    0    1    1    0 
   290:    4   -4    3    0    0    0    0    0   -4   -3 
   300:    4    3   -6   -4    2   -1   -3   -4   -1    2 
   310:   -1    2   -4   -1   -2   -3    0   -5    2    2 
   320:   -2    0    9    0   -2    2   -1    0    0   -3 
   330:    0    0    0    0    0  -11    9    1   -1   -4 
   340:    3   -8    5   -1   -3    0   -4    4    0   -3 
   350:   -2    1   -1    0    0   -1   -3    4   -3    4 
   360:   -2    0    1    3    0    3    2    2    0    0 
   370:    0    1    5    9    4   -8    2   12   10   10 
   380:   -3   -2    3  -11    8   -4    3   -3   -5    0 
   390:    4    1    0    3    4   -1    0   -3   -1    4 
   400:   -1    1    5    0    1    0    0   -2   10    1 
   410:  -11   -9  -10   -1  -17  -14  -15  -10    7   -8 
   420:   -9   11   -2   -2   -1    1    0   -4    0    1 
   430:   -1    0   -5   -1    3   -1    3    1    0    2 
   440:    2    0   -1    0   -2    8    1   -4   -1    5 
   450:    6    8   -1   11   12   -3   -7    8   -2  -13 
   460:   -6   -3   -6    5    1    4    0    0    0    1 
   470:   -6    6    0   -7    0    0   -2   -2    3    0 
   480:    0   -2    8    3    3   16  -10    3   10    5 
   490:  -14  -15   -3    2   -2    2    7    0    0    1 
   500:   -3    7    4   -6    3   -3    9    1    0   -7 
   510:    0   -1    3    3    0    1    1    0   -1    2 
   520:  -11   -2   -9    1  -14   -8   -3    7    6    4 
   530:   -1   -1   -1   -6  -13   -8   -3    3   -1    1 
   540:   -1    1   -3    2    2   -1    9   -5    4    2 
   550:   -1    1    2   -2    1   -1    0   -9  -21   -1 
   560:    3   14    9   -1   -4    3    1   -8   -1   -4 
   570:    7    8   -9   -2    9    9   -5   -1    2    0 
   580:    0   -3    0    7   -5    5   -4   -2   -3    4 
   590:   -4    1   -1    2    1   -5    9    2  -17   -8 
   600:    1   -2    7   -2    6    2   12   16   18   13 
   610:   -8   16    7   -2    1    0   -1    0    1   -2 
   620:    2   -4    3    0   -6    2    1    3   -2    3 
   630:   -6    0    1    3   16   11    1   -2    9  -12 
   640:   -3    7  -15    6   12    0    8   -4    6   -2 
   650:    2   -2    5    0   -1    1    0   -4   -2    2 
   660:    3    3    0    0   -2    0    3   -1    6    0 
   670:    2    9  -10   -5   -1   -1   -2   19  -11  -13 
   680:   -3    2   -6    1   -6    2    3    6   -1    1 
   690:   -1   -1    0    1    0    3    1    2    1    4 
   700:   -2   -1    0   -2   -5    1   -5    5   -1    2 
   710:   16  -10   -4    4   -8  -14  -11   -4   -4   -8 
   720:    5   -3    1   -2    0    1   -2    0   -3   -1 
   730:   -2   -3    3    2   -3    2   -2   -4   -1    0 
   740:   -3   -3    0   -3    2   -3    7   -7    5    6 
   750:  -13  -18   -1    4    0    6    3    3    1   -2 
   760:   -2    0    1    0    1   -1    1   -1    0   -2 
   770:    3   -1    0    1   -3    0    0   -3   -3    1 
   780:   -4    2   -6    0   -3   -5    4  -10   -3    2 
   790:    4   -3    5    0   -4    5   -2    4   -1    0 
   800:    2    1   -2    0    0    1    0    3    3    1 
   810:   -3    1   -2    0    0    0   -1   -1    0   -1 
   820:    6    4   -1    0   -1    0    0   -3   -3    0 
   830:    3   -1    6    0    2    0    2   -1    3    1 
   840:   -2    0    0    0    0   -1    8    5    2    0 
   850:    0   -1    3   -1    2   -1    2    3    2    2 
   860:   -3    4   -1   -1    3   -2    2    1    2    0 
   870:   -1   -2    2   -1    0    1    3   -3    1   -3 
   880:    0   -2   -1   -1    1    0    0    0    0    3 
   890:    1    0    0    3    1   -2   -4    3    2    2 
   900:    0   -1    0    2   -1    0    4    2    0   -2 
   910:    4    1    1    3    0    0   -2    1    1   -2 
   920:   -4    0    3    0    0    0   -1   -5    0    0 
   930:    3    0   -5    4    1   -2    2   -1   -1    0 
   940:    2    1    1    3    2   -2    3   -1   -1    2 
   950:   -1   -2   -2   -1    1   -1   -2   -1   -2    0 
   960:    0    0    0   -2   -1    1   -1    2   -2    2 
   970:    4   -2    1    0   -3    1    1    0    4   -2 
   980:    0    1    2    0   -5    1    1    1    3    0 
   990:    1    0    1   -4    0    0   -1    0    0    0 
  1000:    0   -2   -2    0   -2    2    0   -2   -1    1 
  1010:    0    8   -5    5   -1   -2    0    0   -3    1 
  1020:   -5    1   -3    1   -5   -3   -4    2    2   -5 
  1030:    0    4   -1    0    0    0    0    0    0    1 
  1040:    3   -1    2    1   -5    0   -3   -1   -3   -6 
  1050:    9   -7   -7   11   -6   -3   -2    4   -3    3 
  1060:    3    3   -6    3   -1   -1    0    2   -1    2 
  1070:    0    0    0    0    0    0    0    2   -1    3 
  1080:   -3   -2   -5   -8    0    1   -6   -4   -3   -2 
  1090:    5    1   -4    0    1   -1    0    0    0   -1 
  1100:   -2   -3   -2   -3    0   -1    0    0    0    0 
  1110:    0    0    0    0    0    0   -4   -2   -8    1 
  1120:    0   -3   -5   -4   -1   -3   -1    4    2    1 
  1130:    4    0    2    0    0    3  -11   -4    0   -1 
  1140:    2   -1   -3    0    0    0    0    0    0    0 
  1150:    0    0    0   -1    1   -3   -7    4    1   -1 
  1160:    1    4    0    5   -2    1    0   -1    1   -2 
  1170:   -1   -4    4    0    4    0   -2   -1    1    1 
  1180:    0    0    0    0    0    0    0    0    1    1 
  1190:    1   -8    8   -3   -1   -3    0   -4    2    2 
  1200:    0    2    1    0   -2    0    1    1   -3    4 
  1210:    3   -2   -2   -2    0    0    0    0    0    0 
  1220:    0    0    0    0   -2   -1   -2   -5    1    0 
  1230:   -1    2    0   -1    1    2    0   -2    1    1 
  1240:    5    8   -1   -4   -2    7    1    3   -5    0 
  1250:   -1   -1   -1    0    0    0    0    0    0    0 
  1260:    1   -1    3   -1    5   -1    3   -1   -6    3 
  1270:   -3    1   -5   -2    1    1   -3    1    0   -1 
  1280:   -1    2   -3    2   -3    0    0    0    0    0 
  1290:    0    0    0    0    0   -1    1   -4    7    5 
  1300:   -2   -4    1   -7    0   -2    3    2    0    0 
  1310:    0    2    1    0   -1    1    2   -4    7   -7 
  1320:   -2    1    0    0    0    0    0    0    0    0 
  1330:    0    0    0    1   -1   -1    0   -2    1    2 
  1340:    0    1    2    0   -1    0    0   -1    0    0 
  1350:    1    0    0   -1   -3    0    1    1    0    0 
  1360:    0    0    0    0    0    0    0    0    0    2 
  1370:    0    1    1    1   -2   -1    0    0    1    0 
  1380:    0    0    0    0    0    0    0    0    0    0 
  1390:    0    1    0    0    0    0    0    0    0    0 
  1400:    0    0    0    0    0    0 
