     0:    0    0    0    0    0    0    0    0    0    0 
    10:    0    0    0    0    0    0    0    0    0    0 
    20:    0    0    0    0    0    0    0    0    0    0 
    30:    0    0    0    0    0    0    0    0    0    0 
    40:    0    0    0    0    0    0    0    0    0    0 
    50:    0    0    0    0    0    0    0    0    0    0 
    60:    0    0    0    0    0    0    0    0    0    0 
    70:    0    0    0    0    0    0    0    0    0    0 
    80:    0    0    0    0    0    0    0    0    0    0 
    90:    0    0    0    0    0    0    0    0    0    0 
   100:    0    0    0    0    0    0    0    0    0    0 
   110:    0    0    0    0    0    0    0    1    0    0 
   120:    0    0    0    0    0    0    0    0    0    0 
   130:    0    0    0    0    0    0    0    0    0    0 
   140:    0    0    0    0    0    0    0    0    0    0 
   150:    0    0    0    0    0    0    0    0    0    0 
   160:    0    0    0    0    0    0    0    0    1   -2 
   170:   -1    0    0    0   -1    1    1    0    1    0 
   180:    0    0    0    0    0    0    0    0    0    0 
   190:    0    0    0    0    0    1    0   -1    0    0 
   200:    0    0    0    0    0    0    0    0    0    0 
   210:    0    0    0    0    0    0    0    0    0    0 
   220:   -3   -2    2    0    1    0    2   -1   -1    0 
   230:    1    0    0   -1    1    1    0    0    0    0 
   240:    0    0    0    0    0    0    0    0    0   -1 
   250:    0    0    0    1    0    0    0    0    0    0 
   260:    0    0    0    0    0    0    0    0    0    0 
   270:    0   -1    0    0    0    2   -3    1    0    0 
   280:    0    0    0   -1   -1    1   -1    0    0    0 
   290:    1   -1    0    1    0    1    0    0    0    0 
   300:    0    0    0   -1    0    0    0    0    0    0 
   310:    0    0    0    0    0    0    0    0    0    0 
   320:    0    0    1    0   -2    0    1   -3   -2    1 
   330:    2    0    3   -1   -1   -2    1    0    1    0 
   340:    0    2    0    6   -1   -2   -2    1    0    0 
   350:    0    0    0    0    0    0    0    0    0    0 
   360:    0    0    0    0    0    0    0    0    0    0 
   370:    0    0    0    1    1   -1    1    1   -1   -2 
   380:    1    2    1    1   -2   -2   -1    2    1    0 
   390:   -3   -1    1    0    0   -2    0   -1    1   -1 
   400:    0   -1    0    0    0    0    1    0    0    0 
   410:    0    0    0    0    0    0    0    0    0    0 
   420:    0    0    0    0    0    0   -1    1    0    1 
   430:   -1    0    1    0    2    0   -3    2    1   -1 
   440:    0   -3    3   -2   -3   -1    2   -2    0    0 
   450:    1    0   -1    0   -1    0    0    0    0    0 
   460:    1    0    0    0    0    0    0    0    0    0 
   470:    0    0    0    0    0    0    0   -1    0   -1 
   480:    1   -1    0   -2    0    0    2    0    0    2 
   490:    1    2    5    1   -3    3    0    1   -1    1 
   500:    0   -1    1    1    0    1    0    0    0    0 
   510:    0    0    0    0    0    0    0    0    0    0 
   520:    0    0    0    0    0    0    0    0    1   -2 
   530:    0   -1    0   -1    0    0    0    0    1   -1 
   540:    1    0    2   -1   -3    0    0   -1    1    1 
   550:    0   -1    0    0    1   -1   -1    1   -1    0 
   560:   -1    1    0    0    0    0    0    0    0    0 
   570:    0    0    0    0    0    0    0    0    0    0 
   580:    0    0    0    0    0    1    0    1    1    0 
   590:    0    0    2    1    0    0    0    0    1    1 
   600:    0    0    0    0    0    1    1    0    1    0 
   610:   -2    0    0    0    0    0    0    0    0    0 
   620:    0    0    0    0    0    0    0    0    0    0 
   630:    0    0   -1    0    0    0    0   -1    0    0 
   640:    0    0    1    0   -1   -1    0    0   -1    0 
   650:    0   -1    0    0   -1    0    0    0    0   -1 
   660:    0    1    1    0    0    0    0    0    0    0 
   670:    0    0    0    0    0    0    0    0    0    0 
   680:    0    0    0    0    0    1   -1   -1    0    0 
   690:   -1    2   -1   -1    1    0    0    2    1   -1 
   700:    1   -1    0    1    0    0    0    0    0    0 
   710:    1   -1   -1    1    0    0    0    0    0    0 
   720:    0    0    0    0    0    0    0    0    0    0 
   730:    0    0    0    0    0    0    1    0    0    0 
   740:    0    0    0    0    0    0    0   -1    0    0 
   750:    0    0    0    0    0    0   -1    0    0    0 
   760:    0    0    0    0    0   -1   -1   -1    0    0 
   770:    0    0    0    0    0    0    0    0    0    0 
   780:    0    0    0    0    0    0    0    0    0    2 
   790:    0   -1    0    0    0    0    0    0    2    0 
   800:    2    0    0    1    0    0    1    0   -1    0 
   810:    0    0    0    0    0    0    0    0    0    0 
   820:    0    0    0    0    0    0    0    0    0    0 
   830:    0    0    0    0    0    0    0    0    0    0 
   840:    0    0   -1    0    0    0    0    0   -1    1 
   850:   -1    0    0    0    0    0    0    0    0    0 
   860:   -1    1    1    0    0    0    0    0    0    0 
   870:    0    0    0    0    0    0    0    0    0    0 
   880:    0    0    0    0    0    0    0    0    0    0 
   890:    0    0    1    0   -1    0    0    0    0    1 
   900:    0   -1    1    0    0    0   -1   -1    1    0 
   910:    0    0    0    0    0   -1    0    0    0   -1 
   920:    0    2   -1    0    0    0    0    0    0    0 
   930:    0    0    0    0    0    0    0    0    0    0 
   940:    0    0    0   -1    0    1    1    0    0    0 
   950:   -1   -1    0    0    0    0   -1    0    0    2 
   960:    1   -2   -2   -1    0   -1   -1    0    0   -1 
   970:   -1    0    1    1   -2    0    0    0    0    0 
   980:    0    0    0    0    0    0    0    0    0    0 
   990:    0    0    0    0    0    0    1    2    1    0 
  1000:    1    0    0    1    1    1   -1   -1   -3   -3 
  1010:    1    2   -1   -1    1    1   -1    1    0    0 
  1020:    0    0   -2    0    3    0   -2    1    0    0 
  1030:    0    0    0    0    0    0    0    0    0    0 
  1040:    0    0    0    0    0    0    0    0   -4    0 
  1050:    2    1   -1   -3    1    1    4   -1   -3   -3 
  1060:   -1    2    2    2   -1    0    0    4    1    1 
  1070:   -2   -1   -1   -3    2   -5    2    3   -2   -3 
  1080:    0    0    0    0    0    0    0    0    0    0 
  1090:    0    0    0    0    0    0    0    0    0    0 
  1100:    2   -1    0    1    1    2    4    1   -3   -3 
  1110:    0    4    3    1   -1    0    2    1   -1   -1 
  1120:   -1    1    3    1    1   -1    0    2    0    4 
  1130:    7    1    0    0    0    0    0    0    0    0 
  1140:    0    0    0    0    0    0    0    0    0    0 
  1150:    0    0    0    1    1    1    0   -1   -1    3 
  1160:   -2   -2    0    0    1    1    0    0   -2   -1 
  1170:    0    0    1   -3    0    0    5    5    2    0 
  1180:   -3   -3   -1    1    0    0    0    0    0    0 
  1190:    0    0    0    0    0    0    0    0    0    0 
  1200:    0    0    0    0    0    1   -2    0   -1    0 
  1210:   -1   -1    1    3    2    0    0   -1    1    1 
  1220:    1    0    0    0    2    1   -2   -4   -6   -5 
  1230:   -1   -1   -2    0    0    0    0    0    0    0 
  1240:    0    0    0    0    0    0    0    0    0    0 
  1250:    0    0    0    0    0    0    0    3    0   -1 
  1260:    3    0    1    1    0    0   -2    0    2    1 
  1270:    0    2    0    2    1    0   -2    0    2    3 
  1280:    5    4    3    3    3    2    3    0    0    0 
  1290:    0    0    0    0    0    0    0    0    0    0 
  1300:    0    0    0    0    0    0    0    0    0    0 
  1310:    0    0   -2   -1    0    0    0    0    1    0 
  1320:    1    0    0   -1    0    0    0   -1    1    1 
  1330:    0    0   -5   -3   -2   -5   -1   -2   -4    0 
  1340:    0    0    0    0    0    0    0    0    0    0 
  1350:    0    0    0    0    0    0    0    0    0    0 
  1360:    0    0   -1    0   -1    0    0    0    0    2 
  1370:    0    1    1    0    0    1    2    0   -1   -1 
  1380:    1    1    0   -2   -1   -2    0    1    1    2 
  1390:    2    0    0    0    0    0    0    0    0    0 
  1400:    0    0    0    0    0    0    0    0    0    0 
  1410:    0    0    0    1    1   -1    1    0    0   -1 
  1420:    0    1    0    0   -1   -1    0    0    0    1 
  1430:   -1    0    0   -2   -1    0    0    3    1    0 
  1440:    0   -3   -1    0    0    0    0    0    0    0 
  1450:    0    0    0    0    0    0    0    0    0    0 
  1460:    0    0    0    0    0   -1   -1    0    0    0 
  1470:   -1   -1    0    0    0   -1    0    1    0    0 
  1480:    0    0   -1   -1    0    1    1   -1    0    0 
  1490:    0    1    1    0    1    0    0    0    0    0 
  1500:    0    0    0    0    0    0    0    0    0    0 
  1510:    0    0    0    0    0    0    0    0    0    0 
  1520:    2   -2    1    0    0    1    1    2   -1   -2 
  1530:    0    1   -1   -1    0    0   -1    0   -1   -1 
  1540:    0   -1    0   -1   -1    0    0    0    0    0 
  1550:    0    0    0    0    0    0    0    0    0    0 
  1560:    0    0    0    0    0    0    0    0    0    0 
  1570:   -1    0    1   -1    2    0    2    0    1   -2 
  1580:    1    0    0    0    1    1    0    1    0    1 
  1590:    0    0    0    0    0    0    0    0    0    0 
  1600:    0    0    0    0    0    0    0    0    0    0 
  1610:    0    0    0    0    0    0    0    0    0    0 
  1620:    0    0    0   -1    1    0    1    0   -1    0 
  1630:    2    1   -1   -1    1   -1   -1    1    2    1 
  1640:    2   -1   -1    1    0    0    0    1    0    0 
  1650:    0    0    0    0    0    0    0    0    0    0 
  1660:    0    0    0    0    0    0    0    0    0    0 
  1670:    0    0    0    0    0    0    1    0    0    1 
  1680:    1    0   -2   -1   -1    1    0    2    1    1 
  1690:   -1    0    0    1    2    0    0    0    1    1 
  1700:    0    0    0    0    0    0    0    0    0    0 
  1710:    0    0    0    0    0    0    0    0    0    0 
  1720:    0    0    0    0    0    0    2    1    0    0 
  1730:    0   -1    1    1    0    2    1   -1    2    0 
  1740:   -1   -1    0   -1   -1   -2   -2    1    1    0 
  1750:    0   -1   -2   -1    0    0    0    0    0    0 
  1760:    0    0    0    0    0    0    0    0    0    0 
  1770:    0    0    0    0    0    0    0    1   -2    0 
  1780:    1    0    0    1   -2    0    0   -3   -1    1 
  1790:   -2   -2    1   -1   -1    1    0   -1    1    1 
  1800:   -1    1   -1   -2    2    1    0    0    0    0 
  1810:    0    0    0    0    0    0    0    0    0    0 
  1820:    0    0    0    0    0    0    0    0   -1   -1 
  1830:   -1   -2    1    1    0    0    3   -2   -2   -1 
  1840:    2    1    2    0    1    1   -2    0    0    0 
  1850:   -2   -1    0    0    0    1   -1    0    0    0 
  1860:    0    0    0    0    0    0    0    0    0    0 
  1870:    0    0    0    0    0    0    0    0    0    0 
  1880:    0    0    1    2    0   -1    0    2   -2    0 
  1890:    0    3    0   -3   -2    0   -1    0    0   -1 
  1900:    0    0    1   -2    0    1    0    0   -1    0 
  1910:    0    0    0    0    0    0    0    0    0    0 
  1920:    0    0    0    0    0    0    0    0    0    0 
  1930:    0    0    0    0    2    1   -1    0    0    0 
  1940:    0    0    2    1    0    0    2    1    1    1 
  1950:    0    1   -1    1    1    3   -1   -1   -1    1 
  1960:    0    0    0    0    0    0    0    0    0    0 
  1970:    0    0    0    0    0    0    0    0    0    0 
  1980:    0    0    0    0    2    1    0   -2    1    0 
  1990:    0    1    1    2    1    0   -1    0    0    2 
  2000:   -1   -2    0   -1    1   -2   -1   -1    0    1 
  2010:    0    0    0    0    0    0    0    0    0    0 
  2020:    0    0    0    0    0    0    0    0    0    0 
  2030:    0    0    0    0    0    0   -1    0    0   -2 
  2040:   -1    0    0   -2    2    1    0    0    0    2 
  2050:   -2   -2   -2    1    2    1    1    1    0    0 
  2060:    1    2   -2    1    0    0    0    0    0    0 
  2070:    0    0    0    0    0    0    0    0    0    0 
  2080:    0    0    0    0    0    0    0    1    0   -1 
  2090:    0    3    0    0    0    1    0    0    1   -1 
  2100:    1   -2    0   -2    3    0   -1    2    0   -4 
  2110:   -1    0    2    1    1   -1    1    0    0    0 
  2120:    0    0    0    0    0    0    0    0    0    0 
  2130:    0    0    0    0    0    0    0    0    0   -2 
  2140:    0    2   -1   -2   -1    1   -1    1    2    0 
  2150:   -1   -1    1    0    0    1    1    0    0    0 
  2160:    1    2    1    1    0    0   -1    1    1    0 
  2170:    0    0    0    0    0    0    0    0    0    0 
  2180:    0    0    0    0    0    0    0    0    0    0 
  2190:    0    3   -1    0    0    1    1    0   -1   -2 
  2200:    0    0    0    0    1    1    2    0    1    0 
  2210:    0    0    0    0   -1   -2    2   -1    0    1 
  2220:    0    0    0    0    0    0    0    0    0    0 
  2230:    0    0    0    0    0    0    0    0    0    0 
  2240:    0    0    0    0    0   -1    1    0    1   -1 
  2250:   -2    0    0    2   -1   -1    1    0    0   -1 
  2260:    0    1    3    1    1    1   -1   -1    1    0 
  2270:   -1   -2    0   -2    0    0    0    0    0    0 
  2280:    0    0    0    0    0    0    0    0    0    0 
  2290:    0    0    0    0    0    0    0    1    0    0 
  2300:   -1    2   -1   -1    2    0    1   -1   -1   -2 
  2310:   -1    1    1    1    0    0    3    0    0    0 
  2320:   -1    0    1    0    0   -1   -1    0    0    0 
  2330:    0    0    0    0    0    0   -1    0    1    0 
  2340:    1    0    0    0   -1   -1    1    0    0   -1 
  2350:    1    1   -1    0    0    0   -1   -1    0    0 
  2360:    0    0    0   -1    0    1    0    0   -1    0 
  2370:    0    0    0    0    0    0    1   -1    1    0 
  2380:    0    0    0    0    0    0    0    0    0    0 
  2390:    0    0   -1    0   -1    0    0    1   -1   -1 
  2400:   -1    0    0    0    0    1    0    0    0    1 
  2410:    1    0    0    0    0    0    0    0    0    0 
  2420:    1    0    0    0    0    0    0    0    0    0 
  2430:    0    0    0    1    0    0    1    0    0   -1 
  2440:    0    0    0    0    1    1    2    0   -2   -1 
  2450:    0    1    1    0    0    0   -1   -1   -1    0 
  2460:    1    1    1    1    1    0    0    0   -1   -1 
  2470:    1    0    0   -1   -1    1    0    0    0    0 
  2480:    1    1   -1    0    0    0    0   -1    0    0 
  2490:    1    1    0    1    2    3 
