     0:    0    0    0    0    0    0    0    0    0    0 
    10:    0    0    0    0    0    0    0    0    0    0 
    20:    0    0    0    0    0    0    0    0    0    0 
    30:    0    0    0    0    0    0    0    0    0    0 
    40:    0    0    0   -1    0    0    0   -2    0    0 
    50:    0    0    0    0    0    0    0    0    0    0 
    60:    0    0    0    0    0    0    0    0    0    0 
    70:    0    0    0    0    0    0    0    0    0    0 
    80:    0    0    0    0    0    0    0    0    0    0 
    90:    0    0    0    0    0    0    0    0    0    0 
   100:    0    0    0    0    0    0    0    0    0    0 
   110:    0    0    0    0    0    0    0    0    0    0 
   120:    0    0    0    0    0    0    0    0    0    0 
   130:    0    0    0    0    0    0    0    0    0    0 
   140:    0    0    0    0    0    0    0    0    0    0 
   150:    0    0    0    0    0    0    0    0    0    0 
   160:    0    0    0    0    0    0    0    0    0   -2 
   170:   -1    0    0    0    0    0    0    0    0    0 
   180:    0    0    0    0    0    0    0    0    0    0 
   190:    0    0    0    0    0    0    0    0    0    0 
   200:    0    0    0    0    0    0    0    0    0    0 
   210:    0    0    0    0    0    0    0    0    0    0 
   220:    0    1    0    0    0   -1   -1    2    0    1 
   230:    0    1    1    0    0    0    0    0    0    0 
   240:    0    0    0    0    0    0    1    0   -1    0 
   250:    0    0    0    1    0    0    0    0    0    0 
   260:    0    0    0    0    0    0    0    0    0    0 
   270:    1    0    0    1    1    0    0    0    0   -1 
   280:   -1    1   -1    2    2    0    0   -1    0    0 
   290:    1    0    0   -1    0    0    0    0    0    0 
   300:    0    0    0    0    0    0    0    0    0    0 
   310:    0    0    0    0    0    0    0    0    0    0 
   320:    0   -1    0    0    0    1    1    0    1    0 
   330:   -1    0   -1    0   -1    2    0   -2   -1    1 
   340:    0    0    0    1    0   -1   -2   -1    1    0 
   350:    0    0    0    0    0    0    0    0    0    0 
   360:    0    0    0    0    0    0    0    0    0    0 
   370:    0    0    0   -1    0    1    0    0    0    1 
   380:    0    0   -1   -2    0    2    0    0   -1    0 
   390:    1    0   -1   -1   -2   -1    0   -2   -2    0 
   400:    0   -1    0   -1    0    0    0   -1    0    1 
   410:    0    0    0    0    0    0    0    0    0    0 
   420:    0    0    0    0    0    1   -1    0    0    0 
   430:    0    2    0   -1    0   -2    0    1   -1    2 
   440:   -1    0    0   -1    0    1    0    0    0   -1 
   450:    0    1    0   -2   -1    0    0    0    0   -1 
   460:    0    1    0    0    0    0    0    0    0    0 
   470:    0    0    0    0    0    0    0    1   -1    0 
   480:    0    0    0    0    0    1    0   -1    1   -1 
   490:   -3    2    0    1    0   -1   -1    0   -1    1 
   500:    0   -1    0    0    0    0    1    0    0    0 
   510:    1    0    0    0    0    0    0    0    0    0 
   520:    0    0    0    0    0    0    0    0    0    0 
   530:    0    0    0    0    0    0    0    0    0   -1 
   540:   -1   -1   -2   -2    0    0    1   -1   -1    1 
   550:   -1   -1    0    1    1    0    0    2    2    0 
   560:    1   -1    0    0    0    0    0    0    0    0 
   570:    0    0    0    0    0    0    0    0    0    0 
   580:   -2    0    0    0    0    0    0    0    0    0 
   590:    0    0   -1    0    0   -2   -1   -1    0    0 
   600:    0    1   -1    0    0    0    0    0    1    1 
   610:    1    0    0    0    0    0    0    0    0    0 
   620:    0    0    0    0    0    0    0    0    0    0 
   630:    0    0   -2    0    0    0    0    0    1    0 
   640:    0    0    0    1    0   -1    0    1   -1    0 
   650:    0    0   -1    1    0    1    0    0    0    0 
   660:    0    0    0    0    0    0    0    0    0    0 
   670:    0    0    0    0    0    0    0    0    0    0 
   680:    0    0    0    0    0    0    0   -1    0    0 
   690:    0    0    1    1    0    0    0    0   -1    0 
   700:   -1    0    0    1    0    0    1    0    0    0 
   710:    0    0    0   -1    0    0    0    0    0    0 
   720:    0    0    0    0    0    0    0    0    0    0 
   730:    0    0    0    0    0    0    0    0    0   -1 
   740:   -1    0    0   -1    0    1    1    0    0    0 
   750:    0    0   -1    0    0    0    0    0   -1    0 
   760:    0    0   -1    0    0    0    0   -1    0    0 
   770:    0    0    0    0    0    0    0    0    0    0 
   780:    0    0    0    0    0    0    0    0    0    0 
   790:    0    0    1    1    0   -1    0    1    1    0 
   800:    1    0    0    0    0    0    0    0    0    0 
   810:    0    0    1    0    0    0    0    0    1    0 
   820:    0    0    0    0    0    0    0    0    0    0 
   830:    0    0    0    0    0    0    0    0    0    0 
   840:    0    0    1   -1    0    0    0    0    0    0 
   850:    1    2    0   -1    0    1    0    0    0    0 
   860:    0    1    0    0    0    0    0    0    0    0 
   870:    1    0    0    0    0    0    0    0    0    0 
   880:    0    0    0    0    0    0    0    0    0    0 
   890:    0    0    0    0    0    1   -1    0    1    0 
   900:    1    0    0    0    0    0    0    0   -1    0 
   910:    0    0    0    0    0    0    0    0    0   -1 
   920:    0    0    0    0    0    0    0    0    0    0 
   930:    0    0    0    0    0    0    0    0    0    0 
   940:    0    0    0    0    0    0   -1    1    1   -1 
   950:    0   -1    0    0    1    0    0    1    0   -1 
   960:   -2   -2    0    0    0    0    0    0    0    0 
   970:    0   -1    0    1    0   -1    0    0    0    0 
   980:    0    0    0    0    0    0    0    0    0    0 
   990:    0    0    0    0    0    0   -1   -1   -2    0 
  1000:    0    0    0   -1   -2   -1    2    1    2    1 
  1010:    0   -3    0   -1    0    2    0    0    0   -1 
  1020:    1    1   -1    0    0    2   -1   -2    0    0 
  1030:    0    0    0    0    0    0    0    0    0    0 
  1040:    0    0    0    0    0    0    0    0    0    0 
  1050:   -1   -1   -1    0    0   -3   -2    1    2    1 
  1060:    1    0   -2   -3    0   -1    0    3    0    1 
  1070:   -1   -1   -1    0    0   -2    1    1    0   -2 
  1080:    0    0    0    0    0    0    0    0    0    0 
  1090:    0    0    0    0    0    0    0    0    0    0 
  1100:    0    0    0    0   -1    2   -1   -2   -1    0 
  1110:    1    0    0    0   -3   -2   -1    0    0    1 
  1120:   -1    0    0    0    1    0    1    1    2    1 
  1130:    1    0    0    0    0    0    0    0    0    0 
  1140:    0    0    0    0    0    0    0    0    0    0 
  1150:    0    0    0    1    0    0   -1    1    0   -2 
  1160:    0    2    1    2   -1    0    2   -1   -1    1 
  1170:   -2   -3   -1    0    1    0    3    3    2    2 
  1180:   -1   -1    0    0    0    0    0    0    0    0 
  1190:    0    0    0    0    0    0    0    0    0    0 
  1200:    0    0    0    0    1   -1   -2    0    1    0 
  1210:    0    1   -1    0    0    0    0    0    2    0 
  1220:    0   -2    0    0    1    1   -3   -2    1   -1 
  1230:    0   -2   -1    0   -2    0    0    0    0    0 
  1240:    0    0    0    0    0    0    0    0    0    0 
  1250:    0    0    0    0    0    0    0   -2    0    3 
  1260:    2    0   -2    1    1   -2    2    0    0    1 
  1270:    0    0    2   -5   -1    2    1   -2    0    2 
  1280:    2   -2    0    1    3    2   -1    0    0    0 
  1290:    0    0    0    0    0    0    0    0    0    0 
  1300:    0    0    0    0    0    0    0    0    0   -1 
  1310:   -1    1    0   -2    0    0    0   -1    2    1 
  1320:   -2    1    2    2    3   -2    0   -1   -3   -2 
  1330:    4    2   -3    1   -1    0    2   -3   -2    0 
  1340:    0    0    0    0    0    0    0    0    0    0 
  1350:    0    0    0    0    0    0    0    0    0    0 
  1360:    0    3    2    0   -1   -1    2    0    1   -1 
  1370:    0    1   -3    1    1    1    0    0   -1   -3 
  1380:   -1    2    1   -2    1    0   -2    1    0   -2 
  1390:    0    0    0    0    0    0    0    0    0    0 
  1400:    0    0    0    0    0    0    0    0    0    0 
  1410:    0    0    0    1    1    0    0    0    0    0 
  1420:    1    0   -1    0    0   -1    0    0    0    0 
  1430:   -2    0   -3    0   -1    1    2   -2    3    0 
  1440:    0   -1    0    0    0    0    0    0    0    0 
  1450:    0    0    0    0    0    0    0    0    0    0 
  1460:    0    0    0    0    0    2    1    1    1    0 
  1470:   -1    0    0   -1   -2    0    1    0   -1    0 
  1480:    0    0   -1    0    0    0    1    2   -3    2 
  1490:    0   -1    1    1    1    0    0    0    0    0 
  1500:    0    0    0    0    0    0    0    0    0    0 
  1510:    0    0    0    0    0    0    0    0    1   -1 
  1520:    0    0   -1    0    0    0   -1    0    1   -1 
  1530:   -2    0    1    1    0    0    0    1    2    0 
  1540:    0    3    0   -1    2    0    0    0    0    0 
  1550:    0    0    0    0    0    0    0    0    0    0 
  1560:    0    0    0    0    0    0    0    0    0    0 
  1570:    0    0    0    1    0    0    0   -1    0    0 
  1580:    1   -1   -1    1    2    0    0    2    0    0 
  1590:   -1    0    0    1    0    0    1    0    0    0 
  1600:    0    0    0    0    0    0    0    0    0    0 
  1610:    0    0    0    0    0    0    0    0    0    0 
  1620:    0    0    0    1    1    2    0    0    1   -3 
  1630:    1    0   -1    0    1    0    0   -1   -1    1 
  1640:    0    1   -1    0   -1    0    0   -1   -1   -1 
  1650:    0    0    0    0    0    0    0    0    0    0 
  1660:    0    0    0    0    0    0    0    0    0    0 
  1670:    0    0    0    0    0    0    1    1   -1   -2 
  1680:    2   -1    2    1    1    0   -1    0    1    0 
  1690:    0    0   -1    0    0    0   -2    1    0   -2 
  1700:   -1   -1    0    0    0    0    0    0    0    0 
  1710:    0    0    0    0    0    0    0    0    0    0 
  1720:    0    0    0    0    0    0    2    2    1    0 
  1730:    1    0    0    0    1    1    1    0    0    0 
  1740:   -2    1    0    0    1   -1    0    0   -2    0 
  1750:    1    0   -2    0    0    0    0    0    0    0 
  1760:    0    0    0    0    0    0    0    0    0    0 
  1770:    0    0    0    0    0    0    0    1    1    0 
  1780:   -1    1    0    0    0    1    1    1    1   -1 
  1790:    0   -1   -1    1    1   -2    1   -1    0    0 
  1800:   -1    1    1   -1   -1    0    0    0    0    0 
  1810:    0    0    0    0    0    0    0    0    0    0 
  1820:    0    0    0    0    0    0    0    0    0    1 
  1830:    1   -1   -1    1    0    0   -2    2    1   -1 
  1840:    2    2    2   -1    1    0    0    0   -2    1 
  1850:    1    0   -2    0   -1   -1   -1    0    0    0 
  1860:    0    0    0    0    0    0    0    0    0    0 
  1870:    0    0    0    0    0    0    0    0    0    0 
  1880:    0    0    1    0    1    0    0    1   -1    1 
  1890:    0    0    2    0   -1    0    0    0   -2   -1 
  1900:   -2    1    0   -1   -1   -1    0    0   -3    0 
  1910:    0    0    0    0    0    0    0    0    0    0 
  1920:    0    0    0    0    0    0    0    0    0    0 
  1930:    0    0    0   -1    2    1    1   -1    0    0 
  1940:    0    0    0    1   -1   -1    0    1    1    1 
  1950:    0   -1    0    0    0    1   -1    0   -1   -1 
  1960:   -2    0    0    0    0    0    0    0    0    0 
  1970:    0    0    0    0    0    0    0    0    0    0 
  1980:    0    0    0    0    1    0    1    0    1    0 
  1990:   -1   -1   -1    0    0    0   -1   -2   -1    1 
  2000:    1   -1   -3   -1    0   -1    1    1    0   -2 
  2010:    0    2    0    0    0    0    0    0    0    0 
  2020:    0    0    0    0    0    0    0    0    0    0 
  2030:    0    0    0    0    0    0    1    0    0    0 
  2040:    1    0    0   -1   -2    0    1    1    1    0 
  2050:    2    0   -4   -1   -1    0    0   -1    1    1 
  2060:    1    1   -1    0    0    0    0    0    0    0 
  2070:    0    0    0    0    0    0    0    0    0    0 
  2080:    0    0    0    0    0    0    0    0   -1    0 
  2090:    0    1    1    0    3    0    2    0    0    1 
  2100:    1    1    1    0    1    1    2    0    0   -1 
  2110:    1    2    1    1    0   -1    0    0    0    0 
  2120:    0    0    0    0    0    0    0    0    0    0 
  2130:    0    0    0    0    0    0    0    0    0    0 
  2140:    0    3    1    0    0   -1    2   -1    0    1 
  2150:   -1    1    0    0    1   -1    2   -1    0    1 
  2160:   -2    0    2   -1   -1    1    0    0    1    1 
  2170:    0    0    0    0    0    0    0    0    0    0 
  2180:    0    0    0    0    0    0    0    0    0    0 
  2190:    0   -1    0    2    1    1   -1    0    1   -1 
  2200:    0   -1    0    0    0   -2    0    0   -2   -1 
  2210:   -1    1   -1    1   -1   -1    0    0    0   -1 
  2220:    0    1    0    0    0    0    0    0    0    0 
  2230:    0    0    0    0    0    0    0    0    0    0 
  2240:    0    0    0    0   -2    0   -1    2    1    2 
  2250:    0    0    0   -1    0   -1    0    0   -1    1 
  2260:   -2   -1   -2    1    1   -1   -1    0    0    2 
  2270:   -1    0    2    1   -1    0    0    0    0    0 
  2280:    0    0    0    0    0    0    0    0    0    0 
  2290:    0    0    0    0    0    1    1    1   -2   -1 
  2300:    1    0   -1    1   -1    0    1    2    0    0 
  2310:    1    2    0   -1   -1    1    0   -1    0    0 
  2320:    2   -2   -1    0    1    1    0    0    0    0 
  2330:    0    0    0    0    0    0    0    0   -1    0 
  2340:    0    0    0    0    0    0    0    0    0    1 
  2350:   -1   -1    0   -1    0    1    0    0    1    2 
  2360:    0   -1    1    2   -1    0   -1    0   -1   -1 
  2370:    0    0    2   -2    0    0    0    0    1    0 
  2380:    0    0    0    0    0    0    0    0    0    0 
  2390:    0    0    1    0    0    0    0    0    0    0 
  2400:    0    0    0    1    0   -1    0    0   -1    0 
  2410:    0    0    0    0    0    0    0    0    1    0 
  2420:    0    0    0    0    0    0    0    1    0    0 
  2430:    1    0    0    0    1    0    0    0    0    0 
  2440:    0    0    0    0   -1    0    0    0    0    0 
  2450:    0   -1    1    1    0    0    0   -1    1    1 
  2460:    0    0    0    0   -1    0    0    0    0   -1 
  2470:    0    0    0    0    0    0    0    0    0    1 
  2480:    1    0    0    0    0    0    0    0    0    0 
  2490:    0    0    0    1    0   -1 
