     0:   88   87   88   83   89   61   64   69   93   94 
    10:   83   84   85   85   82   87   58   47   95   88 
    20:   88   85   84   31   -2   -6  -19   28   31   79 
    30:   92   91   89   94   74   89   91   87   88   85 
    40:   87    4  -20  -27  -11  -21  -12  -14   -9   26 
    50:   32   41   22    9   40   88   85   85   87   30 
    60:  -56  -40  -33  -29  -19  -21  -18   -2   -5    7 
    70:   -7   13    5   -4   78   84   82   74  -50  -62 
    80:  -29  -46  -38  -34  -32  -19   -8   13    9   -1 
    90:  -13  -19  -20   55   87   93   20  -73  -43  -52 
   100:  -54  -58  -40  -39  -36  -17    5   13  -20  -42 
   110:  -24  -56   13   95   93  -31  -73  -65  -51  -65 
   120:  -69  -61  -44  -34  -19   -1    6   -1  -46  -47 
   130:  -35   -2   88   98  -33  -56  -57  -52  -54  -62 
   140:  -57  -45  -22  -10  -10   -6  -28  -43  -37  -53 
   150:  -13   76   71  -63  -63  -56  -51  -64  -55  -51 
   160:  -48  -29  -18  -26  -13  -13  -45  -41  -46  -34 
   170:   64   72  -88  -59  -57  -59  -49  -44  -51  -37 
   180:  -18  -11  -19  -18  -18  -30  -67  -62  -34   54 
   190:   63  -93  -75  -67  -49  -46  -43  -49  -43  -25 
   200:  -19  -26  -20  -30  -31  -54  -61  -32   65   70 
   210:  -88  -82  -62  -61  -52  -46  -32  -37  -28  -26 
   220:  -28  -29  -38  -42  -60  -61    0   85   91  -50 
   230:  -79  -78  -49  -38  -50  -41  -45  -44  -47  -37 
   240:  -39  -42  -38  -54  -61   40   90   94   -3  -71 
   250:  -77  -45  -50  -57  -37  -37  -58  -43  -24  -22 
   260:  -17  -28  -61  -25   63   85   85   74   -3  -54 
   270:  -67  -47  -59  -59  -33  -35  -15   28   34   25 
   280:   23   33   25   70   87   88   86   88   62   -3 
   290:  -38  -20  -36  -26    4   43   79   64   44   32 
   300:   15   25   83   85   87   84   83   29   -9  -39 
   310:  -39  -49  -57  -33   10   59   16   12   37   38 
   320:   53   89   86   86   89    8   -9  -27  -32  -45 
   330:  -46  -37  -19   16   30    9   20   63   83   85 
   340:   88   88   55   37   -7   -2   15   16   12    7 
   350:   11   16   37   41   29   57   87   85   86   87 
   360:   87 
