     0:    0    0    0    0    0    0    0    0    0    0 
    10:    0    0    0    0    0    0    0    0    0    0 
    20:    0    0    0    0    0    0    0    0    0    0 
    30:    0    0    0    0    0    0    0    0    0    0 
    40:    0    0    0    0    0    0    0    0    0    0 
    50:    0    0    0    0    0    0    0    0    0    0 
    60:    0    0    0    0    0    0    0    0    0    0 
    70:    0    0    0    0    0    0    0    0    0    0 
    80:    0    0    0    0    0    0    0    0    0    0 
    90:    0    0    0    0    0    0    0    0    0    0 
   100:    0    0    0    0    0    0    0    0    0    0 
   110:    0    0    0    0    0    0    0    0    0    0 
   120:    0    0    0    0    0    0    0    0    0    0 
   130:    0    0    0    0    0    0    0    0    0    0 
   140:    0    0    0    0    0    0    0    0    0    0 
   150:    0    0    0    0    0    0    0    0    0    0 
   160:    0    0    0    0    0    0    0    0    0   -2 
   170:    0    0    0    0    0    0    0    0    0    0 
   180:    0    0    0    0    0    0    0    0    0    0 
   190:    0    0    0    0    0    0    0    0    0    1 
   200:    0    0    0    0    0    0    0    0    0    0 
   210:    0    0    0    0    0    0    0    0    0    0 
   220:    0    1   -2    1   -1    1    1    2    0    1 
   230:    1    0    0    0    0    0    0    0    0    0 
   240:    0    0    0    0    1    0    0    1    0    1 
   250:    0    0    0    0    0    0    0    0    0    0 
   260:    0    0    0    0    0    0    0    0    0    0 
   270:    0   -1    1   -1    0    0    1    0   -1    1 
   280:   -2    0    0   -1    0    0   -1    0    1    0 
   290:   -1    1    0    0    0    0    0    0    0    0 
   300:    0    0    0   -1    0    0    0    0    0    0 
   310:    0    0    0    0    0    0    0    0    0    0 
   320:    0    0    2   -1    0    0    1   -1    0   -1 
   330:    0   -2    2   -2    1    3    0   -1   -1    0 
   340:   -1   -3    1   -1    1    0    0    0   -1    1 
   350:    0    0    0    0    0    0    0    0    0    0 
   360:    0    0    0    0    0    0    0    0    0    0 
   370:    0    0    0    0    0    1    0    1    1    0 
   380:    0    0    1    0   -1    1   -1   -1    0    1 
   390:   -1    0   -2    3   -3    4   -3    1   -1   -1 
   400:    1    0    0    0    0    0    0    0    0    0 
   410:    0    0    0    0    0    0    0    0    0    0 
   420:    0    0    0    0    0   -1    0    0    0   -1 
   430:   -1    1   -2    1    0    1   -2    1   -1    1 
   440:    0   -1    3   -3    3   -5    6   -2   -3    1 
   450:    0    1    0   -1    0    0    0    0    0    0 
   460:    0    0    0    0    0    0    0    0    0    0 
   470:    0    0    0    0    0    0    0    0    2   -1 
   480:    2   -1    2   -1    0    0    0   -2    3   -2 
   490:    1    0    0    0   -2    1   -1    2   -3   -3 
   500:    1    1    0    0    0    0   -1   -1    0    0 
   510:    0    0    0    0    0    0    0    0    0    0 
   520:    0    0    0    0    0    0    0    0    0    0 
   530:   -1    0    0    0    0    0    0    1    0    1 
   540:    0    0    0    1    0   -3   -1    3   -3    2 
   550:   -1    0    2    2   -1    0    0    0    0    0 
   560:    0   -1    0    0    0    0    0    0    0    0 
   570:    0    0    0    0    0    0    0    0    0    0 
   580:    0    0    0   -1    1   -1    0   -1    0    0 
   590:    1    0   -1    0    0   -2   -1    0    3    0 
   600:    1    0    0    0    0    1   -1    0   -1    0 
   610:    0    0    0    0    0    0    0    0    0    0 
   620:    0    0    0    0    0    0    0    0    0    0 
   630:    0    0    0    1    0    0    0    0    0    0 
   640:    0   -1   -1    0   -1    0   -1    0    1    0 
   650:    0   -1    0    0   -1    0    0   -1    0   -1 
   660:    1   -1    0    0    0    0    0    0    0    0 
   670:    0    0    0    0    0    0    0    0    0    0 
   680:    0    0    0    0    1    0    0    0    0    0 
   690:   -1    0    1   -1    0    0    0    0    0    0 
   700:    1    0    0    0    0    0    1    0    1    0 
   710:    0    0    0    0    0    0    0    0    0    0 
   720:    0    0    0    0    0    0    0    0    0    0 
   730:    0    0    0    0    0    0   -1    0   -1    0 
   740:    0    0    0    1    0    0    0   -1    0    0 
   750:    1   -1   -1    0    0    0    0    0    0    1 
   760:    0    0   -1    1    1    0   -1    1    0    0 
   770:    0    0    0    0    0    0    0    0    0    0 
   780:    0    0    0    0    0    0    0    0    0   -1 
   790:    0   -1    0    0    1   -1   -1    1    0    1 
   800:    0    0    0   -1    1   -1    0    1    0    1 
   810:    0    0    0    0    2    0    1   -1    1   -1 
   820:    0    0    0    0    0    0    0    0    0    0 
   830:    0    0    0    0    0    0    0    0    0    0 
   840:    0    1   -1    1   -1    1   -1    0   -1    0 
   850:    1    0   -1    0    0    0    0    0    0    0 
   860:    0    0    0   -1    1    0   -1    0    0    2 
   870:    0    0    0    0    0    0    0    0    0    0 
   880:    0    0    0    0    0    0    0    0    0    0 
   890:    0    0   -1    0    0    0    0    0    1    1 
   900:    1    0    0    0   -1    1   -1    0    1   -1 
   910:    0    0    0    0    0    2    0    1   -2    0 
   920:    0    0   -1    0    0    0    0    0    0    0 
   930:    0    0    0    0    0    0    0    0    0    0 
   940:    0    0    0    0    1   -1    1    0    1   -1 
   950:    0    0   -1   -1    1    0    1    0    1    1 
   960:    0   -1    0    1    0    1   -2    0    0   -1 
   970:    2    0    1    0    0    0    0    0    0    0 
   980:    0    0    0    0    0    0    0    0    0    0 
   990:    0    0    0    0    0    0    0   -2    1   -1 
  1000:    0   -1    1    0    1   -1    1   -1    1   -1 
  1010:    1    0    0    1    0   -1    0    0    0    0 
  1020:    0    1   -2    2    0    0    0    0    0    0 
  1030:    0    0    0    0    0    0    0    0    0    0 
  1040:    0    0    0    0    0    0    0    0   -1    2 
  1050:   -1    1    0    1    0    0    0   -1    1    0 
  1060:   -1    1   -1    1    0    0    0    1   -2    2 
  1070:   -1   -1   -1    0   -1    1   -1    1   -1    0 
  1080:   -1    0    0    0    0    0    0    0    0    0 
  1090:    0    0    0    0    0    0    0    0    0    0 
  1100:    1   -1    2    1   -1   -1    0    1   -1    0 
  1110:    0   -1    0    0   -1    0   -1    1    0    0 
  1120:    0    1    0    0    1    0    1   -2    1   -1 
  1130:   -1    0    0    0    0    0    0    0    0    0 
  1140:    0    0    0    0    0    0    0    0    0    0 
  1150:    0    0    0   -1   -2    0    0    0    0   -2 
  1160:   -1   -1    1    1    0    0    0    0    0    0 
  1170:    0   -1    1    1   -3    3   -1    1    0    0 
  1180:   -1    1    0    1    0    0    0    0    0    0 
  1190:    0    0    0    0    0    0    0    0    0    0 
  1200:    0    0    0    0    0   -1    1    0   -1    1 
  1210:    0    0    0    0   -1    0    2   -1    0    0 
  1220:    0    1    0    0    0    0    1   -2    0   -2 
  1230:    1    0   -1   -1    1    0    0    0    0    0 
  1240:    0    0    0    0    0    0    0    0    0    0 
  1250:    0    0    0    0    0    0    0    1    0   -1 
  1260:    1   -2    1    0    0    0   -1    1   -1    1 
  1270:    1    0   -2    0    1    0    1   -1    0    0 
  1280:   -2    2    0    0    0    0    0    1    0    0 
  1290:    0    0    0    0    0    0    0    0    0    0 
  1300:    0    0    0    0    0    0    0    0    0   -1 
  1310:   -2    0    0    0   -1    0   -1    1    1    0 
  1320:   -1    0   -1    0    1   -1    0   -1    1    0 
  1330:    0    1    1   -2    0    0    1    0   -1    0 
  1340:    0    0    0    0    0    0    0    0    0    0 
  1350:    0    0    0    0    0    0    0    0    0    0 
  1360:    0    1    1    0    2    0    0    0    1   -1 
  1370:   -3    0    0    1   -1    0   -2    0   -2    1 
  1380:   -1    0    2    0    1   -1   -1   -1    1   -1 
  1390:    2    1    0    0    0    0    0    0    0    0 
  1400:    0    0    0    0    0    0    0    0    0    0 
  1410:    0    0    0    0    2    1    0   -1    1   -1 
  1420:   -1    0    1    0    1    0    0   -1    0    0 
  1430:    1    0    0    0    1    0    0    0   -1    0 
  1440:   -3    0   -1    0    0    0    0    0    0    0 
  1450:    0    0    0    0    0    0    0    0    0    0 
  1460:    0    0    0    0    0   -1   -2    1    1    0 
  1470:    0    0    0    0   -1    0    0   -1    1    0 
  1480:    0    0    1    0    0    0    0    0    2    0 
  1490:    3   -1    0    1   -1    0    0    0    0    0 
  1500:    0    0    0    0    0    0    0    0    0    0 
  1510:    0    0    0    0    0    0    0    0    0    0 
  1520:    1   -1    2    0    0   -1    3   -1    0   -2 
  1530:    1    0   -1    0   -1    0    0    1    0    0 
  1540:    0   -1   -1    0   -1    0    0    0    0    0 
  1550:    0    0    0    0    0    0    0    0    0    0 
  1560:    0    0    0    0    0    0    0    0    0    0 
  1570:    1   -1    0    1    0   -1   -1   -1   -2    1 
  1580:    0    0   -1   -2    2   -2   -1    1   -1    0 
  1590:    0    0    0    0    0    0    1    0    0    0 
  1600:    0    0    0    0    0    0    0    0    0    0 
  1610:    0    0    0    0    0    0    0    0    0    0 
  1620:    0    0    1    0    0    1    0    0   -1    2 
  1630:   -1    1    1    1   -1    3    0    1   -1    0 
  1640:    1   -1    1    0   -1    1    0    1    0    0 
  1650:    0    0    0    0    0    0    0    0    0    0 
  1660:    0    0    0    0    0    0    0    0    0    0 
  1670:    0    0    0    0    1    1    0   -1    0   -1 
  1680:    0    1   -1    2    0   -1    1   -1    1   -3 
  1690:   -1    0   -1    1    0    1    2   -1    2    0 
  1700:    0    0    0    0    0    0    0    0    0    0 
  1710:    0    0    0    0    0    0    0    0    0    0 
  1720:    0    0    0    0    0    0   -1    1    0    0 
  1730:    1    1    2    0    0    0    0    0   -1    1 
  1740:    2    1    1   -1   -1    0    0    0    0    2 
  1750:   -1    0    1    0    0    0    0    0    0    0 
  1760:    0    0    0    0    0    0    0    0    0    0 
  1770:    0    0    0    0    0    0    0    0    0    0 
  1780:    0    1   -1    0    0    0    0   -1    0    1 
  1790:    1    2   -1    0    2   -1    0    0    0    0 
  1800:    0    0    1    0    0   -1    0    0    0    0 
  1810:    0    0    0    0    0    0    0    0    0    0 
  1820:    0    0    0    0    0    0    0    0    0    1 
  1830:    1    1    2   -1    1   -1   -1    1    1    1 
  1840:   -1   -2    1   -1    2    0    0    0    0    0 
  1850:    0    1   -2    0    0    0    1    0    0    0 
  1860:    0    0    0    0    0    0    0    0    0    0 
  1870:    0    0    0    0    0    0    0    0    0    0 
  1880:    0    0   -1   -2   -1    0    0    1    0   -1 
  1890:    0    0    0    0    0    0   -2    2   -2    0 
  1900:    0    0    1    0    0    0    0    1    0    0 
  1910:    0    0    0    0    0    0    0    0    0    0 
  1920:    0    0    0    0    0    0    0    0    0    0 
  1930:    0    0    0    0    2    0    0   -1   -1    0 
  1940:    2   -1    0    0   -1   -2    3    0    0    0 
  1950:    3    1    2    0    0    0    1    0    0    0 
  1960:   -2    0    0    0    0    0    0    0    0    0 
  1970:    0    0    0    0    0    0    0    0    0    0 
  1980:    0    0    0    0    1    1   -1    0   -1    0 
  1990:   -1    1   -2    1    1    0    0    0   -2    0 
  2000:    0   -1    0    0    0   -1    0   -1    0    1 
  2010:   -1    0    0    0    0    0    0    0    0    0 
  2020:    0    0    0    0    0    0    0    0    0    0 
  2030:    0    0    0    0    0    0    0    1   -1   -1 
  2040:    0   -1    0   -1    2   -1    0   -1    0    0 
  2050:    3    1    0    2   -1   -2    0   -1    0    1 
  2060:   -1    1    0    1    0    0    0    0    0    0 
  2070:    0    0    0    0    0    0    0    0    0    0 
  2080:    0    0    0    0    0    0    0    0   -1    0 
  2090:    0    0    0    0   -1    0    0   -1   -2    1 
  2100:    1    1    1    0    1   -3    0    2   -1    0 
  2110:    1    0    0   -1   -1    0    0   -1    0    0 
  2120:    0    0    0    0    0    0    0    0    0    0 
  2130:    0    0    0    0    0    0    0    0    0    0 
  2140:    0    0   -1    0    2    0    1   -1    0   -1 
  2150:    0    0   -2    0    0    0    0    0    0    0 
  2160:    0    1    0   -1    0    1    0    1   -1    0 
  2170:    0    0    0    0    0    0    0    0    0    0 
  2180:    0    0    0    0    0    0    0    0    0    0 
  2190:    0    0    0    0   -1    0    0    0    0    1 
  2200:    0    0   -2   -2    1   -1   -2    1   -1    0 
  2210:    0   -1    0   -1    0    0   -1    0    0   -1 
  2220:    1    1    0    0    0    0    0    0    0    0 
  2230:    0    0    0    0    0    0    0    0    0    0 
  2240:    0    0    0    0    0   -1    0    1   -1    0 
  2250:    0    0   -1   -1    3    0    0   -1   -2    2 
  2260:    1    0   -1    1    1   -1   -2    2    0    1 
  2270:    1    1    0    0   -1    0    0    0    0    0 
  2280:    0    0    0    0    0    0    0    0    0    0 
  2290:    0    0    0    0    0   -1    0   -2    0   -1 
  2300:    0   -1    1   -1   -1    1    0   -1   -2   -1 
  2310:    0    0   -1   -1    1    0    0    0    1    0 
  2320:   -1    0    1    0    1    0    0    0    0    0 
  2330:    0    0    0    0    0    0    0    0    0    0 
  2340:    0    0    0    1    0    0    0    1    0    0 
  2350:    0   -1    1    0    0    0    0    0    0    0 
  2360:    1    0    0    0    1   -1    0    0    0    0 
  2370:    0   -1    0    0   -1    0    0    1    0    0 
  2380:    0    0    0    0    0    0    0    0    0    0 
  2390:    0    0    0    0    0    0    0    0    0    0 
  2400:    0    0    1    0    0    0    0    0    0    0 
  2410:    0    0    0    0    0    0    0    0    0    0 
  2420:    0    0    0    0    0    0    0    0    0    0 
  2430:    0    0    0   -1    0    0    0    0    0    0 
  2440:    0    0    0    0   -1    0    0    0    0    1 
  2450:    0    0    0    0    0   -2   -1    0   -1    1 
  2460:   -1    0    0    2   -3    0    0    0    0    1 
  2470:    0    0    1    1    0    1    0   -1    0    1 
  2480:    1    0   -1    0    0    0    0   -1    0    0 
  2490:    0   -1    0    0    1   -1 
