     0:    0    0    0    1    0    0    0   -1    0    0 
    10:    1    0    0    0    0    0    0    0    0    0 
    20:    0    0    0    0    0    0    0    0   -1    0 
    30:    0    0    1    0    0    0    0    0    0    0 
    40:    0    0    0    0    0    0    0    0    0    0 
    50:    0    0    0    0    0    0    0    0    0    0 
    60:    0    0    0    0    0    0    0    0    0    0 
    70:    0    0    0    0    0    0    0    0    0    0 
    80:    0    0    0    0    0    0    0    0    0    0 
    90:    0    0    0    0    0   -1    0    0    0    0 
   100:    0    0    0    0    0    0    0    0    0    0 
   110:    0    0    0    0    0    0    0    0    0    0 
   120:    0    0    0    0    0    0    0    0    0    0 
   130:    0    0    0    0    0    0    0    0    0    0 
   140:    0    0    0    0    0    0    0    0    0    0 
   150:    0    0    0    0    0    0    0    0    0    0 
   160:    0    0    0    0    0    0    0    0   -1    0 
   170:    3   -1    0    0    0    0    0    0    0    0 
   180:    0    0    0    0    0    0    0    0    0    0 
   190:    0    0    0    0    0    0    0    1    0    0 
   200:    0    0   -1    0    0    0    0    0    0    0 
   210:    0    0    0    0    0    0    0    0    0    0 
   220:    1    4   -4    1    0    1    1    1    1   -2 
   230:    2   -1    1   -1    1    0    0    0    0    0 
   240:    0    0    0    0    1    0   -1    0   -3    2 
   250:   -2    0    1   -3    3    0    0    0    0    0 
   260:    0    0    0    0    0    0    0    0    0    0 
   270:   -1    0   -2    0    3   -2    3   -5    1   -8 
   280:    0   -1    0   -3    3    3   -4    1    1    0 
   290:   -1    1    0    0    0    1   -2    0   -1    2 
   300:    0    2    0    0    1    0    0    0    0    0 
   310:    0    0    0    0    0    0    0    0    0    0 
   320:    0    0    3   -1   -1    4    4   -1   -7    3 
   330:   -3   -7    4   -5    6    2   -1    0   -1    4 
   340:    3   -8    5   -3    4   -3   -4   -1    6    0 
   350:    1    0    0    0    0   -1   -1    0    0    0 
   360:    0    0    0    0    0    0    0    0    0    0 
   370:    0    0    0    0   -2    5   -2   -4    0   -3 
   380:    1   -4    1    5    1    2   -1   -2    3    2 
   390:   -3   -2   -5   16  -13   11   -1    3   -1    0 
   400:    1    0    0   -1    1    0    0    0    0    1 
   410:    2    0    0    0    0    0    0    0    0    0 
   420:    0    0    0    0    0    0   -4   -4    1    0 
   430:   -1    0   -3    7   -1    2    0    5   -3    3 
   440:   -3    2   10  -11   10  -20   18  -11   -2    3 
   450:    0    2   -3   -1    3    0    0    0    0    0 
   460:    0    0   -2    0    0    0    0    0    0    0 
   470:    0    0    0    0    0    0    2   -7    4    4 
   480:   -4   -2    1    2    0    0    4   -2    1    3 
   490:   -3    0    3    4   -9   12   -3    6  -11    2 
   500:    2   -5   -4    0    3    0    0    0    0    0 
   510:    0    0   -1    1    0    0    0    0    0    0 
   520:    0    0    0    0    0    0    0    0   -2    3 
   530:    0    1    2    0    3   -2   -1   -2   -4    0 
   540:   -2    2   -3    6   -4   -5    9   -9   -7    4 
   550:   12   -4    1    0   -1   -1   -4   -2    2    1 
   560:   -2    0   -1    0    0    0    0    0    0    0 
   570:    0    0    0    0    0    0    0    0    0    0 
   580:    1    1    3    0    1   -1   -1   -3    5   -3 
   590:    5    0    3    0    4    0   -1    0   -8    3 
   600:    7   -3    2   -1   -3   -1    2    1   -3    6 
   610:   -2    0    1    0    1    0    0    0    0    0 
   620:    0    0    0    0    0    0    0    0    0    0 
   630:    0    0   -1    4   -3    3   -2   -2   -1   -1 
   640:   -2    3   -5    6   -3    1    1    3    3   -1 
   650:    1    1   -3    3   -2    1   -2   -2   -1    0 
   660:    2   -4    1    1    0    0    0    0    0    0 
   670:    0    0    0    0    0    0    0    0    0    0 
   680:    0    0    0    0    1   -2    1   -2    0   -1 
   690:   -2    1    2   -3    4    0    1    0    2   -3 
   700:   -1   -3    0    1    1   -2    1   -7    3    2 
   710:    2   -2   -2    1   -1    1    0    0    0    0 
   720:    0    0    0    0    0    0    0    0    0    0 
   730:    0    0    0    0    0    1   -3    1    0   -3 
   740:    1    1   -2   -1   -1    2   -4   -1    0   -1 
   750:   -3    1   -1    1    0   -4    3   -3   -2    2 
   760:   -6   -2   -1    6   -6    1   -1   -6    0    0 
   770:    0    0    0    0    0    0    0    0    0    0 
   780:    0    0    0    0    0    0    0   -1    0   -2 
   790:    1   -3    0    0   -1   -2   -4   -1    0    6 
   800:    0    1    2   -1    2   -1    0    3   -1    0 
   810:    0    3    2   -3    1   -3   -2   -3    3    0 
   820:    0    0    0    0    0    0    0    0    0    0 
   830:    0    0    0    0    0    0    0    0    0    1 
   840:    1   -2   -3    2   -1    0    0    4    3    0 
   850:   -1    2    6   -2    4   -3    1    4    0    1 
   860:   -3   -1    1   -6    3    2    1    4    1    3 
   870:    3    6   -1    0    0    0    0    0    0    0 
   880:    0    0    0    0    0    0    0    0    0    0 
   890:    0   -1    4    3    2    5    2    0    2    2 
   900:    4    3   -8    2   -3    2   -4    1   -2   -3 
   910:    0    4    0    0    0    5   -5   -2   -4    2 
   920:   -3    2   -2   -3    0    0    0    0    0    0 
   930:    0    0    0    0    0    0    0    0    0    0 
   940:    0    0    0    0    2    0    2   -1    1   -5 
   950:   -4   -5   -6   -6    4   -2    4   -3    0    1 
   960:    2   -2    0   -1    0   -1   -1   -5    1    1 
   970:    6   -3    2    1   -2    4   -1    0    0    0 
   980:    0    0    0    0    0    0    0    0    0    0 
   990:    0    0    0    0    0    1   -2    6   -1   -1 
  1000:   -1   -4    3    5    9    0    1    1   -1   -1 
  1010:    5   -1    2    2    0   -1   -3   -3    7    2 
  1020:    0   -1    0   -1    3    3    2   -1    1    0 
  1030:    0    0    0    0    0    0    0    0    0    0 
  1040:    0    0    0    0    0    0    0    0    0   -1 
  1050:    2   -1    3   -4   -2   -3   -7    0   -1    6 
  1060:    3    9   -5    1    1   -1   -2    2    1    3 
  1070:   -5    0   -3   -9    5   -3    1    2   -4    3 
  1080:   -2    0    0    0    0    0    0    0    0    0 
  1090:    0    0    0    0    0    0    0    0    0    0 
  1100:    1    6    3   -2    1    2    1    2   -5    3 
  1110:    5   -1   -2   -1    2   -2    1    0    1   -1 
  1120:    1   -2    1    1   -1   -3    5    0    3    1 
  1130:    3   -1    2    0    0    0    0    0    0    0 
  1140:    0    0    0    0    0    0    0    0    0    0 
  1150:    0    0   -1   -1   -3   -1    0    1    3   -2 
  1160:    5    1    1    0    3    0    2    1    2   -2 
  1170:    3    3   -5    8   -4    3   -4    7   -8    2 
  1180:   -3   -1   -2    0   -1    0    0    0    0    0 
  1190:    0    0    0    0    0    0    0    0    0    0 
  1200:    0    0    0    0   -1    0   -2    0    3    3 
  1210:    1    5   -3   -2    5    0    0    3   -1    0 
  1220:    0    2    3   -1    5   -6    5   -5    1   -3 
  1230:    2   -4    5    4    2   -1    0    0    0    0 
  1240:    0    0    0    0    0    0    0    0    0    0 
  1250:    0    0    0    0    0    0    0    0   -1    0 
  1260:   -5   -4    0   -6    1    0    0    1   -4    0 
  1270:   -3    1    0    0   -1    6    0    1   -8    1 
  1280:    4   -2    5   -2   -6    1   -2    1    0    0 
  1290:    0    0    0    0    0    0    0    0    0    0 
  1300:    0    0    0    0    0    0    0    0   -2    1 
  1310:   -7    0   -4    0   -2    2   -3    2    6    0 
  1320:    1   -3    2   -3   -2    0    0    1   -1   -5 
  1330:    0    0   -2   10   -2    0    1    0   -1   -3 
  1340:    0    0    0    0    0    0    0    0    0    0 
  1350:    0    0    0    0    0    0    0    0    0    0 
  1360:    0    5   -3    2   -1    4    4    1    3    1 
  1370:   -1   -1    3   -3   -2    2    2   -1    0    4 
  1380:   -3    4    2    0    3   -5    2   -2   -1    1 
  1390:    0    0    0    0    0    0    0    0    0    0 
  1400:    0    0    0    0    0    0    0    0    0    0 
  1410:    0    0    0    0   -5   -4    0   -3    5   -5 
  1420:   -1    1   -3    0   -3    4   -1   -3   -4   -4 
  1430:   -2    3    0    3   -3   -5    0    4   -1    6 
  1440:   -1    2   -3    1    0    0    0    0    0    0 
  1450:    0    0    0    0    0    0    0    0    0    0 
  1460:    0    0    0    0    0    0    2    1    4    5 
  1470:   -5   -1   -1   -1   -3    2    0   -1    0    1 
  1480:    0    1    2    2    2  -11    2    1    0    2 
  1490:    8   -5    4    1    8    0    0    0    0    0 
  1500:    0    0    0    0    0    0    0    0    0    0 
  1510:    0    0    0    0    0    0    0   -3    5    2 
  1520:   -8   -1    2    1    5    2    6   -4    5    1 
  1530:    0   -1    0   -1    0    0    0    5    1   -2 
  1540:    4    3   -7    1   -1    1   -3    0    0    0 
  1550:    0    0    0    0    0    0    0    0    0    0 
  1560:    0    0    0    0    0    0    0    0    0    1 
  1570:   -1    9    4   -4   -4    1   -3    1    0    0 
  1580:    3    0   -5    6   -1    4   -1    0    0    0 
  1590:    0    0    0    1    2    0   -1    3    0    0 
  1600:    0    0    0    0    0    0    0    0    0    0 
  1610:    0    0    0    0    0    0    0    0    0    0 
  1620:    0    0   -4    3   -1    2   -2    4   -3    0 
  1630:    3    1   -1   -2    0   -1   -3    2   -6   -2 
  1640:    3   -6    3    0   -1    0   -1    1   -1    0 
  1650:    0    0    0    0    0    0    0    0    0    0 
  1660:    0    0    0    0    0    0    0    0    0    0 
  1670:    0    0    0    0    3   -3   -5   -2    3    1 
  1680:    0    2   -3    3    0    7    3    0   -1   -6 
  1690:    1   -1   -1    6   -3   -3   10   -4    6   -4 
  1700:    2    0    1    0    0    0    0    0    0    0 
  1710:    0    0    0    0    0    0    0    0    0    0 
  1720:    0    0    0    0    0    2   -6    3   -5    3 
  1730:   -2   -1   -1   -5    5    0    1    2   -2   -1 
  1740:   -6   11   -3    2   -4    3    4    4   -5    4 
  1750:   -5    7   -4    4   -1    0    0    0    0    0 
  1760:    0    0    0    0    0    0    0    0    0    0 
  1770:    0    0    0    0    0    0    0   -1    3    7 
  1780:   -4    1    4   -4   -4    1   -3   -5    0    3 
  1790:    0    7   -2   -3    4    2    2   -4   -6    2 
  1800:    3    1    2   -5    2   -3    1    0    0    0 
  1810:    0    0    0    0    0    0    0    0    0    0 
  1820:    0    0    0    0    0    0    0    0    0   -3 
  1830:    0    5    1   -2    1    1   -4    0   -2    3 
  1840:    1   -4    4    2    6   -4   -2   -1   -1    0 
  1850:    2   -3   -5    2   -2    3    0    1    0    0 
  1860:    0    0    0    0    0    0    0    0    0    0 
  1870:    0    0    0    0    0    0    0    0    0    0 
  1880:    0    1   -1   -1    0    5   -2   -2    2    1 
  1890:   -3    1    0    9   -2    2   -1    2    0   -3 
  1900:   -2   -3    2   -1    4    0   -1    3    0   -4 
  1910:    1    0    0    0    0    0    0    0    0    0 
  1920:    0    0    0    0    0    0    0    0    0    0 
  1930:    0    0    0   -2    0    4    1   -6    0    3 
  1940:    1    2    0    7    4   -1   11    3    8   -6 
  1950:    8   -5    7    0    0    5   -1   -1    0   -2 
  1960:   -2    1    0    0    0    0    0    0    0    0 
  1970:    0    0    0    0    0    0    0    0    0    0 
  1980:    0    0    0    0    0   -1   -9    4   -8    5 
  1990:   -3    3   -7    1    2    1   -2   -1   -7    2 
  2000:   -8   -2   -3    0   -2   -2   -5   -2    6    0 
  2010:    0    2    0   -1    0    0    0    0    0    0 
  2020:    0    0    0    0    0    0    0    0    0    0 
  2030:    0    0    0    0    0    0    1   -4    6   -2 
  2040:    4   -3    8   -2    3   -3    0   -2   -4   -1 
  2050:    4    4    0    9   -3    1   -4    0   -1    1 
  2060:   -4    1   -1   -3   -5    0    0    0    0    0 
  2070:    0    0    0    0    0    0    0    0    0    0 
  2080:    0    0    0    0    0    0    0    0    1    2 
  2090:    0   -2   -1    0    1    1   -4    2   -1    4 
  2100:    1   -3   -6    3    0   -9    7    5   -1    3 
  2110:    1   -2    0   -2    1    0    3   -2    0    0 
  2120:    0    0    0    0    0    0    0    0    0    0 
  2130:    0    0    0    0    0    0    0    0    0   -1 
  2140:    2   -7    3    5    6    2    1   -5   -1    0 
  2150:    8    1   -2   -1    1    0   -3    2    3    3 
  2160:   -3    1   -1   -2    1   -5   -2    3   -3    0 
  2170:    0    0    0    0    0    0    0    0    0    0 
  2180:    0    0    0    0    0    0    0    0    0    0 
  2190:    0    0    1   -1    5    0   10   -1    0    4 
  2200:   -2    0   -5    2    3    2   -9    2    0   -3 
  2210:   -2    2    0   -2    3    2   -6    0    2   -4 
  2220:    3   -3    0    0    0    0    0    0    0    0 
  2230:    0    0    0    0    0    0    0    0    0    0 
  2240:    0    0    0    2    6   -5   -3    0   -1    1 
  2250:   -1   -3    2   -1    6    1   -7    0    3   -1 
  2260:   -1   -6    0   -3    5    1   -2   -1   -2   -1 
  2270:    0    3   -5    4   -1    0    0    0    0    0 
  2280:    0    0    0    0    0    0    0    0    0   -1 
  2290:    0   -1    1    0   -1   -5    0    5    6   -3 
  2300:    2    0    1   -2    0    0   -2    1    1    0 
  2310:    0   -1   -3    5    1    0   -1    1    1    4 
  2320:   -3    0   -2   -4    0   -2   -1   -1    0    0 
  2330:    0    0    0    0    0    0    0    0    0    0 
  2340:    0    1   -1    2   -1    0    3    1    4   -5 
  2350:   -3   -1   -2   -1    4   -4    1   -6    1    3 
  2360:   -8    4    3   -3   -7    0   -6    4   -4   -1 
  2370:   -1   -5    3   -1    0   -3    0   -2   -1    0 
  2380:    0    0    0    0    0    0    0    0    0    0 
  2390:   -1    0   -1   -1    1    2    2   -2   -3    0 
  2400:   -1    0    3    3    3    0   -2    1   -1    4 
  2410:   -1   -1    1   -1    0    0    1    1    1   -2 
  2420:    0    1    0    1    0    0   -1    2    0    2 
  2430:    0    0   -1    0    0    1    0    0    0   -1 
  2440:    2    0    2    0    1    2    0    1   -1   -6 
  2450:    2    0    0   -5   -2    4   -2   -2   -2    0 
  2460:    4   -3    0    1    0    0    0    0    0   -1 
  2470:    0    0    1    1    0    0   -1    0   -1    0 
  2480:   -1    0    0    1   -1    1    0   -1    0    0 
  2490:    0    0    0    0    1    0 
