     0:    0    0    0    0    0    0    0    0    0   -1 
    10:    0   -1    0    0    1    0    0    0    0    0 
    20:    0    0    0    0    0    0    0    0    0    0 
    30:    0    0   -1    0    0    0    0    0    0    0 
    40:    0    0    0    0   -1    0   -1    1    1    1 
    50:    1    0    0    0    1    0    0    0    0    0 
    60:    0    0    0    0    0    0    0    0    0    0 
    70:    0    0    0    0    0    0    0    0    0    0 
    80:    0   -2   -1   -2   -1    0    0    2    0    0 
    90:    0    0   -1    0    0    0    0    0    0    0 
   100:    0    0    0    0    0    0    0    0    0    0 
   110:    0    0    0    0    0    0    0   -1   -1   -1 
   120:   -1   -2   -2   -2    0    0    0    1   -1    1 
   130:    2    0    1    1    0   -1   -1   -1   -1   -1 
   140:    0    1    0    0    0    0    0    0    0    0 
   150:    0    0    1    1   -1   -1    0    0    0    2 
   160:    0   -2   -1   -2    1    0    0    1   -1    2 
   170:    0   -1   -2   -1   -2   -1   -1    0    1    0 
   180:    0    0    0    0    0    0    0    0    0    1 
   190:    1    0    0    0    0    2    2    2    1    1 
   200:    0    0    0    0   -2    1    2   -1   -2   -2 
   210:   -2   -2   -1   -1    0    0    1    1    0    0 
   220:    0    0    0    0    0    1    1    0    0    0 
   230:   -1    1    2    0   -1    0    1    2   -1    0 
   240:    1   -2    2    1   -1   -1   -2   -1   -2   -2 
   250:   -1   -1    0    0    2    0    0    0    0    0 
   260:    0    0    0    0    0    0    0    0    0    0 
   270:   -2   -1    0   -1    0    0    1   -2    1    1 
   280:    1    0   -1    0   -1   -2   -2    0   -1    0 
   290:    0    0    0    0    0    0    0    0    0    0 
   300:    0    0    0    0    0    0    0    0    0    0 
   310:    0    1    0    0    0    1    1    1    1    0 
   320:   -1   -1   -1   -1   -1   -1    0    1    0    0 
   330:    0    0    0    0    0    0    0    0    0    0 
   340:   -2    0    0    0    0    0    0    0    1   -1 
   350:    0    0    0    1    1    1    1    0    1    0 
   360:    0    0    0    0    1   -1    0    0    0    0 
   370:    0    0    0    1    0    0    0    0    0    0 
   380:    0    0    0    0   -1   -1    0    1   -1   -1 
   390:    0    0    0    0   -1    0    0    0   -1    0 
   400:    1    0   -1   -1    0    0    0    0    0    0 
   410:   -1    0    1    0    0    0    0    0    0    0 
   420:    0    0    1    1    0    0    0   -1    0    0 
   430:    0    0    0    0    0   -1   -1    0    1    1 
   440:    1    0    0    0    0    0    0    0    0    0 
   450:    0   -1    0    0    0    0    0    0    0    0 
   460:   -1    0    1   -1    0    0    0    0    1    0 
   470:   -1   -1    0    0    0    0    2    2    0    0 
   480:    0    0    0    0    0    0    0    0    0    1 
   490:    0    0    0    0    0    0    0    0    0    0 
   500:    0    0    0    0    0    0    0    0   -1   -1 
   510:    0    0    0    0    1    1    1    0    0   -1 
   520:    0    0    0   -1    0    0    0    0    0    0 
   530:    0    0    0    0    0    0    0    0    0    0 
   540:    1    0   -2    1    1    0    0    0    0    0 
   550:   -1    0    0    0    0    0    0    0    0    0 
   560:    0    0    0    0    0    0    0    0    0    0 
   570:    0    0    0    0    0   -1    0    1    2    1 
   580:    2    2    1    1    1    1    0   -2    0    0 
   590:    0    0    0    0    0    0    0    0    0    0 
   600:    0    0    0    0    0    0    0    0    0    0 
   610:    0    0    0   -1   -1    1    1    0    1    1 
   620:    1    0    0   -1   -1    1    1   -1    0    0 
   630:    0    0   -1    1    1    0    0    0    1    0 
   640:    0    0    0    0    0    1    0    0    2    1 
   650:   -2    0    2   -1    0    0   -2   -1   -1   -1 
   660:   -1    0    2    1   -1    0    0   -1    0    0 
   670:    1    0   -1   -1    0    0    0    0    0    0 
   680:    0    0    0    0    0    1    1    0    1    1 
   690:   -2    2   -1   -2   -1   -1   -1   -2   -1    0 
   700:    0   -1    0    0    0    0    0    0    1    0 
   710:    0    0    0    0    0    0    0    0    0    0 
   720:    1    0    0   -2    0    2   -1    2    0   -3 
   730:    1    0    0    1    0    0    1   -1    0    0 
   740:    0    0    0    0    0    1    0    0    0    0 
   750:   -1    0    0    1    0   -1   -1    0    0   -1 
   760:   -1    2    1   -2    0   -2    0    2   -2    1 
   770:    2    0    0   -2   -1    1    0    0   -1    0 
   780:    0    0    0   -1    0   -1    0    0    0    0 
   790:    0    1    0    0    0   -1   -1    1    1   -2 
   800:    0   -1   -2    1   -1    0    2   -1    0   -1 
   810:   -1    1    1    0   -1   -2   -1    0    0   -2 
   820:    0   -1   -2   -1    0   -1    0   -1    0    0 
   830:    0    0   -1   -1    1   -1    0    0    0    1 
   840:    0   -1    1    1   -1    1    0    0    0    0 
   850:    0    0   -1   -1    0    3    0    1    0    0 
   860:    0    0    0   -1    0   -3    0    1   -1   -1 
   870:    0    0    0    0   -1    0    0    0    0    0 
   880:    0    0    1    0    2    0    0    0    0    1 
   890:   -2   -1    1    1    1   -1    0    0    1    0 
   900:    0   -1    0    0   -1   -1   -1    0    0   -1 
   910:    0    0    0   -1    0   -1    0    0    0   -1 
   920:   -1    1    0    0    0    0    1   -1   -1    0 
   930:    0    2    0   -1    1    0   -1    0   -1    1 
   940:    1    0    0    0   -1    0    0    0    0    0 
   950:   -1    0    0    0   -1    0    0    0    0    0 
   960:    0    0    0    1    1    0   -1    0    1    0 
   970:   -1    1    0    1   -1    0    1    0    1   -1 
   980:    0    0   -1   -1    1    0    0    0   -1    0 
   990:    0   -1    1    0    1    0    0    0    0    0 
  1000:    0    1    0    0    0    1    1    0    1    1 
  1010:    1   -1    1    0    0    1   -1    0    1   -1 
  1020:   -1    0    0   -2   -1    0   -1    0    0    1 
  1030:   -2   -1    0    0    0    0    0    0    0    0 
  1040:    1   -1    2    0    0    0    1    1    0    0 
  1050:    0    0    1    1    0    0    0    0   -2    0 
  1060:   -2   -1    0    0    0    0    0    1   -1    1 
  1070:    0    0    0    0    0    0    0    0    0    0 
  1080:    1   -1    0    0    1    0    0    0    0    1 
  1090:    0    0    1    0    0    0    0    0    0    0 
  1100:    1    0   -2   -1    0    0    0    0    0    0 
  1110:    0    0    0    0    0    0   -1    1    0    0 
  1120:    0    1    1    0   -1   -1    1   -1    1    0 
  1130:    1    0    0    1   -1    0    0    1    0    0 
  1140:   -1   -1    0    0    0    0    0    0    0    0 
  1150:    0    0    0    0    0    1    0   -1   -1    1 
  1160:   -1   -1    2    1    1    0    0    1    0    1 
  1170:   -1    0    1   -1   -1    1    0    0    0   -1 
  1180:    0    0    0    0    0    0    0    0    0    2 
  1190:    0    1    0    1    0    0    0   -2   -1    2 
  1200:    0    1    1    0    0   -1    1    0   -1    0 
  1210:    0   -2    0    0    0    0    0    0    0    0 
  1220:    0    0    0    0    0   -2    1   -1    2    0 
  1230:   -1    2    0    0   -2   -1    1    0    1    0 
  1240:    1    0   -1    0    1    1   -3    0    1    0 
  1250:    0    0    0    0    0    0    0    0    0    0 
  1260:    0   -1    0   -1   -1    2   -1   -2   -1    0 
  1270:    1    0    2   -1    2    0    0    0    0    0 
  1280:    1    0    0   -1   -1    0    1    0    0    0 
  1290:    0    0    0    0    0    0    0    0    1    1 
  1300:   -1   -1    1    0    0   -2   -1    0    0    1 
  1310:    0   -1   -2    2   -2    0    1    1    1   -1 
  1320:    0    0    0    1    0    0    0    0    0    0 
  1330:    0    0    0    0    0    1    0    0    0    1 
  1340:    1    0    0    0    0    0    1    0   -1   -1 
  1350:    1    0    0    0    0    0    0    0    0    0 
  1360:    0    0    0    0    0    0    0    0    0    0 
  1370:    0    0    0    0    0    0    0    0    0    0 
  1380:    0    0    0    0    0    0    0    0    0    0 
  1390:    0    0    0    0    0    0    0    0    0    0 
  1400:    0    0    0    0    0    0 
