     0:    0    0    0    0    0    0    0    0    0   -1 
    10:    0   -1   -1    1    0    0    0    0    0    0 
    20:    0    0    0    0    0    0    0    0    0    0 
    30:    0    0    0    0    0    0    0    0    0    0 
    40:    0    0    0    0   -1    1   -1   -1    0    0 
    50:    0    0    0    0    0    0    0    0    0    0 
    60:    0    0    0    0    0    0    0    0    0    0 
    70:    0    0    0    0    0    0    0    0    1   -1 
    80:    0   -2    1    0   -1    0    0    0    0    0 
    90:    0    0    0    0    0    0    0    0    0    0 
   100:    0    1   -1    0    0    0    0    0    0    0 
   110:    0    0    0    0    0    1   -1    0    0   -1 
   120:    0    0    1    0   -1    0    0    1    0    0 
   130:    0    0    0    0   -1    0    0    0    0    0 
   140:    0    0    0    0    0    0    0    0    3   -1 
   150:    0    0    0    2    0   -1    0    0   -1    0 
   160:    1    0    0    0    0    0    0    1    0    0 
   170:    0    2    0    0    0    0    0    0    0    0 
   180:    0    0    0    0    1    0   -2    3   -2   -2 
   190:    0    1    0   -1    0    1    0    0    0    0 
   200:    0    0   -1    0    1   -1    0    0    1    1 
   210:    0    1   -1    0    0    0    0    0   -1    2 
   220:    1    0    0   -1   -1    1    0    2    0    0 
   230:    0    0    0    0    0    0    1   -1    0   -1 
   240:    0    0   -2    0    0    0    0   -1    1   -1 
   250:    0    0    0    0    1   -1    0    1    0    0 
   260:    2    0   -1    0   -1   -2    1    0    0   -1 
   270:    2    0    0    0    1    0    0    1    1    0 
   280:    2   -1   -1    1   -1    0    0    0    0    0 
   290:    1    1    2    1    2    0    1   -1    2   -1 
   300:    1    2   -1    0    0   -1    0    2   -2    1 
   310:   -1    1    0   -1    1    0   -1    0   -1    0 
   320:   -1    0    0    0    0    0    2   -1   -2   -2 
   330:   -2   -1   -2   -2   -1    0   -2   -2    3    1 
   340:    0    0    0    0    0    0    0    0    0    1 
   350:    1    0    0    1    0    0   -1    2    0    0 
   360:    0    0   -1    0    0    2   -1   -1    1   -2 
   370:    1   -1   -2    2   -2    0    0    0    0    0 
   380:    0    0    1    0    0    0    0    0    0   -1 
   390:    0    0   -1    0    1    0    0    0    0    1 
   400:    1    0    1    1    0    0   -1   -2    0    1 
   410:    1    1    0    0   -1    1    0    0    0   -1 
   420:   -1    0   -1    1   -1    0   -1    0    0    0 
   430:    0    0    0   -1    0   -1    0    1    0    0 
   440:   -1    0    1    2    0    0   -1   -2    2   -1 
   450:    2   -3    0    0    0    0   -2    0    2    0 
   460:    0    1   -1   -1    0    0    0    0    0   -1 
   470:   -1   -1    0    1    0    0    0    0    0    0 
   480:    0    0    0    0    2    1   -3    3    0   -1 
   490:    0    0    1   -2    0    0    0    0    0   -1 
   500:   -1    0    0    0    0    0    0    0    0   -1 
   510:    0    1    0    0   -1    0    2    0   -1    0 
   520:   -1    0    0   -1    1   -1   -2    0    0    1 
   530:   -1   -1    0    0    0    0    0    1    1    0 
   540:    1   -1    0    0    0    0    0    0   -2    0 
   550:    1    0    0   -1    0    1    0    0   -1    0 
   560:    0    0    0    0    0   -1    1   -1    0    1 
   570:    0   -2    1    0    0    0   -1    2    0    1 
   580:    2   -1    0    0    0    0    0   -1   -1    0 
   590:   -1    0    0    0    2   -1   -1    0    1    0 
   600:    0    1   -1    0    0   -1   -1    1    1    2 
   610:   -1    1    1   -1    2    0   -2    1    0   -1 
   620:    0    0   -1    1    0    1    0   -1    0    0 
   630:   -3    2   -1    0   -1    2   -1   -2    1   -1 
   640:    2   -1    0   -1    0    0    0    0    0    2 
   650:   -1    1    1    0    0    1    0   -2    0    0 
   660:    0   -1    0    0    3    1   -1    0    1    0 
   670:    1    0    1    0    0    1   -1    1   -1    1 
   680:    0    0    0    0    1   -1    1   -1   -1   -3 
   690:   -1    1    0    0   -1   -1    2   -2    0    0 
   700:    1    0   -2    0    0   -1    0    0    1   -1 
   710:   -1    0    1    0    1   -1    1    0    0    0 
   720:    1   -1    0   -2   -2    2    1    0    0   -1 
   730:    0    0   -3    5   -1    0    0   -1    4    0 
   740:   -1    0    0   -1    0    1    0    0   -1   -1 
   750:    0    0    0    0    0    0   -2    0   -1    0 
   760:    0    4   -1    0   -2    0   -1    1   -2   -3 
   770:    4   -1    0   -1   -1   -2    0   -1    0    1 
   780:    0   -2    0    1    1    2   -1    0    1    0 
   790:   -1    0    0    2   -1   -1    1   -1   -1    0 
   800:    0   -1   -1    1    0    0    0   -3    2    1 
   810:   -1    0    1    0    1   -1    0    0    0    0 
   820:    0   -1    0   -1   -1    0    1    0   -1    1 
   830:    1    0   -1    2    0    0    0    2    0    2 
   840:    1   -1   -2    1    0    0    0    0    0    1 
   850:    0    0    0    0    0    0    0    0    1    0 
   860:    0    1    0    0    0    0   -1    1    1    0 
   870:    0    0   -1    1    0    0    2    0    1    0 
   880:    0    0   -1    0    0    0   -1    1   -1   -1 
   890:    0    0    0   -1    0    1   -1   -1    1    0 
   900:    0    1    2    0    0    0    0    0    0   -1 
   910:    0    1   -1    2   -1    0    0    0    0    0 
   920:    1    1    0    0    0   -1    0    0    0    0 
   930:   -1    0    1    0    0    0    0    1   -1    0 
   940:    0   -1    0   -1    0    0    1    0    0   -1 
   950:    2   -1    0    0    0    0   -1    1    1    0 
   960:    0    1   -1    1   -1   -1    1   -2    0   -1 
   970:    0    0    0    0    1   -1   -1    0   -1    1 
   980:    1   -1    0    0    0    0   -2   -1    0    1 
   990:   -1    0    1    0    1    0    0    0    0    0 
  1000:    0    0    0    0    2    0    0    0    0    0 
  1010:    0    0   -1    1   -1   -1    0    1   -1   -1 
  1020:    0   -2    0    0   -1    1    1    0    1    0 
  1030:    1    0   -1   -1   -1    3    0    0    1    1 
  1040:   -1   -1    0    0    0    0    0    0   -1    0 
  1050:   -1    0   -1    0    0    2   -1   -1    1    1 
  1060:    1    1    0    0    1    1    0    0    0    0 
  1070:    1   -1    0    2   -2   -2    0    0    0    0 
  1080:    0    0    0    0    0    0    0   -1   -3    2 
  1090:    1   -2    2   -1    0   -3    1    0    0    0 
  1100:   -1    0    0    0    0    0    0    0   -1   -1 
  1110:    0    1   -1    0    0    0    0    0    0    0 
  1120:    0    0    0   -1    0    0    0    0   -1   -1 
  1130:    2    0    0   -1   -1   -1    1    0   -1    2 
  1140:    0    0    0   -1    0    0    0   -1   -1    0 
  1150:    0    0    0    0    0    0    0   -1    1   -1 
  1160:    2    0    0    0    0    1   -1   -2   -1    1 
  1170:   -1    1    0    0    0    0   -1    0    0    0 
  1180:    1   -1    0    0    0    0    0    0    0    0 
  1190:    0    1    0    0    0   -1    0    1   -1    1 
  1200:    0    0   -1    0    0    1   -1    0    0    0 
  1210:    0   -1    0   -1    1    0    0    0    1    0 
  1220:    0    0    0    0    0    0    0   -1    0   -2 
  1230:   -2    1   -2    0    0   -1   -1    1    0   -1 
  1240:    0    1    0    1    0    1   -1    0    0    1 
  1250:    0   -1    0    0    0    0    0    0    0    0 
  1260:    0    1    1    0   -1    3    1   -1   -1    1 
  1270:   -1    1    0    0   -1    0    0    0   -1    0 
  1280:    0   -2    0    0    0   -1    1    1    0    0 
  1290:    0    0    0    0    0    0    0    1   -1   -1 
  1300:    0    1   -1    0    0    1    1    0    0   -1 
  1310:    1    2    0    1    1    0    1   -2    0    1 
  1320:    0   -2    0    0    0    0    0    0    0    0 
  1330:    0    0    0    0    0    0    0    0    0    0 
  1340:    0    0    0    0    0    0    0    0    0    0 
  1350:    0    0    0    0    0    0    0    0    0    0 
  1360:    0    0    0    0    0    0    0    0 
