     0:    0    0    0   -5   10  -21  -20   -8   14   13 
    10:   -4   -2   -2   -2   -3   -2   13   22   -4    0 
    20:    0   -3    1  -16    4    2  -13  -12  -21   -7 
    30:   23   17   14   29   -6    1   -5    1    0   -1 
    40:    6   -7   17    2    1   -5    1    0    8  -13 
    50:  -11   -2   16   11  -11    0    0    0    4   -6 
    60:   13    9    0    6    3    4    8    5   -3    5 
    70:   15    8    6    4   -1    0    0    4   10  -10 
    80:    0   -3   -2    3    9   -3   -3   -2    3   10 
    90:   -7  -11    1   -4    2    0    2   -5    3   -1 
   100:    0    3    0    3   -7    4    0   -1    8    7 
   110:   16   -4   12    2    0  -12    1   -1   -4   -3 
   120:   -7   -2   -1    1   -3   -4   -2    2   11   -2 
   130:    0    0    3    0   -5   -1   -3    4   -2   -1 
   140:   -2    3   -3    2    0    0  -16    9    0  -14 
   150:   -6  -10    1  -16    4   -6   -1   -4   -2   -6 
   160:   -5   -7   -5   -3   -6   -4   -1  -14   -5   -2 
   170:    1    0   -4    2   -2    0    3   -1    3    0 
   180:   -2   -2   -7    3   -4   -3   -5   -5    0   -2 
   190:   -3    7   -3   -4    1    4   -1    3    2    6 
   200:    0    0    6   -1    3   -2    6   -3    2   -2 
   210:   10    5    2   -5   -3   -2    3   -1    1   12 
   220:   -1   -3    5   10   -4  -14    2    1   -3    2 
   230:  -12    9   -6   10   -7   10    5    0   16   -3 
   240:   -7  -13    9    6   12   -1    0    1   -6   -9 
   250:   -9   -2  -13    0    1   -5    3   -5    8   -2 
   260:    5  -24   -4  -17   -3    0    1   -1   20   10 
   270:   22    1    1    4    7    4   -2    6   20   28 
   280:   14   -9  -14   -4   -1    0    0   -7   19   47 
   290:   26   21    5   19    1  -15  -13   -8   -3   -3 
   300:  -12    4    0    0    0   -5   16  -14    5    3 
   310:   -6   -2    6   19    0    2   -8    2   12    0 
   320:    6   -1    0   11    6    4   16   -5  -16    1 
   330:   -8    0   14  -13    3    2    0    9   -2    0 
   340:    0    0   10   22   47   42   36   38   47   48 
   350:   50   50   30   30   41   18   -4   -1   -2   -1 
   360:   -1 
