 40       1   0.0003  100.0000
 39       2   0.0006   99.9997
 38       2   0.0006   99.9992
 37       1   0.0003   99.9986
 36       2   0.0006   99.9983
 35       8   0.0022   99.9978
 34      10   0.0028   99.9955
 33      20   0.0056   99.9927
 32      28   0.0079   99.9871
 31      40   0.0112   99.9792
 30      63   0.0177   99.9680
 29      93   0.0261   99.9503
 28     142   0.0398   99.9242
 27     194   0.0544   99.8844
 26     253   0.0710   99.8299
 25     405   0.1137   99.7589
 24     458   0.1285   99.6453
 23     655   0.1838   99.5168
 22     898   0.2520   99.3329
 21    1212   0.3401   99.0809
 20    1532   0.4299   98.7408
 19    2049   0.5750   98.3109
 18    2559   0.7181   97.7359
 17    3276   0.9193   97.0178
 16    4089   1.1475   96.0984
 15    5091   1.4287   94.9510
 14    6155   1.7273   93.5223
 13    7685   2.1566   91.7950
 12    8892   2.4953   89.6384
 11   10647   2.9878   87.1431
 10   12475   3.5008   84.1552
  9   14340   4.0242   80.6544
  8   16414   4.6062   76.6302
  7   18458   5.1798   72.0240
  6   20591   5.7784   66.8442
  5   23010   6.4572   61.0658
  4   25566   7.1745   54.6086
  3   28236   7.9238   47.4341
  2   31172   8.7477   39.5103
  1   36779  10.3212   30.7626
  0   72842  20.4414   20.4414
