     0:    0    0    0    0    0    0    0    0    3   -2 
    10:    5   -3   -1    0    1    0    1    0    0    0 
    20:    0    0    0    0    0    0    0    0    0    0 
    30:    0    0    0    0   -1    0    0    0    0    0 
    40:    0    0    0    0    0    5   -1    1    0   -5 
    50:    2    1    0   -4    0    0    0    0    0    0 
    60:    0    0    0    0    0    0    0    1   -1    0 
    70:    0    0    0    0    0    0    0    0    0    0 
    80:    3   -1    2    0   -1    1   -1    0    0   -1 
    90:    1   -5    4   -3    0    0    0    0    0    0 
   100:    0    1    0   -1    3   -3    1    0    0    0 
   110:    0    0    0    0    0   -2    3   -3   -1   -1 
   120:    0    4   -2   -1   -6    3   -1    1    0   -1 
   130:   -1   -1   -1    1   -1   -1    1   -3    1    4 
   140:   -1   -7    5    1    0    0    0    0    0    0 
   150:    0    1   -4   -1    2   -1   -5    4   -8    7 
   160:   -3    2    2   -3    1   -1    0   -1    4   -4 
   170:    2    0    0    3    0    1   -1   -6    2    2 
   180:   -7    1    0    0    0    0    0    0    0   -4 
   190:   15  -16   14    6   -1   -2    0   -2   -2   -2 
   200:    2   -3   -1    0    3    1   -1    0    5    1 
   210:    1    2    0    2   -5    0    5   -4    1    0 
   220:    0    0    0    0    1  -10   -9   23  -17    8 
   230:    2  -15    9    1    0   -3    1    0   -3    1 
   240:   -1    1   -1    1    3    1    0    0    0    1 
   250:   -2   -3    2   -1   -1    3    0    0    0    0 
   260:    0    1   -9   -6   16   -6    2    2    0   -6 
   270:    1   -5    4    0   -7    0   -3    0   -1    1 
   280:    1   -1   -1   -1   -2   -4   -1    3   -3   -1 
   290:    3   10    0    0    0    0    0    1   -6    3 
   300:   -2    5  -12   14   -1    6   -4  -13    0   10 
   310:   -9    3   -3    1    0    1    2    2   -2   -1 
   320:    4    1  -11    2    1   -1    2   -1    5   -3 
   330:   -2    0    0    0    0   -3    3    1    1   -6 
   340:   11   -1   10   -1  -12   10  -17   14   -4   -2 
   350:    2   -2   -6    4    1    5    4   -4    4    0 
   360:    7    1    0   -5   -5    1    0   -4    1    0 
   370:    0    0    7   -4   -1   -4   -2    8    1    2 
   380:   -6   -3    9  -25   23  -15   10    3   -3   -3 
   390:   -5   -1   -6   -7   -5   -3   -4    1    6  -11 
   400:    0    2   -4    7   -8    2    0   -1    3    2 
   410:   -3   -8   -3   -7   -3   -3   -2   -2    8   -4 
   420:   -9   10   -6    5   -1    3   -5    6   -1    5 
   430:    8    9    2    6   -3   -2   -4   -2   -2    1 
   440:    2   -1    3    0   -2    7    3   -5    1    0 
   450:   -1    4   -3   -2   -3   -2   -2    1   -4    2 
   460:   -4    7    1    7   -2   -7   -1   -4   -4   -5 
   470:    3   -2   10   -3    2    0    0   -4    6    1 
   480:    0   -2    5   -6   -5    6   -2   -7    0   -3 
   490:    2   -4   -5    0   -1   -1    1    1    5    0 
   500:    0    1   -3   12   -6    4   -9   -2    6    4 
   510:   -6    7   -7    0   -1   -1    1    0   -3   10 
   520:   -7   -8   -6    4   -2   -1   -2    7    0    1 
   530:    6   -1    2   -5    1    5    3   -4    0   -1 
   540:    6   -6    8   -2    5   -2  -16   14   -7    2 
   550:    1    6   -3    5   -1   -2    5    0   -9    2 
   560:    0    5    0    3    0    1    2   -5   -1   -5 
   570:  -14   -7    3    4   -3  -19   14  -11    5    1 
   580:    0    2    0   -4   10  -15    7   -1    6   -3 
   590:    4    0   -3  -11    0   -6   11   -5    2   -1 
   600:    1    2   -1    1   -2    2  -16  -16  -15   -8 
   610:   12  -15  -11   -1    6   -7    0    0    0    3 
   620:  -11    5   -1   -2   10   -8   -1   -1    1    6 
   630:  -13    2   -4   11   12    2   -2    0    0    4 
   640:    0    4   12   -2  -12    2   -5    4   -9    3 
   650:    0    2   -6    1    5   -5    5   -7    5    2 
   660:   -3    3   -5    2   -2    1    3   -4    0    0 
   670:    6   16   -5    2   -2    1   -1   -8    8   19 
   680:    4    3   15   -2   10   -7    4  -10    1    0 
   690:    3    0   -4    1    5    1   -3    2   -5   -4 
   700:   -6    7    0    4  -11   -1   -1    3    4    3 
   710:    9   -2    2    2   13    1   12   11   19   29 
   720:  -22   13  -12    2   -2    4   -1    5   -3    3 
   730:   -2    3    1    5    0   -3    1   -1    1    0 
   740:    1   -4    0   -2   -2   -4   10   -2    1   -8 
   750:   22   22   10  -16   -7  -11   -9   -5    3    1 
   760:    3    1   -1    3   -1    3    1   -1    0   -3 
   770:   -4   -3    3   -2    3    0    0   -1   -5    1 
   780:    0   -2   -6    6   -7    3   -2   14  -10  -18 
   790:   11    8  -10    7    6   -6   -1    0   -4    2 
   800:   -4   -2    6   -1   -3    4   -7    0   -1   -3 
   810:    2    0    0    0   -2   -2   -2    1    2    1 
   820:   -2    4   -1    6   -5   -2   11   -3   -8    3 
   830:   -6    1   -7    3    2    0    0   -1    2   -4 
   840:    2   -5   -2    0    0    3    3   -2   -4    2 
   850:    0   -2    6   -3   -3    3   -1    3    1    1 
   860:   -1    1    1   -2   -2    0    0   -4    1   -1 
   870:   -1    2    1   -2   -3   -2   -2    2    1   -1 
   880:    5    1    2   -1   -3   -1    0    0    2   -5 
   890:    4   -4    2    3   -2   -1   -3    4   -5    2 
   900:    0    2   -1    0    1    2    1   -2    2    1 
   910:   -5    0    1    2   -3    2    0    3    3   -2 
   920:   -2   -1   -1    0    0   -1    2   -2    2    0 
   930:    1    0   -3    2   -4    5   -4    2    1    3 
   940:   -6   -2    3    0    4   -6    6   -3   -4   -2 
   950:    2    3    1    1    1    0    5    0    2    0 
   960:    0    0   -1    3   -1    2   -2    2   -2    1 
   970:   -5   -1    2   -3    2   -1   -6    0    0   -2 
   980:    5    4   -2    1   -4  -10   -1    2   -3   -1 
   990:    2    1   -1    0   -2   -3    0    0    0    0 
  1000:    0   -1    2   -4   -2    1    2    0   -2    3 
  1010:   -5    1   -4    1    0    0    0   -1    4    3 
  1020:    1    5    9   -2   -5    0   -6    1    1    1 
  1030:   -4   -2    0   -1    0    0    0    0    0   -2 
  1040:    8   -5    3    1   -2    2    2    5   -3   -6 
  1050:    2   -2   -3    4   -1    8    0   -3   -3    3 
  1060:   -4    0   -4    1    1    4    4   -8   -1    1 
  1070:    0    0    0    0    0    0    0    0    1   -3 
  1080:    0   -5   -5   -3    3    0    7    1   -2    1 
  1090:    6   -1   -2   -1    0    1   -2    2   -6   -5 
  1100:   -2   -4    3   -7   -2   -6   -5    0    0    0 
  1110:    0    0    0    0    0    0    3    5    1    1 
  1120:   -9    1    6   -1   -1   -4    0   -5   -1    1 
  1130:    1    1   -2    1    2   -8   -2   -3   -4    2 
  1140:   -1   -3   -3    0    0    0    0    0    0    0 
  1150:    0    0    1   -2    0    1    0    0   -1    2 
  1160:    3    5    2   -3   -3    0    3    6    5   -3 
  1170:    1    0    5   -1    0    3   -1    0   -3    0 
  1180:    0    0    0    0    0    0    0    0   -1   -3 
  1190:    0    2    0    1   -1    2   -1    0   -2    1 
  1200:    0    0    2    1   -4    2    3    5    2    0 
  1210:    4   -3   -2    0   -1   -1    0    0    0    0 
  1220:    0    0    0    0   -2    3   -4    3    0   -2 
  1230:    1   -4    2   -3   -2    0    2   -4    4   -2 
  1240:    3   -4    0   -3    0    4   -1    6    0   -5 
  1250:    1    1    2    1    0    0    0    0    0    1 
  1260:    1   -4    7   -2    5   -2    7    3   -4    1 
  1270:    1   -3    1   -3    0    2    2   -4   -2   -6 
  1280:   -1   -2   -3   -3    1    1   -1    0    0    0 
  1290:    0    0    0    0    0    1    2    1    6   -2 
  1300:   -2   -3   -5   -7    4   -3    4   -1   -2   -2 
  1310:    1   -1   -2    1    1   -2   -4    3    1   -2 
  1320:    2    0    0   -1    0    0    0    0    0    0 
  1330:    0    0    1    2    0   -4    3   -2   -2    2 
  1340:   -2    2    1    1    0   -1    0    2   -1   -1 
  1350:   -1    4   -4    2    3   -1    5    1    0    0 
  1360:    0    0    0    0    0    0    0    0    0    1 
  1370:    2    0    0   -1    1   -1    0    0   -1    0 
  1380:    0    0    0    0   -1    1    0    0   -1    0 
  1390:    0    0    0    0    0    0    0    0    0    0 
  1400:    0    0    0    0    0    0 
