     0:    0    0    0    0    0    0    0    0    0    0 
    10:    0    0    0    0    0    0    0    0    0    0 
    20:    0    0    0    0    0    0    0    0    0    0 
    30:    0    0    0    0    0    0    0    0    0    0 
    40:    0    0   -1    0    0    0    0    0    0    0 
    50:    0    0    0    0    0    0    0    0    0    0 
    60:    0    0    0    0    0    0    0    0    0    0 
    70:    0    0    0    0    0    0    0    0    0    0 
    80:    0    0    0    0    0    0    0    0    0    0 
    90:    0    0    0    0    0    0    0    0    0    0 
   100:    0    0    0    0    0    0    0    0    0    0 
   110:    0    0    0    0    0    0    0    0    0    0 
   120:    0    0    0    0    0    0    0    0    0    0 
   130:    0    0    0    0    0    0    0    0    0    0 
   140:    0    0    0    0    0    0    0    0    0    0 
   150:    0    0    0    0    0    0    0    0    0    0 
   160:    0    0    0    0    0    0    0    0    0    4 
   170:    0    0    0    0    0    1   -1    0    0    0 
   180:    0    0    0    0    0    0    0    0    0    0 
   190:    0    0    0    0    0    1   -1   -2    0    0 
   200:   -1    1    0    0    0    0    0    0    0    0 
   210:    0    0    0    0    0    0    0    0    0    0 
   220:    0   -1    0   -1    0   -1   -1   -3    3    0 
   230:   -3    3    1    1    1    0   -1   -1    0    0 
   240:    0    0    0    1    1    0    0    0   -1    2 
   250:    0    0    1    0    0    0    0    0    0    0 
   260:    0    0    0    0    0    0    0    0    0   -1 
   270:    1   -1    0   -1    0    0    1    1    0    1 
   280:   -2    1    1   -2    0    0   -1    3    3    3 
   290:    3    0    0    0    1    1    1    0    0    0 
   300:    0    0    0    1    0    0    0    0    0    0 
   310:    0    0    0    0    0    0    0    0    0    0 
   320:    0    1   -1    1   -1   -2   -1    2   -2    0 
   330:    0   -2   -1   -2    3    0    0    2    0    0 
   340:   -2   -4   -2    0    2    4    0   -4    0    0 
   350:    0   -1    0    0   -1    0   -1    0    0    0 
   360:    0    0    0    0    0    0    0    0    0    0 
   370:    0    0    0    0    0   -1    0    1    2   -2 
   380:   -2   -1    2    2    5    6    0   -3    2   -1 
   390:    3   -3    2    2    3    0   -1    1   -1    0 
   400:    1   -1   -1    0    0    0    1    0    0    0 
   410:    0    0    0    0    0    0    0    0    0    0 
   420:    0    0    0    0    0    0   -1    0    3    1 
   430:    0    0    0   -1    0    4    0   -4   -3    3 
   440:   -2    0   -1    2    0    0    0    2   -1   -2 
   450:    1    0    0    0   -1   -1    0    0    1    1 
   460:    0   -1    0    0    0    0    0    0    0    0 
   470:    0    0    0    0    0    0    0   -1    1    0 
   480:    0    0    0    0   -2   -2    0    0    0    0 
   490:    0   -2    3    0    3   -1   -2   -1   -1   -1 
   500:    1    0    0    0   -1    1    1    0    0    0 
   510:   -1    0    0    0    0    0    0    0    0    0 
   520:    0    0    0    0    0    0    0    0    0    0 
   530:    0    1    0    0    0    0    3    0   -1    1 
   540:   -1    1    3    0   -3    0    0    0    1    0 
   550:    0    1    1    0    0    0   -1    0    1    0 
   560:   -1   -1   -1    0    0    0    0    0    0    0 
   570:    0    0    0    0    0    0    0    0    0    0 
   580:    0    0    0   -1    1    0    0    0    0    1 
   590:    1    0    1    0    2    4    0   -1   -1    0 
   600:    0   -1    0    0   -2    0    0    0    0    1 
   610:    0    0    0    0    0    0    0    0    0    0 
   620:    0    0    0    0    0    0    0    0    0    0 
   630:    0   -1    1    0    0    0    0    0    0    1 
   640:    0    0    1    1    0    0   -1    0    1    0 
   650:    1    1    0   -1    0    0    0    1    0    1 
   660:   -1   -1    0    0    0    0    0    0    0    0 
   670:    0    0    0    0    0    0    0    0    0    0 
   680:    0    0    0    1    0    0    1    0    0    0 
   690:   -1    0    1    1    0   -1   -1    2    0    0 
   700:    0    0   -1   -1    1    0    0    0    0    0 
   710:    0    0    2    1   -1   -1    0    0    0    0 
   720:    0    0    0    0    0    0    0    0    0    0 
   730:    0    0    0    0    0   -1    0   -1    0    1 
   740:    0    0    1    1    0   -1    0    1    0   -1 
   750:    0    0    0    0    1    0    0    0    1    0 
   760:    0    1    0   -1   -2   -1    0    1    0    0 
   770:    0    0    0    0    0    0    0    0    0    0 
   780:    0    0    0    0    0    0    0    0   -1    2 
   790:    1    1    1    0    0    0    0   -1    0    1 
   800:    0    0    0    2    0    0    0    1    0    0 
   810:    1    0    1    0    0   -1   -1    0   -1    1 
   820:    0    0    0    0    0    0    0    0    0    0 
   830:    0    0    0    0    0    0    0    0    0    0 
   840:    0    0    0    1    0    1    1    0    0    0 
   850:   -2   -1    1    1    0    0    0    1    1    0 
   860:    0    1    0   -1    0    0    0   -2    0    0 
   870:   -1   -1    0    0    0    0    0    0    0    0 
   880:    0    0    0    0    0    0    0    0    0    0 
   890:    0    0    1    1   -2    0    1   -1   -1   -2 
   900:   -1    0    1    1    0    0    0   -1    0   -1 
   910:    0    0    0    0    0    0    0    0    0   -1 
   920:    0    0    1   -1    0    0    0    0    0    0 
   930:    0    0    0    0    0    0    0    0    0    0 
   940:    0    0    0    0   -2   -2    0    0    0   -1 
   950:   -1    2    0   -1   -2   -1   -1    0    0   -2 
   960:    0    2   -4    1    0    0    1   -1    0    0 
   970:   -1    0   -1    1    0   -1    0    0    0    0 
   980:    0    0    0    0    0    0    0    0    0    0 
   990:    0    0    0    0    0    0    2    3   -1    0 
  1000:    0    2    0   -1   -2    1    2    2    1   -2 
  1010:   -1   -2    3    0    2    3    2    1   -2   -1 
  1020:   -1    1    0   -2   -3    0    1    0    0    0 
  1030:    0    0    0    0    0    0    0    0    0    0 
  1040:    0    0    0    0    0    0    0    0   -1    0 
  1050:    3    1    0    1   -3   -2    0    2   -1   -4 
  1060:   -3   -1   -4    0   -1    0   -3   -2    0    0 
  1070:    0   -1    0   -1    0    0   -1    0    1    1 
  1080:    0    0    0    0    0    0    0    0    0    0 
  1090:    0    0    0    0    0    0    0    0    0    0 
  1100:    1    1    1    1    0   -1    1    0    2    1 
  1110:    2    3   -4    0    4   -1    0    1    0   -5 
  1120:   -4   -1    4    6    6    5    5    5   -2   -3 
  1130:    0    2   -1    0    0    0    0    0    0    0 
  1140:    0    0    0    0    0    0    0    0    0    0 
  1150:    0    0    0   -1   -2   -2   -2   -3    0    3 
  1160:   -4   -1   -5    0    6   -5    3    0    0   -1 
  1170:    0    2    5    1   -5   -6   -5   -2   -4   -6 
  1180:   -6   -4   -4   -4    0    0    0    0    0    0 
  1190:    0    0    0    0    0    0    0    0    0    0 
  1200:    0    0    0    0    0   -2    4    3    0    1 
  1210:   -3    1    2   -4    5   -3   -1    7    0   -2 
  1220:    1   -2   -4    1    0   -3    1    4    2   -5 
  1230:   -1    4    8    6    0    2    0    0    0    0 
  1240:    0    0    0    0    0    0    0    0    0    0 
  1250:    0    0    0    0    0    0    1    3   -4    0 
  1260:    1   -3    2    2   -1    0   -1    3   -1   -4 
  1270:    1    1    0   -2    1    2   -6   -4    5    5 
  1280:   -3    4    0   -4   -3   -6   -2    0    0    0 
  1290:    0    0    0    0    0    0    0    0    0    0 
  1300:    0    0    0    0    0    0    0    0   -1    4 
  1310:    2   -2   -1    1    2   -2    0   -1   -3    0 
  1320:    1    0    2    0   -1    2   -2   -4    3    6 
  1330:    2   -8   -3    0   -6    4    2   -3    3    2 
  1340:    0    0    0    0    0    0    0    0    0    0 
  1350:    0    0    0    0    0    0    0    0    0    0 
  1360:    0   -2    0   -2    0   -2   -2    2    2    2 
  1370:    0    0    3   -1   -3   -1    0    1   -1    2 
  1380:   -3    0   -8    3    7   -3    9    1   -6    1 
  1390:   -1    0    0    0    0    0    0    0    0    0 
  1400:    0    0    0    0    0    0    0    0    0    0 
  1410:    0    0    0    0    0    0    3    2    0    2 
  1420:   -2   -2    2    2   -1   -1   -3    1   -1    0 
  1430:    2    1    3   -3    6    4  -12    4   -1   -3 
  1440:    1   -3    1    0    0    0    0    0    0    0 
  1450:    0    0    0    0    0    0    0    0    0    0 
  1460:    0    0    0    0    0    0   -2    0    0    1 
  1470:    0    1    2    0   -1   -3    3    1    0    0 
  1480:    0    0    1    0    1    2   -2   -4    6    3 
  1490:   -2    1   -1    2   -3    0    0    0    0    0 
  1500:    0    0    0    0    0    0    0    0    0    0 
  1510:    0    0    0    0    0    0    0   -2   -1   -2 
  1520:   -1   -1   -1    1   -1    1    2    1   -2    1 
  1530:    0    1    1    1    0    1    0   -2   -1    0 
  1540:    0   -4    0    0    0   -1    0    0    0    0 
  1550:    0    0    0    0    0    0    0    0    0    0 
  1560:    0    0    0    0    0    0    0    0    0    1 
  1570:   -2    5    1   -1    0    1   -1    1    0   -2 
  1580:    3    2    0    2   -5   -3    0    1   -1    1 
  1590:   -1    0    0    0    0    0    0    0    0    0 
  1600:    0    0    0    0    0    0    0    0    0    0 
  1610:    0    0    0    0    0    0    0    0    0    0 
  1620:    0    0   -1   -4   -3   -2    1   -1    1   -1 
  1630:    0    2    2   -2   -4    0    0    4    1   -1 
  1640:    3   -2    1    1   -1    0   -1   -1   -2   -1 
  1650:    0    0    0    0    0    0    0    0    0    0 
  1660:    0    0    0    0    0    0    0    0    0    0 
  1670:    0    0    0   -1   -1    1    3   -1    0    0 
  1680:   -2    2    0    0   -1    2    1    0   -3   -3 
  1690:   -1    0    2    1   -3    1    2   -3    2   -2 
  1700:    1   -1    0    0    0    0    0    0    0    0 
  1710:    0    0    0    0    0    0    0    0    0    0 
  1720:    0    0    0    0    0   -1   -2    1    0    0 
  1730:    1   -2   -2   -1    1    1    2   -1    0    0 
  1740:   -2    2    0   -4    1   -1    0   -1   -2    1 
  1750:    0    3    0    3    0    0    0    0    0    0 
  1760:    0    0    0    0    0    0    0    0    0    0 
  1770:    0    0    0    0    0    0    0    2    0   -3 
  1780:    0    0   -2    2   -1    2    2   -6    0    3 
  1790:   -1    1    0    0   -1    2   -2    1   -2    3 
  1800:   -1    0    1    0    2   -1    0    0    0    0 
  1810:    0    0    0    0    0    0    0    0    0    0 
  1820:    0    0    0    0    0    0    0    0    0   -2 
  1830:    0    3    0   -1    0   -1   -1   -1   -1    2 
  1840:    2   -4   -4    1    4    1    0    0   -1    0 
  1850:    2    0    2   -2    0    3   -1   -1    0    0 
  1860:    0    0    0    0    0    0    0    0    0    0 
  1870:    0    0    0    0    0    0    0    0    0    0 
  1880:    0    1    2    0    1    0   -1   -2   -2    0 
  1890:    1    2   -2   -1   -1    2   -5   -1    2    1 
  1900:    1   -1   -2    1    0    1    0   -1    1    0 
  1910:    0    0    0    0    0    0    0    0    0    0 
  1920:    0    0    0    0    0    0    0    0    0    0 
  1930:    0    0    1   -2   -2   -1    0   -2    1   -2 
  1940:    3    0    1   -1    2   -2    0    2    5    3 
  1950:    2   -3    3   -1    1    1    0    0   -1    2 
  1960:   -1    0    0    0    0    0    0    0    0    0 
  1970:    0    0    0    0    0    0    0    0    0    0 
  1980:    0    0    0    0    1    0    3    1    0    2 
  1990:   -3    0   -1    1   -2    0    3    1    5    3 
  2000:   -6   -4   -3    5   -3    1    2   -1    2    3 
  2010:    0    0    2   -1    0    0    0    0    0    0 
  2020:    0    0    0    0    0    0    0    0    0    0 
  2030:    0    0    0    0    0    0    0   -1   -2    0 
  2040:    1   -2    7    0    1    0    0   -2   -2    3 
  2050:   -1   -3    0    5    5   -5    4    0   -1    1 
  2060:    1    1    1   -1    1    1    0    0    0    0 
  2070:    0    0    0    0    0    0    0    0    0    0 
  2080:    0    0    0    0    0    0    0    1   -2    3 
  2090:    0    2    0    1    0   -1   -2    4    1    2 
  2100:   -1   -2   -1   -1    6   -1    0    1   -4   -2 
  2110:   -1   -1    0   -2   -1    2    0   -1    0    0 
  2120:    0    0    0    0    0    0    0    0    0    0 
  2130:    0    0    0    0    0    0    0    0    0   -1 
  2140:    1    2    0    0   -1   -1   -1    1    1   -1 
  2150:    0   -3    0   -3    0    2    0   -7   -2    1 
  2160:    3    1   -2   -1    0   -1    2    0   -2    1 
  2170:    0    0    0    0    0    0    0    0    0    0 
  2180:    0    0    0    0    0    0    0    0    0    0 
  2190:    0    1   -7   -6   -2    0   -1    3    1    1 
  2200:    1   -1    0    0   -2   -1    0    3   -2    5 
  2210:   -1    4    3    0    0   -1   -2    5   -2    1 
  2220:    3   -4    0    0    0    0    0    0    0    0 
  2230:    0    0    0    0    0    0    0   -1    0    0 
  2240:    0    1    1    2    4    0    0   -3   -1   -2 
  2250:   -1    1   -4   -2    0    2    1    1   -2    2 
  2260:    2   -5    1   -2   -1    0    1    0    0   -2 
  2270:    0    0   -3    3    1    0    0    0    0    0 
  2280:    0    0    0    0    0    0    0    0    0    0 
  2290:    0    0    0    0   -1   -4    0    3    2    1 
  2300:   -1    0    1    2   -1    1   -1    0   -1   -2 
  2310:    4    3   -2    1    0    3    1   -2    1   -2 
  2320:    1   -5    2   -2    2    1    1    0    0    0 
  2330:    0    0    0    0    0    0    0   -1    0    0 
  2340:    1    0    0   -1   -2    0    0    1    0   -1 
  2350:   -1    1    0    1    0    0    3    1    0   -2 
  2360:    0    1   -2   -3    2    1    2   -1    0    2 
  2370:    0    1   -2    4   -2    2    0    0   -1    0 
  2380:    0    0    0    0   -1    0    0    0    0    0 
  2390:    0    0    0    0   -1    0    1   -1    0   -1 
  2400:    0    0    1    1   -1    1    0    0   -1    1 
  2410:    0   -1    2    0    0    0    0    1    0    0 
  2420:    0    0    0    0    0    0    0   -1   -1   -1 
  2430:   -1   -1    0    0    2    0    0    0    0   -1 
  2440:    0    0    0   -1   -1    0   -1   -2   -2    4 
  2450:    0    1   -2    0   -3   -2    0    0    7    4 
  2460:    4   -2    2    2    1    0    0    0    0   -1 
  2470:    1    1   -1   -1   -1   -1    2    1    0   -1 
  2480:    1    6    1    0    0    1   -1    0    0    1 
  2490:    0    1    0    2    1    3 
