     0:    0    0    0    0    0    0    0    0    0    0 
    10:    0    0    0    0    0    0    0    0    0    0 
    20:    0    0    0    0    0    0    0    0    0    0 
    30:    0    0    0    0    0    0    0    0    0    0 
    40:    0    0    0    0    0    0    0    0    0    0 
    50:    0    0    0    0    0    0    0    0    0    0 
    60:    0    0    0    0    0    0    0    0    0    0 
    70:    0    0    0    0    0    0    0    0    0    0 
    80:    0    0    0    0    0    0    0    0    0    0 
    90:    0    0    0    0    0    0    0    0    0    0 
   100:    0    0    0    0    0    0    0    0    0    0 
   110:    0    0    0    0    0    0    0    0    0    0 
   120:    0    0    0    0    0    0    0    0    0    0 
   130:    0    0    0    0    0    0    0    0    0    0 
   140:    0    0    0    0    0    0    0    0    0    0 
   150:    0    0    0    0    0    0    0    0    0    0 
   160:    0    0    0    0    0    0    0    1   -1   -1 
   170:   -1    0    0    0    0    0    0    0    0    0 
   180:    0    0    0    0    0    0    0    0    0    0 
   190:    0    0    0    0    0   -1    1    0    1    0 
   200:    0    0    0    0    0    0    0    0    0    0 
   210:    0    0    0    0    0    0    0    0    0    2 
   220:    3   -5    4    0    2   -1    0    2   -1    0 
   230:   -1    0   -1    0    0   -1    0    0    0    0 
   240:    0    0    0    0    0    0    0    0    0    0 
   250:    0    1    0    0    0    0    0    0    0    0 
   260:    0    0    0    0    0    0    0    0    0   -1 
   270:    0    3    2   -1   -6    6   -4    1    0    1 
   280:    1    0   -1   -2    0    0    1    1    1    0 
   290:   -1    0    1   -2   -1    1    0    0   -1    0 
   300:    0    1    0    0    0    1    0    0    0    0 
   310:    0    0    0    0    0    0    0    0    0    0 
   320:    0   -1   -2    2    0    2   -4    0   -3   -4 
   330:    3    1    0    1    0   -1    1   -1   -2    2 
   340:   -1   -1   -1   -3    2   -1    3    3   -1    1 
   350:    0    0    0    0   -1    0    0    0    0    0 
   360:    0    0    0    0    0    0    0    0    0    0 
   370:    0    0    0    4    0    0    2   -1    1   -5 
   380:   -3    0    2    0   -2   -1    0    1    1    1 
   390:    0    1    1    0    2   -4   -1    4    3   -2 
   400:   -6    7   -1    0    0    0    0    0    0   -1 
   410:    0    0    0    0    0    0    0    0    0    0 
   420:    0    0    0    0   -3    2    0   -3    4    4 
   430:    3   -3   -2    0    2    1   -3   -1   -1    2 
   440:    0    0    2    2    1   -1    0    0   -2    5 
   450:   -4   -6    5    3   -1    0    0    0    0    0 
   460:    0    0    0    0    0    0    0    0    0    0 
   470:    0    0    0    0    0    0   -3   -2    3    1 
   480:   -1    2    2    0   -4   -3   -1    9   -2    1 
   490:    0    2   -4   -2    3   -1    4    0   -3    2 
   500:   -3    7   -9    5    9   -5   -1    1    0    0 
   510:    1   -1    0    0    0    0    0    0    0    0 
   520:    0    0    0    0    0    0    0   -1    3   -3 
   530:   -2    2   -3    4   -1    2   -1   -3   -4    6 
   540:    0   -1    3    1   -1    1   -1    1    3    0 
   550:   -6    1    2   -1   -9    8    2   -9    0    1 
   560:    0    0    0    0    0    0    0    0    0    0 
   570:    0    0    0    0    0    0    0    0    0   -1 
   580:    4    0   -2    5   -7    5   -5   -3    0    8 
   590:   -6   -3    5   -7    2    7    3   -2   -4    1 
   600:    3   -5    0    0    1   -2   -2    4   -3   -4 
   610:    4    0    0    0    0    0    0    0    0    0 
   620:    0    0    0    0    0    0    0    0    0    0 
   630:    0   -4   -3    5   -3    1   -4   -2    3   -2 
   640:   -8    2    5   -1   -1    2   -1   -6    5    3 
   650:   -3   -1    1   -2    0    0   -2   -2    1   -1 
   660:   -7    3    3   -1    0    0    0    0    0    0 
   670:    0    0    0    0    0    0    0    0    0    0 
   680:    0    0   -1    4    0    3   -3   -1    3    3 
   690:   -3    5    0    0   -5   10   -6   -3   10   -3 
   700:    0   -4    3   -3    0    1   -1    0    0    0 
   710:    2   -5    4    2   -5    2    0    0    0    0 
   720:    0    0    0    0    0    0    0    0    0    0 
   730:    0    0    0    0    0    0    2   -3    4   -2 
   740:   -3    7   -1   -3   -3    0    5   -5    5   -2 
   750:    2    1   -2    3    1   -1   -1   -2    3   -3 
   760:    5   -1   -5    2    0   -6    1    1    0    0 
   770:    0    0    0    0    0    0    0    0    0    0 
   780:    0    0    0    0    0    0    0    3   -1   -1 
   790:   -1    3   -1   -2    4    2    3   -2    2   -7 
   800:    1    0    4   -3    2   -5    0    2    3    0 
   810:   -3    1    0    5   -5    5   -8   10   -7   -3 
   820:    1    0    0    0    0    0    0    0    0    0 
   830:    0    0    0    0    0    0    0    0    0   -2 
   840:    3    4   -4   -3    5   -1   -3    2   -4    4 
   850:    2   -1    0   -5    4   -1   -2    3   -3   -4 
   860:   -1    0    3    0    0   -3    0   -3    5    1 
   870:   -2    2    0    0    0    0    0    0    0    0 
   880:    0    0    0    0    0    0    0    0    0    0 
   890:    0   -2   -2    3   -2   -3    1    4   -1   -2 
   900:    0   -5    4   -2   -1   -1   -1    7    0   -5 
   910:    0   -2    4    1   -2    3   -1   -7   -2    3 
   920:    0   -6    7   -1    0    0    0    0    0    0 
   930:    0    0    0    0    0    0    0    0    0    0 
   940:    0    0    0    0   -6    0    0    5   -6    3 
   950:    0    3    3    0   -7    9   -7   -3    4   -4 
   960:    6    2    0    1   -5    0    3    0    5    1 
   970:   -2    4   -6   -3    0    2    0    0    0    0 
   980:    0    0    0    0    0    0    0    0    0    0 
   990:    0    0    0    0    0    0    3    0   -1    0 
  1000:    1   -3   -1    2    2    7   -7    4   -1   -6 
  1010:   -1    2    5    1    0    0   -1    3    1    3 
  1020:   -1    4    0    3   -7   -1    5   -1    0    0 
  1030:    0    0    0    0    0    0    0    0    0    0 
  1040:    0    0    0    0    0    0    0    0    1    1 
  1050:   -1    0    3   -2   -4   -5    2    2   -2    0 
  1060:   -3   -5   -2    2    0    1   -1   -6    6   -5 
  1070:    0    0   -1    6   -3    7   -5   -3    4    1 
  1080:    0    0    0    0    0    0    0    0    0    0 
  1090:    0    0    0    0    0    0    0    0    0    1 
  1100:   -7    0    0    3    2   -7    0    3    1    0 
  1110:   -1   -2    0    0    0    2    0   -2    0   -4 
  1120:    6   -4   -2    1   -2    4   -3    4   -1   -3 
  1130:    0    0    0    0    0    0    0    0    0    0 
  1140:    0    0    0    0    0    0    0    0    0    0 
  1150:    0    0   -1    1    0   -5    2   -1   -1    0 
  1160:    4    0    0    2   -2    1    3   -1    0   -1 
  1170:    1   -1    1   -4    1   -1   -3    2   -1    1 
  1180:    2    1   -4    0    0    0    0    0    0    0 
  1190:    0    0    0    0    0    0    0    0    0    0 
  1200:    0    0    0    0    2    0   -1   -2   -1   -3 
  1210:    1    0    0    0    0    1    1    1    0   -1 
  1220:    0    0   -1   -1    2   -2    2    0    1    0 
  1230:   -1   -2    1    5   -2   -1    0    0    0    0 
  1240:    0    0    0    0    0    0    0    0    0    0 
  1250:    0    0    0    0    0    0   -1    1   -1   -1 
  1260:    3   -6   -2    0    0    0    0    0   -2    1 
  1270:   -1   -1    0    0   -3    0    0   -1    0    0 
  1280:    4    1    0   -1    0   -1   -4    1    0    0 
  1290:    0    0    0    0    0    0    0    0    0    0 
  1300:    0    0    0    0    0    0    0    0   -2    1 
  1310:    0   -1    4    1   -5    3    1    1    1   -2 
  1320:    0   -1   -1   -1    2   -2    0   -3    0    0 
  1330:    0   -1    1    1    0   -2    1    0    1    0 
  1340:    0    0    0    0    0    0    0    0    0    0 
  1350:    0    0    0    0    0    0    0    0    0    0 
  1360:   -1    0    0    2    0   -2   -2    2   -1    7 
  1370:   -2   -2    3   -4    2    1   -3   -5    3    0 
  1380:    0    0    2   -1    2    0   -3    3    2    0 
  1390:   -1    0    0    0    0    0    0    0    0    0 
  1400:    0    0    0    0    0    0    0    0    0    0 
  1410:    0    0    0   -1    4   -2    3   -1    0    2 
  1420:    2   -1   -1    4    1    2    1    1   -2    2 
  1430:   -1    0    1    0    0   -1    1    1   -2    0 
  1440:    2   -2    0    0    0    0    0    0    0    0 
  1450:    0    0    0    0    0    0    0    0    0    0 
  1460:    0    0    0    0   -2    3    0    1   -1    0 
  1470:   -3   -1    0    0    3   -2    1   -1   -3    2 
  1480:   -1    2    0   -2   -1    2    1   -2    1   -1 
  1490:   -1    1    3   -1    0    0    0    0    0    0 
  1500:    0    0    0    0    0    0    0    0    0    0 
  1510:    0    0    0    0    0    0    0   -7    0    1 
  1520:   -6    1    2   -3   -1   -2    4   -3   -2    4 
  1530:    0   -1    1    0    0    0   -1    0    2   -2 
  1540:    2    1   -3    2   -4    2   -1    0    0    0 
  1550:    0    0    0    0    0    0    0    0    0    0 
  1560:    0    0    0    0    0    0    0    0    0    2 
  1570:    0   -4   -1   -2    4    3   -1    1   -1    3 
  1580:    0   -7    3   -3    1   -1   -2    0    2    2 
  1590:    0    0    0    0    0    1   -1    0    0    0 
  1600:    0    0    0    0    0    0    0    0    0    0 
  1610:    0    0    0    0    0    0    0    0    0    0 
  1620:    0    1    1    0   -4    4   -1    6   -1    1 
  1630:   -3   -2    0   -1    0   -1    1    1   -4    2 
  1640:    0   -1    0    1    0    1   -1    0    0    0 
  1650:    0    0    0    0    0    0    0    0    0    0 
  1660:    0    0    0    0    0    0    0    0    0    0 
  1670:    0    0    0    6    3    3   -7    0    3    2 
  1680:    3   -3    2   -1   -1   -2   -1    0    2    1 
  1690:   -3    2    0    0    4   -1    1   -1    7   -1 
  1700:   -2    2    0    0    0    0    0    0    0    0 
  1710:    0    0    0    0    0    0    0    0    0    0 
  1720:    0    0    0    0   -1    2    0    1   -1   -1 
  1730:   -4    1   -5    0    1    0    3   -3   -2    1 
  1740:   -1    3   -1   -1   -5   -1    3    0   -1    4 
  1750:    0   -1    1    0    0    0    0    0    0    0 
  1760:    0    0    0    0    0    0    0    0    0    0 
  1770:    0    0    0    0    0    0    1    2   -6    1 
  1780:   -1    2   -2    6   -1    0    4    0    0    1 
  1790:    4   -2    2    1   -5    0   -2    1   -2   -3 
  1800:    0    1    1   -1   -2    1    0    0    0    0 
  1810:    0    0    0    0    0    0    0    0    0    0 
  1820:    0    0    0    0    0    0    0    0    2    0 
  1830:    0    1    2   -2    2   -1    3    1   -2    0 
  1840:   -1   -1    2    0   -1    0    4    0    1    2 
  1850:   -5    0    0   -1   -1   -1    1    0    0    0 
  1860:    0    0    0    0    0    0    0    0    0    0 
  1870:    0    0    0    0    0    0    0    0    0    0 
  1880:    0   -2    0    4    3    4   -5    2    1   -3 
  1890:    0    3   -1    0   -2    0   -1    0    0    3 
  1900:    1   -5    5    0   -1    0    1   -2   -6    1 
  1910:    0    0    0    0    0    0    0    0    0    0 
  1920:    0    0    0    0    0    0    0    0    0    0 
  1930:    0    0    0   -1    3   -1    1    0    2   -3 
  1940:    1    6    1    1   -6    2   -6    3   -2    3 
  1950:   -4    1   -3   -1    0    0    1    0    1    2 
  1960:   -1    0    0    0    0    0    0    0    0    0 
  1970:    0    0    0    0    0    0    0    0    0    0 
  1980:    0    0    0    0    2   -2    0    5   -2    0 
  1990:    1    0    0   -2    5    0   -3   -1   -2   -5 
  2000:   -1    4   -2   -2    3   -1    0    0   -3    1 
  2010:    0    2    0    0    0    0    0    0    0    0 
  2020:    0    0    0    0    0    0    0    0    0    0 
  2030:    0    0    0    0    0   -1    4   -4   -1    5 
  2040:   -4   -3    6    3   -3   -2   -3    1    3    0 
  2050:   -1    0   -3   -3    1    1    0    2   -1    0 
  2060:    2   -6   -3    0    0    0    0    0    0    0 
  2070:    0    0    0    0    0    0    0    0    0    0 
  2080:    0    0    0    0    0    0    0   -1    5    0 
  2090:    4   -4    4    1    0   -1   -3    1    1   -2 
  2100:    2   -3    1    2   -4    0   -3   -1    4   -1 
  2110:   -3    3   -4    1    0    4    1   -1    0    0 
  2120:    0    0    0    0    0    0    0    0    0    0 
  2130:    0    0    0    0    0    0    0    0    0   -2 
  2140:    1   -1    2    0    2    0    2    3   -1   -1 
  2150:    2   -1   -3   -5    2    2    1   -1    1   -2 
  2160:    2   -2   -1    0    2    3   -4    0    4    0 
  2170:    0    0    0    0    0    0    0    0    0    0 
  2180:    0    0    0    0    0    0    0    0    0    0 
  2190:    0    5   -7    7   -6    2    2    2    2   -4 
  2200:    2   -1   -3    2    1   -2   -1    3   -1   -1 
  2210:   -2    1    3   -2    0    0    2    0   -1    7 
  2220:   -1    0    0    0    0    0    0    0    0    0 
  2230:    0    0    0    0    0    0    0    0    0    0 
  2240:    0   -1    1    2    0   -2   -1    1    0   -2 
  2250:   -2    3    1   -3    3    2    1   -6    0   -2 
  2260:    0   -2    0    3   -4   -2    2    0    0    1 
  2270:    0    3   -3    1    0    0    0    0    0    0 
  2280:    0    0    0    0    0    0    0    0    0    0 
  2290:    0    0   -1    1    0   -1    0    0   -3    0 
  2300:    0    2   -3    2    2   -2    0    0   -2    3 
  2310:   -3   -2   -2    0    0    0    1    2    0   -2 
  2320:   -1    1   -1    2    1    4    0    0    0    0 
  2330:    0    0    0    0    0    0    1    0    0   -1 
  2340:    0    0   -1    0    1    0    1    1    0    2 
  2350:    0   -1    0   -3   -2    0    1   -2   -3   -1 
  2360:   -1    2   -2    1   -3    1   -1    1   -1    1 
  2370:    0   -2    0    0    1   -1    0    0    0    0 
  2380:    0    0    0    0    0    0    0    0    0   -2 
  2390:    1    1    0    1   -4   -2    2    0    0   -1 
  2400:    1    1    0    0   -1   -3    1    0    0    0 
  2410:    0    1    1    0    0    0    0    0    1   -1 
  2420:    1    0    1    0   -1    0    0    0    0    1 
  2430:   -1    1   -1   -2    0    0    0    0    0    0 
  2440:    2   -4    0   -1   -3    2    0    0    0    1 
  2450:    0   -2    4    0    0    1    3   -4    3    0 
  2460:    0    0   -1    0    1    0    0    0    0    0 
  2470:    0    0    2    0   -1    0   -1    0    0    0 
  2480:    1   -1    0    0    0    0    0    0    0    0 
  2490:    0    0    0    2   -2    1 
