     0:    0    0    0    0    0    0    0    0    0    0 
    10:    0    0    0    0    0    0    0    0    0    0 
    20:    0    0    0    0    0    0    0    0    0    0 
    30:    0    0    0    0    0    0    0    0    0    0 
    40:    0    0    0   -1    0    0    0    0    0    0 
    50:    0    0    0    0    0    0    0    0    0    0 
    60:    0    0    0    0    0    0    0    0    0    0 
    70:    0    0    0    0    0    0    0    0    0    0 
    80:    0    0    0    0    0    0    0    0    0    0 
    90:    0    0    0    0    0    0    0    0    0    0 
   100:    0    0    0    0    0    0    0    0    0    0 
   110:    0    0    0    0    0    0    0    0    0    0 
   120:    0    0    0    0    0    0    0    0    0    0 
   130:    0    0    0    0    0    0    0    0    0    0 
   140:    0    0    0    0    0    0    0    0    0    0 
   150:    0    0    0    0    0    0    0    0    0    0 
   160:    0    0    0    0    0    0    0    0    0   -3 
   170:   -1    0    0    0    0    0    0    0    0    0 
   180:    0    0    0    0    0    0    0    0    0    0 
   190:    0    0    0    0    0    1    1   -1    0    0 
   200:    0    0    0    0    0    0    0    0    0    0 
   210:    0    0    0    0    0    0    0    0    0    0 
   220:    1    3    0    0    1    0    2   -1   -2   -1 
   230:   -2    0    0    0    0    0    0    0    0    0 
   240:    0    0    0    0    0    0    0    0    3    0 
   250:    0    0    0   -3    0    0    0    0    0    0 
   260:    0    0    0    0    0    0    0    0    0    0 
   270:   -1    1    0   -1   -1   -2    1   -3   -4   -5 
   280:    0   -1    0   -1   -1    4    0   -3   -1    0 
   290:    0    0    0    1    0    0    1    0   -1   -1 
   300:    0   -1   -1    0    1    0    0    0    0    0 
   310:    0    0    0    0    0    0    0    0    0    0 
   320:    0    1   -2    0   -1    0    0    1    0    1 
   330:    0   -3   -1   -2    3    0   -1    4    0   -6 
   340:   -2   -2   -2    1    0    0    0    1   -1    0 
   350:    0    0    0    0    0    0    0    0   -1    0 
   360:    0    0    0    0    0    0    0    0    0    0 
   370:    0    0    0   -1   -1   -1   -1   -2   -1   -3 
   380:   -1    4   -1   -3    0   -2   -2   -1    0    2 
   390:   -4    3    9    1    7   -1    2    1    0    0 
   400:   -2    0    1    0    0    0    0   -1    0    0 
   410:    0    0    0    0    0    0    0    0    0    0 
   420:    0    0    0    0    0    2   -2    1   -3   -1 
   430:    0    2   -2    1   -2    0    3    6    4    1 
   440:    1  -10   -8    9   -3    0   -3    1    2   -4 
   450:    1   -1    0    1    0    0    0    0    0    0 
   460:   -1    1    0    0    0    0    0    0    0    0 
   470:    0    0    0    0    0    0    2   -3   -1    0 
   480:    0    0    0    1    0   -1    1   -2    0   -1 
   490:   -3   -1    0    1    3   -1    1    0    1    0 
   500:    0    0   -3    0    0    1    0    0    0    0 
   510:    0    0    0    0    0    0    0    0    0    0 
   520:    0    0    0    0    0    0    0    0    1    1 
   530:    1   -1    0    0    0    1   -2    1   -2    0 
   540:    0   -1    1    0   -2    0   -2    2   -1    1 
   550:   -1   -1    0   -1    1    2    1    0    0    1 
   560:    0    0    0    0    0    0    0    0    0    0 
   570:    0    0    0    0    0    0    0    0    0    0 
   580:   -2    2   -1    0    0    1    0    0    0    0 
   590:    2    1   -2    2   -1    2    0    0    0    0 
   600:   -2   -1    2    0    0    0    0    0    0    1 
   610:    0    0    0    1    0    0    0    0    0    0 
   620:    0    0    0    0    0    0    0    0    0    0 
   630:    0    0    2   -1    0    0    1   -1    0    0 
   640:    0   -2   -1    0    0    0    3    1   -2    1 
   650:   -1   -1    1    0    0    1   -1    2    1   -1 
   660:    2   -2    0    0    0    0    0    0    0    0 
   670:    0    0    0    0    0    0    0    0    0    0 
   680:    0    0    0    1    0    0   -1   -1   -1    1 
   690:    0    0   -1    0    0   -1    0    2    0    1 
   700:    0   -1    0   -1    0   -1   -1    1    0    0 
   710:    0    2    0    2    1    0    0    0    0    0 
   720:    0    0    0    0    0    0    0    0    0    0 
   730:    0    0    0    0    0    1    0   -1    0    1 
   740:    0   -1   -1    1   -1   -4   -1    1    1   -1 
   750:    0    2    0    0    0    1    0    0    0    0 
   760:    0    0    0   -1    1    2    0   -1    0    0 
   770:    0    0    0    0    0    0    0    0    0    0 
   780:    0    0    0    0    0    0    0    0    2    1 
   790:    0    1    1   -1    0   -2   -2    1    1   -3 
   800:    1   -1   -2    1    0    0    0    0    0    1 
   810:    0    0    0    0   -1    0    0    1    0   -1 
   820:    0    0    0    0    0    0    0    0    0    0 
   830:    0    0    0    0    0    0    0    0    0    1 
   840:   -2    2    1    0    0    2    2    0    0    1 
   850:   -3    2    2    1    0    0    1    0   -1    0 
   860:    1    1    1    0   -1   -1    0   -2    1    1 
   870:    1    0    0    0    0    0    0    0    0    0 
   880:    0    0    0    0    0    0    0    0    0    0 
   890:    0   -1   -1    1    3   -1    1   -1    0    1 
   900:    1   -1   -1    0    0    0   -1    1    1    1 
   910:    0    0    0    0    2    1    0   -1   -2   -2 
   920:    0    2   -1    0    0    0    0    0    0    0 
   930:    0    0    0    0    0    0    0    0    0    0 
   940:    0    0    0    0    1    1    0    1    0   -1 
   950:   -2    0   -1    0    2    1   -3    2   -1    0 
   960:    1   -2    0   -1    0    0    0   -1    0   -1 
   970:    1    1   -2   -1    1   -1    0    0    0    0 
   980:    0    0    0    0    0    0    0    0    0    0 
   990:    0    0    0    0    0    0   -2    0    2    0 
  1000:    0   -1    0   -2   -1    0    0   -1    1    1 
  1010:    1    1   -2    0    4    2   -1    0    0    1 
  1020:    0    0    1    0   -1   -1    0    0    0    0 
  1030:    0    0    0    0    0    0    0    0    0    0 
  1040:    0    0    0    0    0    0    0    0    2   -2 
  1050:   -2   -1    1    2    0    3    2   -2    0   -1 
  1060:    1    1    2    1    2   -2   -1    1   -1    0 
  1070:    1   -2    1    1   -1   -1   -3   -2    4   -1 
  1080:    0    0    0    0    0    0    0    0    0    0 
  1090:    0    0    0    0    0    0    0    0    0    0 
  1100:    0    2    0    2    0    2    3    0   -2   -1 
  1110:    0    0    1   -2    1    1    0   -2    5   -1 
  1120:   -2    1   -1    2    3    0   -1    2   -1   -1 
  1130:    4    2    0    0    0    0    0    0    0    0 
  1140:    0    0    0    0    0    0    0    0    0    0 
  1150:    0    0    3    3   -3    1    1    4   -3    4 
  1160:    0    0    0    0    0    1    1   -1    0    0 
  1170:   -1    2    6   -1    0   -2    1   -1    1   -3 
  1180:   -4   -1    0   -1    0    0    0    0    0    0 
  1190:    0    0    0    0    0    0    0    0    0    0 
  1200:    0    0    0    0    1    1    3   -2    1    1 
  1210:    2    0   -1   -1   -3    2   -1    0    0    0 
  1220:    1    1    2   -3   -7    2    4    2   -6   -3 
  1230:    0    0    3    0    2    0    0    0    0    0 
  1240:    0    0    0    0    0    0    0    0    0    0 
  1250:    0    0    0    0    0    0    2    2   -1    0 
  1260:    2    1   -2   -2   -1    3   -4    0   -4   -5 
  1270:    0    1   -1    1    1    0   -1   -3   -1   -2 
  1280:    0    3    2    1   -2   -1   -2    1    0    0 
  1290:    0    0    0    0    0    0    0    0    0    0 
  1300:    0    0    0    0    0    0    0    0    1    1 
  1310:   -1   -2    0    0    0    0   -1    0    0    0 
  1320:   -3   -1    0    0    0    1    0    0    0    4 
  1330:    0    2    5   -1    2    6    4    0    0    0 
  1340:    0    0    0    0    0    0    0    0    0    0 
  1350:    0    0    0    0    0    0    0    0    0    0 
  1360:   -1   -2    2   -2    0   -1    0    1    0    1 
  1370:   -1    0    2    1    0    0    0   -1   -2    1 
  1380:    0   -1   -1    1   -1    2    1   -2   -3   -1 
  1390:   -1    0    0    0    0    0    0    0    0    0 
  1400:    0    0    0    0    0    0    0    0    0    0 
  1410:    0    0    0    0    0   -1   -2   -1    1    0 
  1420:   -1   -1    1    0   -2   -1   -2    1    0   -3 
  1430:   -1   -2    0   -1    2    0    1    2   -2   -4 
  1440:    0    6    1    0    0    0    0    0    0    0 
  1450:    0    0    0    0    0    0    0    0    0    0 
  1460:    0    0    0    0   -1    0    1   -1    4    2 
  1470:   -2    2    0   -1    0    0   -1    1    0    0 
  1480:    0    1    2    1   -1   -5    0    0   -1   -1 
  1490:    4    2    0    2   -1    0    0    0    0    0 
  1500:    0    0    0    0    0    0    0    0    0    0 
  1510:    0    0    0    0    0    0    0    0    0   -1 
  1520:    0    1    0    0   -2    0   -2   -1    0   -3 
  1530:    0    1    0    0    0    0    1    0    2    1 
  1540:    0    1    0    1   -1   -4    0    0    0    0 
  1550:    0    0    0    0    0    0    0    0    0    0 
  1560:    0    0    0    0    0    0    0    0    0    1 
  1570:    2    4    0    1   -3   -1   -1    0    1    0 
  1580:   -1   -2    0    0    0    1    0    1    0    0 
  1590:    0    0    0   -1    0    0    0    0    0    0 
  1600:    0    0    0    0    0    0    0    0    0    0 
  1610:    0    0    0    0    0    0    0    0    0    0 
  1620:    0    0    1    0   -1    2    1    0   -3    1 
  1630:    0    0    3    4    0   -1    1    0   -1    0 
  1640:    0    0    0    0    0    0    0    0    0    0 
  1650:    0    0    0    0    0    0    0    0    0    0 
  1660:    0    0    0    0    0    0    0    0    0    0 
  1670:    0    0    0   -2    4    2    2    0    0   -2 
  1680:    0    3   -2   -1    0    1    1    0    0    0 
  1690:   -1    1   -1    1    2    2   -1   -1    0   -4 
  1700:    2    1    0    0    0    0    0    0    0    0 
  1710:    0    0    0    0    0    0    0    0    0    0 
  1720:    0    0    0    0    0    0   -1   -1    3   -1 
  1730:    0    0   -2    0    0   -1    0    0    2    0 
  1740:    0   -1    1    3    1   -2    2   -1   -2    3 
  1750:    0   -2   -1   -3    0    0    0    0    0    0 
  1760:    0    0    0    0    0    0    0    0    0    0 
  1770:    0    0    0    0    0    0    0    2    0    1 
  1780:    2   -4   -1    3    0    1    0    5    4   -2 
  1790:    5    3   -3    0    0    4    3    0    1    0 
  1800:   -1    0    1    2    1    0    0    0    0    0 
  1810:    0    0    0    0    0    0    0    0    0    0 
  1820:    0    0    0    0    0    0    0    0    1    0 
  1830:    1   -1    1    1    0   -3    0    3    0   -3 
  1840:    0   -4   -4   -2   -3   -2    0    2    2    1 
  1850:    2    0   -1    1   -1   -2    0    0    0    0 
  1860:    0    0    0    0    0    0    0    0    0    0 
  1870:    0    0    0    0    0    0    0    0    0    0 
  1880:    0   -1    1    0    1   -2    1   -1    0    2 
  1890:   -2    1    4    0    3    2   -3   -5    1   -1 
  1900:   -2    0   -2   -5    1    3   -1   -1    1    0 
  1910:    0    0    0    0    0    0    0    0    0    0 
  1920:    0    0    0    0    0    0    0    0    0    0 
  1930:    0    0    0    0   -1   -2   -1    1   -3    2 
  1940:    0    1   -1   -2    1   -5   -1    6    2    2 
  1950:    0    1    2    1   -2   -5   -4    0   -1   -2 
  1960:    1    0    0    0    0    0    0    0    0    0 
  1970:    0    0    0    0    0    0    0    0    0    0 
  1980:    0    0    0    0    0   -2    0    1    2   -2 
  1990:    0   -2   -1   -2    0    0    2   -2    3   -3 
  2000:   -1   -3   -1    6    0    0   -2   -1   -1    0 
  2010:    3   -1   -1    0    0    0    0    0    0    0 
  2020:    0    0    0    0    0    0    0    0    0    0 
  2030:    0    0    0    0    0    0    1    1    1   -4 
  2040:   -2    3   -1    1   -2    1    0   -2   -3    0 
  2050:   -1   -2   -1    3   -1   -3    1    0   -3   -3 
  2060:   -1   -1    4    2    0    0    0    0    0    0 
  2070:    0    0    0    0    0    0    0    0    0    0 
  2080:    0    0    0    0    0    0    0    0    0    0 
  2090:    1    3   -1    2    3    2    2    0    1    1 
  2100:   -3    0    1    4    3    4    1   -3   -4   -4 
  2110:    2    1    1    1    2   -1   -1    1    0    0 
  2120:    0    0    0    0    0    0    0    0    0    0 
  2130:    0    0    0    0    0    0    0    0    0   -2 
  2140:    1    0    0    2    1    2   -1    0   -1    0 
  2150:   -1    3   -1   -2    2    2    0   -1   -6    1 
  2160:    5    1    0    0   -3    0    3    0    1    1 
  2170:    0    0    0    0    0    0    0    0    0    0 
  2180:    0    0    0    0    0    0    0    0    0    0 
  2190:    0    4    1   -1    0    0    3    0   -4   -2 
  2200:   -1    1    1   -1   -4    2    0   -1   -2   -3 
  2210:   -4    0    5    7    6   -3    0    0   -1   -1 
  2220:    1    0    0    0    0    0    0    0    0    0 
  2230:    0    0    0    0    0    0    0    0    0    0 
  2240:    0    0   -1   -5    4   -2   -5    0    0    1 
  2250:    4    0    3    0    1    1    0    0   -1    2 
  2260:    0    2   -1    1   -4    3    5    5    0    1 
  2270:    1   -1    0   -1    0    0    0    0    0    0 
  2280:    0    0    0    0    0    0    0    0    0    0 
  2290:    0   -1    1    0    0    0   -3   -1    2    0 
  2300:   -4    1    2    1   -2    0   -1    0   -1    0 
  2310:    2   -1    3    0    0   -2   -2   -2    1    0 
  2320:    1   -1    0    1    0    1    0    0    0    0 
  2330:    0    0    0    0    0    0   -1    0    0    0 
  2340:   -1    0    0    0   -1    0   -3    0    1    1 
  2350:    1    0    2    0    1    1    0    2    0   -2 
  2360:    1   -1    1    3    2   -1    0   -1    2    2 
  2370:    0   -1    0   -1    2    2   -2    1   -1    0 
  2380:    0    0    0    0    0    0    0    0    1    1 
  2390:    0    0   -1    0    1    0   -1   -1    1    0 
  2400:   -1   -1    0    1    0    1    0    1   -1   -1 
  2410:    1    0    0    0    0    0    0    0    0    0 
  2420:    0   -1    1    0    0    0   -1   -1    1    1 
  2430:    0    0    0    0    1    0   -1    0    0    1 
  2440:    1   -1    0    0   -1    0    0    0    0   -3 
  2450:    0   -1   -1    1   -1    3    0    0    0   -1 
  2460:    1   -1    0    0    1    0    0    0    0    0 
  2470:    0   -1    0    0    0    0    0   -1    0    0 
  2480:    0    0    0   -1    0   -1    0    1    0    0 
  2490:    0    0    0    0    3    2 
