     0:    0    0    0    0    0    0    0    0    1   -1 
    10:    1    0    0   -1    1   -1    0    0    0    0 
    20:    0    0    0    0    0    0    0    0    0    0 
    30:    0    0    1    0   -1    0    0    0    0    0 
    40:    0    0    0    0    0    0    1   -2   -1   -1 
    50:    0   -3    0   -1    0    0    0    0    0    0 
    60:    0    0    0    0    0    0    0    0    0    0 
    70:    0    0    0    0    0    0    0    0    0    0 
    80:    0    0   -1   -1    0    0    1    0   -2    1 
    90:   -3    1    0    0    0    0    0    0    0    0 
   100:    0    0    0    1   -2    1    0    0    0    0 
   110:    0    0    0    0    0    0    0    1    0    1 
   120:    1   -1    1   -1    1    0    1   -1    0    0 
   130:   -2    0    0    0   -1    0    0    0   -1   -1 
   140:   -1   -1    2    0    0    0    0    0    0    0 
   150:    0    0    0   -1   -2    2    1    2   -1    1 
   160:    1    0   -1   -1    0    1    0   -1   -1    2 
   170:    0    0   -1   -3   -1    1   -1    0   -1   -1 
   180:    0    0    0    0    0    0    0    0    0   -1 
   190:    0    0    0   -2    2   -1    1   -1    0    0 
   200:   -1    1    0    0    0    2   -2    2   -1   -4 
   210:   -4   -1    1    1    1    2    0   -1    0    0 
   220:    0    0    0    0    0    2    1    0    2    1 
   230:    0    1    0    0    1    2   -2    0    0   -1 
   240:    0   -1    0   -1    2   -2   -4   -2   -1   -3 
   250:   -1    3   -2    2    0   -1    0    0    0    0 
   260:    0    0   -1    0    0    0    1   -1    0   -2 
   270:    0   -3    1    0    1   -1   -1    3    1    0 
   280:   -3    2    2   -3   -3   -2   -2   -2   -1    1 
   290:   -1   -1   -1    0    0    0    0    0    0    0 
   300:   -1    1    0   -1   -1    0   -3    1    0    0 
   310:   -1    2    1    0    0    0    0   -1   -1    6 
   320:    2    3    0    0   -2    0    0    0    0    0 
   330:   -1    0    0    0    0    0    0   -1    3   -1 
   340:    2   -3    0    1   -3    1    1   -1    1   -1 
   350:   -2    1   -1    4    0   -3   -1   -1    0   -1 
   360:    0   -1    0    1    0   -1    2    0    0    0 
   370:    0    0    0    1   -2    0    0   -1    0    0 
   380:   -2   -1    0    0    0    1    0    0   -1   -5 
   390:    2    2    3    1    1   -1    0   -1   -1    0 
   400:    0   -1    0    0    1    0    0    0    0   -1 
   410:    0    0    0    0   -1   -2   -1    0    0    0 
   420:    0    1    0   -1    0    0    0   -3   -1   -2 
   430:   -2   -1   -1    0    1    1   -1    0    0    1 
   440:   -1    0    0    0    0    0    1    1    0   -1 
   450:    0    0    0    0    1    0    0    0    0    0 
   460:   -2   -1    0    0    1    0    3    2    3    1 
   470:    1    1    0   -1    0    1    2    0    1    0 
   480:    0    0    1    1    0    0    0    0   -1   -1 
   490:    0    1    0    0    0    1   -1   -2   -2    0 
   500:   -1   -2    0    0    3    2    0   -1   -2    1 
   510:   -2    1   -1    0    0    0   -1    0    0    0 
   520:    1   -1    1    0   -2    0    0    0    0    0 
   530:   -2    0   -1    0    0    0   -1   -2   -1    1 
   540:    1    0    0    0    2    0    3   -1    0    0 
   550:   -1    0    0    0    0    0    2    0    1    0 
   560:    0    0   -1    0    0    0    0    0   -1   -1 
   570:    3   -1    0    0    1    1    0    1   -2    1 
   580:    0   -1   -1    0   -1    3   -1    3   -2    1 
   590:   -1    0    0   -2    1    1    1    2    1   -1 
   600:    1    1    1    0    0    0    1    0    1    0 
   610:    0    1    1    0   -2   -1   -3   -3   -1    1 
   620:    0    1    2   -1    1   -2    0   -1    0    0 
   630:   -1    0    1    1    0    0    0    1    1   -1 
   640:    0    0    0    0    1   -1   -1    1   -1    3 
   650:    0    3   -1    1   -2    4    0    1    1    1 
   660:   -2   -1   -1    1    0    0    1   -2    0    0 
   670:   -2    0    0   -1    0    0    0    2    0    0 
   680:    0    0    0   -1   -1    0    1   -1    1    0 
   690:   -1    1    1    0    0    0    4    2    1    0 
   700:    0    0    0    0   -1    1    3    0    0   -1 
   710:    0    0    0   -1   -1    0    0   -2   -1   -1 
   720:    0   -1    0    1   -4    1    0    1    0    0 
   730:   -1    0   -1   -1    1    2    0    0    0    0 
   740:    0    0   -3    0   -1   -1   -1    0   -1    1 
   750:   -1    0   -5    4    3    2    3   -1    0   -1 
   760:    0    1   -2    0    0    0   -1    0    1   -2 
   770:    0    0    0    0    1    2    0   -1    2    0 
   780:    0    0    1   -1    0    0    0   -2   -2    6 
   790:    3    0   -2   -3   -2    1    0    2   -1    0 
   800:    1    0   -1   -1   -2    0    0   -1    0   -1 
   810:    1    0   -1    0    0    2    1    1   -1    2 
   820:    0    0    1   -1    3   -1   -7    3    8   -4 
   830:    4   -4   -1    1    0    1    0   -1    1    0 
   840:    0    0   -1    1   -1    0   -1    0    0    0 
   850:    0   -1    3    4    2    1   -1    3    2   -1 
   860:   -2    2    2   -5    0    3   -1    1    0    0 
   870:    0    2    0    0    0    0    0   -1    1    1 
   880:   -2    1    0    0    1   -1    0    0    0    0 
   890:   -1    2   -3    0   -1    0    1   -1    3   -2 
   900:   -1    0    0    0    1    0   -3    1    0    0 
   910:   -3    0    0    0    1    1    2    2   -2    1 
   920:    1    1    0    0    0    0    2   -2    1    0 
   930:   -1    0    1   -1    1    1    0    0    1    0 
   940:    2    0    1   -1   -1    0    0    1    3    2 
   950:   -1   -1   -2    0    1    0    0   -1    0   -1 
   960:    0    0    0   -1   -1    0    0    0   -1    1 
   970:    0    0    2   -1    0    0    0   -3    0    0 
   980:   -1   -2    1    0    0    0    1   -4    0    0 
   990:    0    1    0    0   -1    2    0    0    0    0 
  1000:    0    0   -2    0    2    0    0   -1    0    0 
  1010:    0    0    2   -1    0    2    0    1    2   -2 
  1020:    2   -3   -1    0    0    0    1    0    2   -2 
  1030:    2    1    0    0    0    0    0    0    0    2 
  1040:    0   -1    1   -1   -1   -2    0    0    0    0 
  1050:    0   -2    1    0   -4    0   -1    3    1    1 
  1060:    1    0    0   -1   -1    0    1    1    0    0 
  1070:    0    0    0    0    0    0    0    0    0    2 
  1080:    2    0    0    0    1   -1   -1   -2    2   -3 
  1090:   -1    0    2    0    0    0    0    0   -1    1 
  1100:    3    1    0    1    0    0    0    0    0    0 
  1110:    0    0    0    0    0    0   -3    0    0   -1 
  1120:    1   -1    0    3    2    0    0    1   -1    0 
  1130:    0    0    0   -1    0   -1    2   -3    1   -2 
  1140:   -1    2    0    0    0    0    0    0    0    0 
  1150:    0    0    0    1   -2    0   -1    0    0    0 
  1160:    0    2   -2    1   -2    2    0    0    0   -1 
  1170:    1   -1    1    0   -1   -1    0   -2    1    0 
  1180:    0    0    0    0    0    0    0    0    0    2 
  1190:    0    0   -1    0    0    2   -1    0    1    0 
  1200:    1    0   -2    1   -1    0    0   -1   -1    0 
  1210:    1    0    0   -1    0    1    0    0    0    0 
  1220:    0    0    0    0    0    0    0    2   -1    0 
  1230:    0   -1    0    0    0   -1    0    0    0    1 
  1240:    0    0    1   -1    1    0    0    2    0    0 
  1250:    0    2    1    0    0    0    0    0    0    0 
  1260:    0    0    0    0   -1    0   -1   -2   -2   -2 
  1270:    0    0    0    0   -1   -2    1   -1    0   -1 
  1280:   -1   -1    0    0    1    2   -1    0    0    0 
  1290:    0    0    0    0    0    0   -1    1   -3    1 
  1300:    0   -1   -3   -1   -1    1    0    2    0    0 
  1310:   -3    1   -3    1   -1   -2   -3   -1    0    3 
  1320:   -1   -1    0    1    0    0    0    0    0    0 
  1330:    0    0    0    0    0    1   -1    1    2    1 
  1340:    1   -1   -1    0   -1    0   -1    0    1    0 
  1350:    0    0    1   -1   -1    0   -3    1    0    0 
  1360:    0    0    0    0    0    0    0    0    0    0 
  1370:    0    0    0    0    0   -1    0    0    0    0 
  1380:    0    0    0    0    0    0    0    0    0    0 
  1390:    0    0    0    1    0    0    0    0    0    0 
  1400:    0    0    0    0    0    0 
