     0:   58   62   61   60   55   54   48   45   51   49 
    10:   52   49   53   53   49   49   45   47   48   48 
    20:   37   14    3   39   22   50  127  126  126  126 
    30:  127  125  126  131  120  121  123  124  120  121 
    40:  122  123  125  124  124  125  138   96   85  130 
    50:   88  128  117  117  117  117  115  119   45  -28 
    60:  128  107   88   75  114  117  121  121  119  123 
    70:  119  107    5   -2   64   18   52  120  120  120 
    80:  120  119  114   68 -207 -198 -121 -115 -119  -89 
    90:  -73  -62  -38   36   47   32   22   59   67   35 
   100:   -6   75   43  124  119  120  120  113  130 -115 
   110: -200 -191 -181 -155 -147  -71  -72 -155  -99 -108 
   120:  -65  -15  -74    7   84   64    7   49   83  121 
   130:  120  120  120  114   61 -217 -207 -197 -189 -148 
   140: -141 -126 -100 -157 -174 -137 -143 -131  -86  -74 
   150:   53   24  113  112   79  124  120  120  118  121 
   160:    8 -228 -221 -248 -179 -142 -144 -149 -125 -159 
   170: -168 -180 -143 -130 -131 -113  112  108  117  110 
   180:   83  123  120  119  114  134  -93 -228 -243 -229 
   190: -203 -149 -148 -153 -133 -150 -157 -200 -179 -174 
   200: -128 -136   84  112  119  112   80  123  120  120 
   210:  115  130  -49 -229 -208 -237 -187 -152 -129 -144 
   220: -127 -152  -95 -161 -139 -160 -160 -172   49  118 
   230:  118  112   80  123  120  120  118  119    5 -274 
   240: -219 -220 -196 -182 -154 -168 -131 -175 -127 -157 
   250: -162 -173 -158 -192   40  119  118  112   83  123 
   260:  120  120  120  115   62 -216 -234 -188 -164 -161 
   270: -144 -126 -150 -157 -140 -142 -159 -160 -162 -143 
   280:   58  118  118  112   83  123  120  120  120  112 
   290:   94 -172 -231 -164 -163 -148 -117 -124 -139 -136 
   300: -109 -123 -105 -143 -137 -151   62  118  118  111 
   310:   81  123  120  120  120  113  112 -158 -205 -106 
   320: -163 -105  -98 -104  -96  -95 -114 -114  -83 -124 
   330: -144  -83  100  115  119  111   85  123  120  120 
   340:  120  114  121  -88 -182 -141 -132  -87  -77  -75 
   350:  -70  -74 -105  -93  -84  -93 -118  -71  111  114 
   360:  119  111   84  123  120  120  120  116  128  -24 
   370: -135  -71   -4   48   45   37   97   23  -29  -92 
   380:  -90  -87 -105    4  123  117  119  111   83  123 
   390:  120  120  120  116  128    1  -79  -87 -120  -94 
   400:  -36  -14   67   71   97  103   88   68   31   64 
   410:  123  118  119  111   81  123  120  120  120  116 
   420:  129   -5  -57    1  -15  -42  -14  -16  -53  -68 
   430:  -87  -32   43   28   44  106  119  119  119  110 
   440:   83  123  120  120  119  117  128    1  -23   30 
   450:  -22   29   20   10    9  -28  -51  -59  -68  -19 
   460:    0   72  121  119  119  110   82  123  120  120 
   470:  119  115  127  -50  -16   38  -35 -121    7  -52 
   480:  -59  -28  -27  -69  -33   -9    3  104  116  120 
   490:  119  110   83  123  120  120  120  115  120  -58 
   500:  -48  -46  -80 -102  -85   -2  -54  -18  -88  -80 
   510:  -10  -75  -25  109  117  120  119  109   83  123 
   520:  120  120  120  113   87 -150 -112  -92 -119  -76 
   530:  -36    4  -25  -59  -56  -79  -53  -69  -25  111 
   540:  116  120  119  109   82  123  117  118  115  121 
   550:   13 -128 -106  -95 -121 -100  -70  -29  -29  -77 
   560:  -47  -76  -77  -77  -46   92  116  118  118  106 
   570:   79  120  101  117   89   79 -127 -144 -179 -115 
   580: -124  -99  -76  -72  -73 -101  -74  -83  -68  -87 
   590:  -84  -21  133  122  127  116   78  112  -48   32 
   600:  -17  -94  -92  -55  -73  -44  -24  -78  -71   51 
   610:   70   -5  -32  -35  -36  -42  -20    9   56   20 
   620:  -17  -43   15  -34 
