     0:    3    4    3    3    4    4    4    5    5    5 
    10:    4    5    6    6    6    5    7    8    7    6 
    20:    7    7    8    9    9    9    9    9   11   11 
    30:   10   12   11   12   11   12   12   12   12   13 
    40:   12   13   16    7   14   15   15   10   10   15 
    50:   14   15    0    0    0    0   -1    0   -1   -1 
    60:   -1    0    0   -1   -1   -1    0   -1   -1   -1 
    70:   -1   -1   -1   -1   -1   -1   -1   -1   -1   -1 
    80:   -1   -1   -1   -1   -1   -1   -1   -1   -1   -1 
    90:   -1   -1   -1   -1   -1   -1   -1   -1   -1   -1 
   100:   -1   -1   -1   -1    0    0    0    0    0    0 
   110:    0    0    0    0    0    0    0    0   -2    0 
   120:    0    0    0    0    0    0    2    0    0    0 
   130:    0    0    0    0    0    0    0    0    0    0 
   140:    0    0    0    0    0    0    0   -1    0    0 
   150:    0    1    0    0    0    0    0    0    0    0 
   160:    0    0    0    0    0    0    0    0    1   11 
   170:   -8   -2    0    0    0    0    1   -2  -13    2 
   180:    0   -1    1   -1    0    0    0    0    0    0 
   190:    0    0    0    0    1    0   11   -9    8   -1 
   200:    0    1   11    2    1    0    0    0    0    0 
   210:    0    0    0    0    0    0    0    0    0    1 
   220:   -4    5   -2   -2    0    4   -5   -3  -24    1 
   230:    4    4    4   12   -9    7    4   -2    0    0 
   240:    1    1    1    1   -3    0    0   -2    3  -10 
   250:    4   -1    0   -2    4    2    1    0    0    0 
   260:    0    0    0    0    0    0    0    0    0    0 
   270:    5    0   -5   -2   -1    3   -7   -4    2   -9 
   280:    2  -23    6   -1    5   11  -11    0   -4   -2 
   290:   -8   15   -7   -4    4    9   -9    3   -1   -5 
   300:    0   -4   -1   -1    0   -1    0   -4    0    0 
   310:    0    0    0    0    0    0    0    0    0    0 
   320:    0    2   -6    3    2   -2    4    5   -8    6 
   330:    6   -8    2   -6    4  -15    7   -3   20    1 
   340:   -2   -9   11    8  -15    1    1    8    6   13 
   350:    2    0   -1    1    1    1    2   -1    2    0 
   360:    0    0    0    0    0    0    0    0    0    0 
   370:    0    0    0    1    6   -1    2    2   -3   -1 
   380:    2    6    2    0    1   -3   11  -22    2    6 
   390:   -6   20   22    0    9   -6  -10    2  -13   16 
   400:    4    2    4    1    1    0    0    1    4    6 
   410:    0    1    0    0    0    0    0    0    0    0 
   420:    0    0    0    0    0   -4   -4   -8   -5    7 
   430:   -8    0   -5    6   -3    7   -3   -4   -2    4 
   440:   23   22    9    4   19   -7    1   -3  -10   -2 
   450:   -5    4   -9    5    7   -2   -1    2   -3    2 
   460:   -1   14    0    0    0    0    0    0    0    0 
   470:    0    0    0    0    0    0   -1    3  -10    0 
   480:    0    4   -2   -2   -1   -2    2    5   -5    5 
   490:    4    9  -21   16   13    6    5    1    0   10 
   500:    6    5   10   10    1    1   -1    2    4   -7 
   510:   -2   -1   -1   -1    0    0    0    0    0    0 
   520:    0    0    0    0    0    0    0    0   -3    0 
   530:   -1   -2    1    4    0    1    1   -5   18    8 
   540:   -5    1    7   -7  -12   -4    0    7    3    8 
   550:    7    2    1   -5    4   -4    9    1   -6    5 
   560:    0  -32    1   -1    0    0    0    0    0    0 
   570:    0    0    0    0    0    0    0    0    0    0 
   580:   -6   -2   -1    5   -3    2   -7   -2    2   -6 
   590:    4    5    5    5    7   -4   27   -5    5    8 
   600:   16    0   -4   -4   -3    7   -9   -2    6   -6 
   610:   -2   -4    0   -4    0    0    0    0    0    0 
   620:    0    0    0    0    0    0    0    0    0    0 
   630:    0    1   -6    3   -5    4   -4   -2    3    0 
   640:    2   -2    3   -9    0   -3   -5   -5   -4   -3 
   650:    2   -2   18   -8   -2   -4    3    5  -15    2 
   660:    8   -1   10    0    0    1    0    0    0    0 
   670:    0    0    0    0    0    0    0    0    0    0 
   680:    0    0    0    1   -3   -1   -4   -4    4   -5 
   690:   -1    1    3    0    1   -3   -2   10    2   10 
   700:    7    8   -5    2   -3    2    8   -7   -3    0 
   710:   -4    1    6   -3    5    4    0    0    0    0 
   720:    0    0    0    1    0    0    0    0    0    0 
   730:    0    0    0    0    0    0   -8    7    2    3 
   740:    2    0    7    4    2   -1   13    1   -1   -1 
   750:    6   -5   -2    3   -5    0   -5   -5    7    4 
   760:    1    0    6    2    9    5   -1    7    2    0 
   770:    0    0    0    0    0    0   -1    0    0    0 
   780:    0    0    0    0    0    0    0    0    4    1 
   790:    4    6  -12    2    0   -1    2    3    8   12 
   800:   -1    3    0   -1    0    4    0   -3    2    0 
   810:   -1    1   -1   -3   12    3   -1   -2    0   -2 
   820:   -1    0    0    0    0    0    0    0    0    0 
   830:    0    0    0    0    0    0    0    0    0    1 
   840:   -5    7   -5   -6    8    0   -3   -4   -6  -10 
   850:   -1   -3    0   -6   -5   -6    2   -4    1    0 
   860:    2    2   -7   -7   -1    2   -1    0  -16    2 
   870:    3   -9   -2    0    0    0    0    0    0    0 
   880:    0    0    0    0    0    0    0    0    0    0 
   890:    0    1   -8    0    7    7    5    4    8    5 
   900:    3   -1    1    4    7    2   12    5    4    5 
   910:    6    5    5    3   -4    2    0    5   -2   14 
   920:  -12    0    2    6   -2    0    0    0    0    0 
   930:    0    0    0    0    0    0    0    0    0    0 
   940:    0    0    0    0   -5    5    4    9  -16    6 
   950:    1   10   -2    2    2   -1   -1    4  -16    3 
   960:   -2   -8   -4   19   -3    2    0   -2   -1    8 
   970:    9    1   11   -3    0   -2   -2    0    0    0 
   980:    0    0    0    0    0    0    0    0    0    0 
   990:    0    0    0    0    0    0    4    0    4   -4 
  1000:   -6  -14   -2   -5   -6   -9   -3   -2   -7   -2 
  1010:   -4   -1    6  -10  -10  -17   11    0   -5   -7 
  1020:    1   -5   -5   -9    8   -6   -6   -2   -1    0 
  1030:    0    0    0    0    0    0    0    0    0    0 
  1040:    0    0    0    0    0    0    0    0   -1   -7 
  1050:   -1   -4   -3   -7    2    0    5    1   -5    7 
  1060:    2  -11   15    1   10   -5   36   24    0   13 
  1070:   -5   -7    0   -2    5   -6    3   -9  -16   12 
  1080:   -7    1    0    0    0    0    0    0    0    0 
  1090:    0    0    0    0    0    0    0    0    0    1 
  1100:   -4   28   -7  -16    0   10  -22   -6   -5   -4 
  1110:    1  -20    6   20    2    8  -30    9  -60  -43 
  1120:   11   -8   -2    4   -1    5    8    2   -6    5 
  1130:  -10   -5   -9    1    0    0    0    0    0    0 
  1140:    0    0    0    0    0    0    0    0    0    0 
  1150:    0    0   -1    5  -31   10   12   -7   13  -11 
  1160:   21   -6  -14   11  -26   23  -53    1  -18  -20 
  1170:   42   10  -24  -10  -15    8    6    0   -1  -11 
  1180:    2  -13   -7    4   -4    1    0    0    0    0 
  1190:    0    0    0    0    0    0    0    0    0    0 
  1200:    0    0    0    0   -2    8   -9   36  -20  -10 
  1210:   14  -13    0  -34    9   17    7   -4   23   -7 
  1220:   40   18  -41    0   17  -11   -6   -2   -3    0 
  1230:    7    0   13   -5   12   -7    0    0    0    0 
  1240:    0    0    0    0    0    0    0    0    0    0 
  1250:    0    0    0    0    0    0    3  -18   15  -15 
  1260:    8  -14    9    4  -39   19   73    2   16   29 
  1270:   12   12  -42   -2   39   23   -7   -8    1   -9 
  1280:    5   11  -12   23    2   -8   11    5   -2    0 
  1290:    0    0    0    0    0    0    0    0    0    0 
  1300:    0    0    0    0    0    0    0    0    1   -9 
  1310:  -22  -23   -8   25   -3  -18   43   75   36    9 
  1320:  -21  -56   13    7   31    4  -65    4   31   -6 
  1330:   -8   -4   19   -5    6   14   -7   13   -6  -12 
  1340:    2    0    0    0    0    0    0    0    0    0 
  1350:    0    0    0    0    0    0    0    0    0    0 
  1360:    0   -6  -18  -44  -22   -5  -35   16   48   26 
  1370:    9   22   49  -26  -43  -31   -6   58   35  -20 
  1380:  -47   24  -24   29  -16  -10   26  -27   -7   24 
  1390:   -4   -1    0    0    0    0    0    0    0    0 
  1400:    0    0    0    0    0    0    0    0    0    0 
  1410:    0    0    0    1    2   21   33   18    3    9 
  1420:    1    4   -4    4   -1  -23  -18  -21    2    0 
  1430:   26   -3   37  -44   12    5  -14   31  -24   10 
  1440:   -8   19    8    3    0    0    0    0    0    0 
  1450:    0    1    0    0    0    0    0    0    0    0 
  1460:    0    0    0    0    0    0  -14   -8  -26  -17 
  1470:   40   21    0   -8  -16    5   10    1   -6   -2 
  1480:    1   -4    3   -2    4   26  -16  -33   32  -29 
  1490:   23    7  -26    8    0    2    0    0    0    0 
  1500:    0    0    0    0    0    0    0    0    0    0 
  1510:    0    0    0    0    0    0    1   -2   28   23 
  1520:   34   64   37   56   32  -59  -42  -41  -45   47 
  1530:  -31  -32    1   14    8   -4    0    2    2   -5 
  1540:    5   -4   -7   12  -25    2    9   -2    1    0 
  1550:    0    0    0    0    0    0    0    0    0    0 
  1560:    0    0    0    0    0    0    0    0    0    0 
  1570:  -10  -33   26  -31  -69   13  -25   33   29   44 
  1580:    3  -16   35    5  -48  -12   51    1  -48   11 
  1590:   17   -2    1    2   -4    0   -5   -6    0    0 
  1600:    0    0    0    0    0    0    0    0    0    0 
  1610:    0    0    0    0    0    0    0    0    0    0 
  1620:   -1    3  -33   16   -4  -27   -3   -5    9    0 
  1630:  -19  -10   13  -10  -25   34   17   10  -35   31 
  1640:   14  -42   25    9  -12   12   19    7   18    0 
  1650:    0    0    0    0    0    0    0    0    0    0 
  1660:    0    0    0    0    0    0    0    0    0    0 
  1670:    0    0    0    0    5   27  -28  -19   10   12 
  1680:   -2  -14    2    7  -13    5    8  -11    5   -3 
  1690:   21   -2    1    0  -23    9   31  -26  -13   16 
  1700:    6   17    5    0    0    0    0    0    0    0 
  1710:    0    0    0    0    0    0    0    0    0    0 
  1720:    0    0    0    0    1   -2   25  -32    2   -3 
  1730:   -4   -1  -25  -22   -4   19   35    5    2   -1 
  1740:   -7   -4    8  -10   22   24   23  -18  -48   28 
  1750:   -4   12  -40    4    3    0    0    0    0    0 
  1760:    0    0    0    0    0    0    0    0    0    0 
  1770:    0    0    0    0    0    0    1    4   39   25 
  1780:   20   -9    7   44   30   10   39    2    3    1 
  1790:  -18    9    4  -16   20  -11  -30  -27   -9   39 
  1800:   14  -38  -12   21   31    1    3    0    0    0 
  1810:    0    0    0    0    0    1    0    0    0    0 
  1820:    0    0    0    0    1    0    0    0    0    0 
  1830:   -8   19  -33    7   -3   16   -7  -30  -21   -9 
  1840:  -40  -10   19  -12   14   -6    6   16    3    3 
  1850:   -8   -9   -8   37  -10  -22  -11    9   -2    0 
  1860:    0    0    0    0    0    0    0    0    0    0 
  1870:    0    0    0    0    0    0    0    0    0    0 
  1880:   -1   -3  -34    4   35   44   27  -14   38   -5 
  1890:   -2   10    2  -35   12  -22   -1   19   -3  -31 
  1900:   -1    9    7   -6    4  -23    0   -8   20    0 
  1910:    1    0    0    0    0    0    0    0    0    0 
  1920:    0    0    0    0    0    0    0    0    0    0 
  1930:    0    0    1  -12    9   16   48   -1  -19  -35 
  1940:   12   31   12    1   17  -10    9    5    4   16 
  1950:    7    1    5  -30  -35   43    0   14   36  -12 
  1960:  -45  -24    1    0    0    0    0    0    0    0 
  1970:    0    0    0    0    0    0    0    0    0    0 
  1980:    0    0    0    0    2  -18   -8  -11  -18  -22 
  1990:  -43   -2  -13    1   20   20  -39    6    5   12 
  2000:    3   27  -11    7  -13   37   26  -12   15  -31 
  2010:  -39   -1   -7   19   -3    1    0    0    0    0 
  2020:    0    0    0    0    0    0    0    0    0    0 
  2030:    0    0    0    0    0   -1    2  -25   11  -11 
  2040:  -25    4  -17   33  -24  -47    1   55    7    1 
  2050:  -15   14    0  -18    1    0   10  -46   11   36 
  2060:   32   47   29   43   13   -4    0    0    0    0 
  2070:    0    0    0    0    0    0    0    0    0    0 
  2080:    0    0    0    0    0    0    0    0   -6  -17 
  2090:  -13  -17   10  -17  -26  -28    7   16  -18   10 
  2100:   58   10  -21   -7   28  -28   15  -11   -7    4 
  2110:  -19  -17  -13   -9   -3  -32  -37    2   -1    0 
  2120:    0    0    0    0    0    0    0    0    0    0 
  2130:    0    0    0    0    0    0    0    0    0   -1 
  2140:    6   34   39   -3  -21  -34   24   30   66   48 
  2150:   44   -8   -2    3   12   -8   -9   13  -19   20 
  2160:    7   -3  -14    1   -7   -5  -33   -6   31    2 
  2170:    3    0    0    0    0    0    0    0    0    0 
  2180:    0    0    0    0    0    0    0    0    0    0 
  2190:    1   -5   -2  -17    9   -2  -38   -2   33   -2 
  2200:  -22  -56  -60  -66  -16  -27  -37   55  -17  -11 
  2210:    2    7    1   -7  -10    4   -4   25   28   51 
  2220:   17   11  -11    1    0    0    0    0    0    0 
  2230:    0    0    0    0    0    0   -1   -1   -1    0 
  2240:   -3   -2   -4    4   -4   -7  -33   -6   21    1 
  2250:  -36  -60  -39    7   38   53   41   30  -28  -37 
  2260:   32  -19    2   -1    0   24    0    0   27  -12 
  2270:   -5  -44  -17  -19    2   -3    0    0    0    0 
  2280:    0    0    0    0    0    0    0    0   14    1 
  2290:   -1    3   -1   -1   -2   10    8   23   -4   22 
  2300:  -19  -21   -5   -6  -17   18   -5   -1  -26  -16 
  2310:   -6  -27  -27   27    8    7   23    0    9   -8 
  2320:   17   21   22  -20   49   30   23    7    1    1 
  2330:    2    2    2    2    2    2    2  -14    3    1 
  2340:    8    6    6    4    3   -5   -1    2   17   17 
  2350:   -3   14   -2   -3    7   24   -8    7  -20   11 
  2360:   26   16   17    9    8   -9   13    7   -6   16 
  2370:  -23    0  -21    5  -15    7   -9   13   10  -10 
  2380:  -12  -13  -14  -15  -15  -15  -14  -13   -6   10 
  2390:    6    6  -36   -4  -12   -5   -7   -5   -8   -9 
  2400:   -8    9  -10   -2   -4    2    9    4   -1    1 
  2410:    2    7    7    3    5    8    8    9    2    2 
  2420:   -4   -4   -4  -18  -18  -16  -12  -14   -6  -11 
  2430:   13   33   26   16    0   -6   -8  -11  -11  -13 
  2440:    5   20   11   21   -8    3  -18   -3  -16   -9 
  2450:   15  -14  -18   11  -27   22   -5  -10  -20  -13 
  2460:  -22   25  -11   -8   -8   -5   -7   -6   -5   -2 
  2470:    1   -5    1    3    4   15   17    7    3    1 
  2480:    0    4  -17  -31  -31  -26  -27  -10    4    8 
  2490:   10   11    9    4    0    4 
