     0:    0    0    0    0    0    0    0    0    0   -1 
    10:    2   -4    3   -6   -1    0    0    0    0    0 
    20:    0    0    0    0    0    0    0    0    0    0 
    30:    0    0    0    0    0    0    0    0    0    0 
    40:    0    0    0    0    0    1    1    0    2   -3 
    50:    3   -1   -2   -2   -2    1   -1    1    0    0 
    60:    0    0    0    0    0    0    0   -1    0    0 
    70:    0    0    0    0    0    0    0    0    0    0 
    80:    0    0   -2    1   -2    1   -1   -1    0    3 
    90:    5    3    3    2   -4    0    0    0    0    0 
   100:    0    0    1    1   -2    1    0    0    0    0 
   110:    0    0    0    0    0    0    0    1    0    0 
   120:   -1    0    0    0    0    0   -5   -6   -1   -7 
   130:   -4    4   -1    1    0    1    1    1    1   -1 
   140:   -2    3    0    0    0    0    0    0    0    0 
   150:    0    0    0    1    0    0   -1    1    2    0 
   160:    0   -1    1   -1    5    4    6    0    0   -1 
   170:    1    0   -1   -2    0   -1    0   -1   -1    0 
   180:    0    0    0    0    0    0    0    0    0   -1 
   190:    0    2   -1    0   -1    0    0   -1    1    1 
   200:    0    0   -9   -4    3   -4    0    0    0    0 
   210:    0    0   -1    0    0    0    0   -1    1    0 
   220:    0    0    0    0    0    0    0    0    0    0 
   230:    0   -1    0    0    0    0    0    3   -3    5 
   240:    2   -1    0    1    0   -1    0    0    0    0 
   250:    1    1    0    0    1   -1    0    0    0    0 
   260:    0    0    0    0    0    0    0    1   -1    0 
   270:    0    0   -1    0   -3    4    0    1   -1    1 
   280:    0    0    0    0    0    0    0    0   -1    0 
   290:    0    0    0    0    0    0    0    0    1    0 
   300:    0    1    1   -1   -3   -1    0   -1    1    0 
   310:    1    2   -1    3   -3    1    0    0    0    0 
   320:    0    0    0    0    0    0   -1    0   -1    0 
   330:    1    0    0    0    0   -1    1   -1    1    1 
   340:    1    0    0    1    1    0    0    0    0    4 
   350:   -3    1   -1    0    0    0    0    0    0    0 
   360:    0    0    0    0   -1    0    0    1    0    0 
   370:    0    0   -1    0    0    0   -1    0    1    0 
   380:    0    0    1    0    0   -1   -2    1   -1    1 
   390:    1    0    0    0    0    0    0    0    1    1 
   400:    1    1    1   -1    1    0    0    0    0    1 
   410:    0   -1    0    0    0    0    1    0    0    0 
   420:    0    0    0    1   -1    1    0   -1    0    0 
   430:    0    0    0    1    0    0    1   -1   -1   -2 
   440:    0    1    1    0    0    0    0    0    0    0 
   450:    0   -1    0    0    0    0    0    0    0    0 
   460:   -1    0    0    1    0    0    0    0    0    1 
   470:    0    0    1    0   -1    0    1    1    1   -1 
   480:    0    0    0   -1    0    0    0   -1    0    0 
   490:    0    0    0    0    1    0    0    0    1    0 
   500:   -1   -1    1    0    0    0    0    0    1    0 
   510:    1    1   -1   -2    1   -1    1    0    0    0 
   520:    0    0    0    0    1    1    1    0    0    0 
   530:    0    0    0    0    0    0    0    0    0    0 
   540:    0    0    0    1    1    1    0    0    1    0 
   550:    0    1   -1    0    0    0    0    0    0    0 
   560:    1   -1    0    0   -1   -1    0    0   -1    0 
   570:    0    1    0    0    0    1   -1    1    0   -1 
   580:    0    0   -1    0    1    0    0    1    0    1 
   590:    1    0    0    1    0   -1    0    0    1    0 
   600:    0    0    0    0    0    1    0    0    0    0 
   610:    0    0   -1    0    0    0   -1    0    0    0 
   620:    0    0    0    1   -2    0   -3   -2    0    0 
   630:   -1    0    1    0   -1    0    1    0   -1    0 
   640:    0    0   -1   -1    0   -1    0    0    0    0 
   650:    0    0   -2    3   -2    1    0    0   -1    0 
   660:   -1   -1   -1    0    1    0    0    0    0   -1 
   670:    0    1    0    0    0    0   -1    0   -1    0 
   680:    0    0    0   -1    0    0   -1   -1   -1    0 
   690:    1   -3    0    0   -1    0    0   -1    1    0 
   700:   -2    0    0    0    1    0    1    0   -1    0 
   710:    0    0    0    0    0    0   -1   -1   -1    0 
   720:    0   -1    0    0    1   -2    3   -2    1    1 
   730:   -2    0    0    0   -1    1   -1    2    0    0 
   740:    0   -1    0   -1    1    0    1    0    1    2 
   750:    0    0    0    0    0    1    0   -1    0    0 
   760:    0   -2    1    0   -1    0   -2    5   -3   -1 
   770:    0    2    0    1    2    1    0    0    0   -1 
   780:    0    1   -1   -1   -1   -1    1   -1    0    0 
   790:    0    0    0    0    2   -1    0   -2    2    1 
   800:   -1    0    0   -4    0    6   -1    0   -1    0 
   810:   -2   -4    1    0    0   -1    0    0    0    1 
   820:    0   -1   -3   -2    0   -2    1   -1    1    0 
   830:    1   -1    1    1    1    1   -2   -1    0    2 
   840:   -2   -4   -3    3    2   -1   -1    3    3    0 
   850:    0    0    0    1   -2    3   -1    0   -3    0 
   860:    0    0    1    0    1   -1   -1   -3    0   -3 
   870:   -2   -3   -1    2   -1    1    5    5   -2   -4 
   880:   -3    0   -1   -2   -2   -3    0    0    0    0 
   890:   -2    4   -2   -1    1    3    0   -2    0    0 
   900:    1   -2    0    0    2    0    0    0    1    4 
   910:    4    3    0   -1   -1   -1   -3   -2    0    4 
   920:    2    0    1    0    0    0   -1    3    1   -2 
   930:    4    0   -3    2    3    1    0   -2    2    1 
   940:    1   -1    0   -2    4    4    0   -1    0   -1 
   950:   -4   -3    0    1    3    3    3    0   -1    0 
   960:    0    0    0    0    1   -2    4   -1   -3    2 
   970:   -1    5    2    2    5   -2   -2   -1    2    1 
   980:    1   -2   -3   -3   -2    1   -4   -1    4   -1 
   990:   -1    4    0   -1   -1    0    0    0    0    0 
  1000:    0   -1    1   -3   -1   -2    1    4   -3   -1 
  1010:   -1   -3   -1    2    1    2   -1    0   -1    5 
  1020:    1    2   -3   -1    4    0    4    2    0    3 
  1030:   -2    0    3    0    0    0    0    0    0    0 
  1040:   -1   -1    0   -3    1    1    1   -1    3   -1 
  1050:   -3   -2    0   -1    0    1   -1    0    0    0 
  1060:    0   -1   -1   -1    0    1   -4    1    3    0 
  1070:    0    0    0    0    0    0    0    0    0    0 
  1080:    2    0    1   -1   -2   -4    0    2    0    0 
  1090:   -1   -4   -2   -1    0    0   -1    1    0    2 
  1100:    0    2   -1    0   -2   -4   -2    0    0    0 
  1110:    0    0    0    0    0    0    0   -1    3    1 
  1120:    1    0    0    3   -3    1    1    3    2    0 
  1130:    4    0    0    1    3   -2    1    0   -1    0 
  1140:    1    5    1    0    0    0    0    0    0    0 
  1150:    0    0    0    2   -1    0    2   -2    3    2 
  1160:    0    3    0   -1   -1   -2    3   -3    0    1 
  1170:    1    0    2    0    0   -1   -1   -1   -5    0 
  1180:    0    0    0    0    0    0    0    0    0    1 
  1190:   -2    0    4   -3   -2    3   -2    5   -3    0 
  1200:    2   -4    4   -4   -1    1   -2    1   -1    1 
  1210:    0    0    0    0    2   -2   -1    0    0    0 
  1220:    0    0    0    0    1   -1   -2    0    1   -3 
  1230:    1    4   -4    3   -3    1    1   -2    5   -5 
  1240:    5    0   -3    0   -1    1   -4    1    0    0 
  1250:    0    0    1    0    0    0    0    0   -1    0 
  1260:    0   -3   -1    2    0   -1   -1    3    0    2 
  1270:   -1   -3    4   -4    4   -4    3   -2   -1    1 
  1280:   -2    1    0   -1   -1   -1    0   -1    0    0 
  1290:    0    0    0    0    0    0    0    0    0    1 
  1300:   -4    1    0    1    1   -1    0    0    2   -2 
  1310:    1   -1    2    0   -1    3   -2    0    0    0 
  1320:    0    0    0    1    0    0    0    0    0    0 
  1330:    0    0    0    0    0    0    0    0    0    1 
  1340:    1    1    0    0    2    1    0    1    0    1 
  1350:    0    2    0    3    0    2    1    0    1    1 
  1360:    1    1    1    1    1    1    1    1    1 
