     0:    0    0    0    0    0    0    0    0    7   -5 
    10:    3   -1    1   -7   -3    0    0   -1    1    0 
    20:    0    0    0    0    0    0    0    0    0    0 
    30:    0   -2   -3   -1    1    0    0    0    0    0 
    40:    0    0    0    0   -2   -1    2    2    9    1 
    50:    5   -5    1   -1    3   -2    0    0    0    0 
    60:    0    0    0    0    0    0    0    0    1    0 
    70:    0    0    0    0    0    0    0    0    0    0 
    80:    1    5    8   -3   -1  -14    3    8    3   -2 
    90:    1  -13    9   -1    2   -1    0    0    0    0 
   100:    0   -1    0    2    0   -3    0    0    0    0 
   110:    0    0    0    0    0    0    0   -2   -3    0 
   120:    6    9   26    4    3   -5   -5    4    2   -7 
   130:   -1   -5    4    4    1   -2   -3    0    5    3 
   140:   -4    2    0   -1    0    0    0    0    0    0 
   150:    0    0    1    8    4   -2   -9  -18  -14   -9 
   160:    4   17  -19    4    0   -5    2   -3   10   -6 
   170:   -3    1    0    3    0   -1    0    0    0    1 
   180:    4    0    0    0    0    0    0    0    1    0 
   190:   -5   -2    1   10   17    3    1   -3  -18    1 
   200:    9   -2   -1   -5    5   -7    2    6   -1    1 
   210:   -2    0    0   -2   -2    0    1    0    0    0 
   220:    0    0    0    0    0   -7   -2    2    0   -1 
   230:   -2   -8   -3   -4   -2    2  -12   -6    5   -4 
   240:    2    4    0    3    1    4   -5   -1    4   -2 
   250:    1    1    1    1    0    4    0    0    0    0 
   260:    0    0    0    2   -2    0    1   -5    7    1 
   270:    4    5    0   16    8   -7    1    1   -2    4 
   280:   -1    0   -3    3    5   -1    0   -1   -2   -2 
   290:    3    3    2    0    0    0    0    0    0   -1 
   300:    1    3    1    2   -1   -9  -10   -2   -3    3 
   310:    6    5    6    5    8   -8   -2   -1    3    6 
   320:    2    1    4   -2    0    3    2    5   -3   -5 
   330:   -2    0    0    0    0    0    0    1    2    6 
   340:   10   -5    0    1   -1    0    2   -9  -18    0 
   350:  -16   -1   20    3    1    0    1    4    1    0 
   360:   -2   -3    1    2   -4    4   -2    2    0    0 
   370:    0    0    1   -3   -4    0   -3   -2   -1    0 
   380:   -3    2    1   -1    0   11   -6   12    2   -2 
   390:   -3   -2   -1   -1   -3   -3    0    2   -4   -1 
   400:   -4   -1   -1   -3    1    0    0    0   -1    1 
   410:    2    0   -3    1    3    0    0    1    0   -2 
   420:    1   -1  -10  -23   -1   -5   -1   -1    0    4 
   430:    0    3    1    0   -1    3   -1    3    3    1 
   440:    1   -2    1    0    0    4    1   -2    1    0 
   450:   -1    2   -1   -1    2    0    1   -1    1    4 
   460:    1   -1    0   -3   -2    3   -1   -2    1    1 
   470:   -3   -1   -1   -3   -2   -4   -5    0    1    2 
   480:    0    0    0   -1    1    0   -1    3   -3   -2 
   490:   -1    1    0   -2    0   -1   -2   -3    3    6 
   500:    1    0   -3    2    1   -1   -1    4    4    2 
   510:    0    3    1   -1   -1   -2   -2    0    0   -3 
   520:    0    1    2    0   -5    0    1   -2   -2   -1 
   530:   -2    0   -1    2   -2    1   -5    2    0    1 
   540:    7    1    7    4   -5    2    2    4   -3   -2 
   550:    0   -2    1    3    0   -2   -1    2   -1   -1 
   560:    0    3   -2   -5    2    4    1    1   -1    1 
   570:    0    0    0    0    0   -3   -8   -6   -1   -8 
   580:   -4   -2    0   -1  -10    1   -1   -2    2    0 
   590:   -4    0   -1   -2   -2    1    3    3   -1    0 
   600:    0   -1    3   -2    0   -1   -1    2    0    0 
   610:    4    1    3    5    2   -2   -5   -3   -3    0 
   620:    3    5   -1    2   -2   -8    1    3    0   -1 
   630:    1    1    0    0    0    1    0    1   -1    0 
   640:    1   -2    2    1    2   -1   -1    1   -2   -2 
   650:    0    3    7    7   14    1    0    1   -3    0 
   660:   -3    1    2   -3    0    0    1    0   -7    2 
   670:    1    2   -1   -2    0    2    2   -1    2   -2 
   680:    1   -2    0    2   -2    1    0   -3   -2   -3 
   690:   -6  -10   -6    1   -3   -3   -1    3    3   -1 
   700:    1    3    0    0    2    0    0    0    2    1 
   710:    1   -1   -1    0   -1    1    0    0   -1   -1 
   720:    1    6   -2    6   12    6   -1    8   -2   10 
   730:    6   -4    4    3    8    1  -13    0    3    0 
   740:    0   -1    0   -1    0    1    1    1    1    3 
   750:    1   -1   -1    1    3    2   -1   -5  -11    2 
   760:    0  -12   -3    6  -12    9  -13   -2    9   -2 
   770:   -7  -17    0    8    0   -5    1    0    0    0 
   780:   -1   -1   -1   -3   -1   -2   -4    0    0    1 
   790:    3   -2    0    3    0   19   15    3   -7   16 
   800:  -10   21   -8    2    0   -3   -4   -2   20    4 
   810:   -5   -9    0    0    0    1   -1    0    5    6 
   820:    8    4   16    4    0   -1    1   -1    2    2 
   830:    1   18  -17   -8   -4   12  -24   -1    2   -1 
   840:   -2    0   -2    7   -5  -12    1    3   -3    1 
   850:    0   -1   -1   -1    0  -12    3   -5    1   -4 
   860:  -17  -18  -15   -3   11   11  -13  -28    1   25 
   870:  -11    7   -4    9    3   -6   -1   -1   -2   -2 
   880:   -2   -6    2    3    0    3   -1    0    0    4 
   890:    2    2    9   -6   10    2   -4    2    2    8 
   900:  -13   -5   -5    4  -13    0   10    2   -2    8 
   910:   -1   -1    1    6    1    1    8   -5   -1    3 
   920:    3    3   -5    1    0    0   -9   -6   -1    3 
   930:    8   -7    8  -11    0    2    4   -7  -14   -3 
   940:   -1   -7    2    1   -1   -4   -2   -1   -1    1 
   950:   -1    0    3    3    2   -6    5    4    5    0 
   960:    0    0    0   -1    3    4   -3   -9    7    6 
   970:   12    1   -4    6   -6   -5   12    8   -6    3 
   980:    0    2   -1   -1    0   -5    1   -3    0   -5 
   990:    5    1    1   -1   -4   -4   -1    0    0    0 
  1000:    2   -4   -7   10   -3   -6    4   -2   -4    7 
  1010:   -2    7   -2   -1    7   -1    8   -3   -6    1 
  1020:    7   -7    4    4    5    1    5    0   -1   -5 
  1030:   -1    3    2   -1    0    0    0    0   -1   17 
  1040:   -9    5    1   12   -9   -2   -5    2   -2   -6 
  1050:    1    5    8   -5   -3    0    3    1    0    7 
  1060:   -1   -1    2    2    0   -1    2    2    5   -3 
  1070:    0    0    0    0    0    0   -3    6   -3   -6 
  1080:   -8    2   -4    0   -3    3   -6    0   -2   -6 
  1090:   -3    5   -1   -1    1    0    0    1   -1    0 
  1100:   -9    3    1    2   -3    0   -1    0    0    0 
  1110:    0    0    0    0   -1    0    7    8    9   -4 
  1120:    2    4    4    0    1    5    0   11    5    0 
  1130:    7    0   -3    2   -4   -9    2   -6   13  -14 
  1140:   13   -1    2    0    0    0    0    0    0    0 
  1150:    0    1   -1    0   -5   -3    0    0    7   -2 
  1160:   -9    3   -7    4   -6    4   -6   -4    0    1 
  1170:    8  -14   20   12    7  -11   -2   -4    1   -2 
  1180:    0    0    0    0    0    0    0    0   -5    7 
  1190:  -10    3    1    4   -7   11   -3    3  -12   11 
  1200:  -15    2  -11   23   -6    2    8   -9   11   -5 
  1210:   -9    4   -5    3   -1    2   -2    0    0    0 
  1220:    0    0    0   -1    4   -6    5    2    3    4 
  1230:   -1   -3    5   -9   -6    9  -14    8  -10   12 
  1240:   -2   -2   12  -11    7   -3    6    2  -11    1 
  1250:   -2    1   -5    1    0    0    0    0    0    0 
  1260:    4  -13   -1    2   -2  -10    3    5   -3   -5 
  1270:    8    8   -6   12   -5    2   -7    6    2  -13 
  1280:   17    6   -9   -2    0    9   -2    0    0   -1 
  1290:    0    0    0    0    0    1    1  -12    3    0 
  1300:   -5    4    7    1   -3    0   25    2  -19    3 
  1310:    1   -3   -7   -6    5   -7    8  -14   -5   13 
  1320:   -3   -3    0    4    0    0    0    0    0    0 
  1330:    0    0    1    1   10    1   -2   -9    5   -2 
  1340:  -11   -1    4    2  -16   13    5   -9  -17  -12 
  1350:    7  -12   10    1   15    3    0    6    2    0 
  1360:   -1    0    0    0    0    0    0    0    0    1 
  1370:    1    0   -3    0    2    2   -1    1    1    0 
  1380:    0    3   -1   -1    1    2    2   -1    2   -1 
  1390:    0   -3   -1    0   -1    0    0    0    0    0 
  1400:    0    0    0    0    0    0 
