     0:    0    0    0    0    0    0    0    0    1    3 
    10:   -1    3   -1   -1    3    0    0    0    0    0 
    20:    0    0    0    0    0    0    0    0    0    0 
    30:    0    0    0    0    0    0    0    0    0    0 
    40:    0    0    0    0    0    1   -1   -3    0    1 
    50:    2    0   -1    2    0    1    0    0    0    0 
    60:    0    0    0    0    0    0    0    0    0    0 
    70:    0    0    0    0    0    0    0    0    0    0 
    80:   -1   -1   -2   -3   -1   -1    1   -1   -2    1 
    90:    0   -2    1   -1    1    0    0    0    0    0 
   100:    0   -1    0   -2    2    1    0    0    0    0 
   110:    0    0    0    0    0   -1    0    0   -1   -1 
   120:    1   -1    0    0    0   -2    1    0   -1    0 
   130:    0   -1    0    0    1   -1   -2   -1   -3    1 
   140:   -1   -2   -2    1    0    0    0    0    0    0 
   150:    0    0    1    3    1    2    5    1   -4    0 
   160:    0    0    0    2    0    0    1   -1    0   -1 
   170:    0   -1   -2    0   -2    4    1    1   -3   -1 
   180:    2   -1    0    0    0    0    0    0   -1   -2 
   190:    5   -3    5    3   -4    2   -1    0   -1   -1 
   200:    1    1    3    1    0    0    0   -1    2    1 
   210:    1   -3    0    2    0    0    0   -2   -2    0 
   220:    0    0    0    0    0   -4   -9    2    3   -1 
   230:   -3   -2    0    2    2    0    1    1    0    0 
   240:    2    1    0    0    2    1    2    2    2    1 
   250:   -1   -4    1    0    0    3    0    0    0    0 
   260:    0    0    0   -3   -1    2   -1    0    3   -2 
   270:   -2    2    1   -1   -2   -1    0    0   -4    0 
   280:   -1   -1   -1   -2   -1    2    1    0   -3   -2 
   290:    1   -2    3    0    0    0    0    0    1    0 
   300:   -2    2   -3    1    3    0    4   -2    1   -2 
   310:    1    1   -1    0    0    0    1    0   -1   -2 
   320:   -3   -6    0   -1    0   -3    4    4    0    0 
   330:    0    0    0    0    0   -2    0   -5    6   -4 
   340:    4    0    0    3   -4    4   -6    4   -2    2 
   350:   -2    2   -3    0    1    1    6    7    6   -1 
   360:    0   -3    1   -2    1    4   -2   -2    0    0 
   370:    0    0    0    3    0    1   -1    4    3    2 
   380:    2   -1    5   -1    0    2    0    0    1    2 
   390:    2   -2   -2   -5   -4   -1    1    2    3    2 
   400:   -2   -5   -2   -1    0    0    0   -1    3   -1 
   410:    2   -4   -4    1   -2   -3   -2   -1   -2    3 
   420:   -2   -2    8   -2    1   -1   -6   -2    4    1 
   430:    1    2   -3   -3    0   -1   -2   -1   -2   -2 
   440:   -1   -2    0    0   -1    5    1   -1   -5    6 
   450:    3   -3   -3    0    1    1    1   -2    5    1 
   460:    1   -4    7   -2   -6   -4    1    1   -1    4 
   470:   -3   -3   -1   -1   -1   -1    3   -2    2    0 
   480:    0    0    3    6   -1    2    2    1   -2    0 
   490:   -2   -1    3    0    0    2    0   -2    2   -9 
   500:    5   -1   -2    1    1   -2    2   -4   -3    1 
   510:   -4    4   -1    1    0    1    1    0   -1    3 
   520:    0    3    2   -2   -7   -4    0   -2   -1    1 
   530:    2   -1    0    0   -7    3   -5    2    1    0 
   540:    1    1    0   -3    1    1   -2   -4    4   -5 
   550:    3    1   -2   -3    0    0   -6  -10   -3    0 
   560:   -3    1    0    0   -2    0    2   -3   -2   -1 
   570:   -2   -5   -4   -2    2    4    4   -3   -1    0 
   580:    0    2    0   -1    4    0   -2    1    1    2 
   590:    1    0   -2  -10   -5   -6    4    5   -1   -1 
   600:    0   -1    0    1   -3  -10   -8   -8   -4   -1 
   610:    0   -2    1   -1    0    1   -2   -2    0   -2 
   620:   -1    0   -2    2   -3    1    1    0    0    2 
   630:    3   -2    1    8    6   -2    2   -1    0    3 
   640:   -1   10  -13  -14  -12   -8    4   -3   -1    0 
   650:   -1    2    0   -2    2    1    1   -6    1    0 
   660:   -2    2   -2    0   -2    0    3    0    0   -6 
   670:   -1    2    1    1   -3   -2    1    1   12   -4 
   680:  -14  -17   -9    5   -2    0    3    3    0    1 
   690:    3    2    1    0   -1    0   -1   -1    1   -2 
   700:    1    1    0    2    2   -1    1   -5    4   -3 
   710:    4    0  -10    0   -1    0   14    3    2    5 
   720:    1    2   -2   -1   -1    0    1    2    1   -1 
   730:    0    3    0    0    1    1    0    1    0    0 
   740:    2    2   -1    1   -3   -2    0    2    0   -7 
   750:   -1    8    1    3   -2    5    6   -4    2   -1 
   760:   -1   -1    3    0    0    2    0   -2    1   -3 
   770:   -2    0   -1    0    1    0    0    0   -1    0 
   780:    0   -3   -1    0    0    4   -2    9    9    0 
   790:   -6    8   -5    1   -2    2    0    1   -1    1 
   800:   -1   -1    0    1    1    0   -3    0    0    1 
   810:   -1    1    1    0   -1    0    0   -1    0    2 
   820:   -1    2    0    1    1   -4    1    2   -2    0 
   830:    0   -1    0   -1    2    1    1    2    0    0 
   840:   -1    2    2    0    1   -2    0    1    0    0 
   850:    0    0   -2   -1    0    1    0    0    0    1 
   860:   -1    1    0   -1    0   -2   -1   -1    1   -2 
   870:   -1    0    1    0   -2    0    2   -3    0    0 
   880:   -2    0   -1    1    1    1    0    0    0   -1 
   890:    3   -1    0    0   -1    0    0    1   -1   -3 
   900:    3    1    0    0   -3    0    0   -2    0   -2 
   910:    0   -1   -4    2   -1    0   -1    0    0   -1 
   920:    0   -2    0    0    0   -1    2   -1    0    0 
   930:   -1    0   -1    0    0    3    1   -1   -2    4 
   940:    0    0    1   -2    1    0    1    1    6    0 
   950:   -2   -2    0   -4   -3    0    1    0    0    0 
   960:    0    0    0    1    3    0    0    1   -2    0 
   970:    1    1    2    0    1   -2    0    0    0   -1 
   980:   -1   -1    3   -3    2    7    2    4    0   -1 
   990:   -2    1   -1    5   -3    1    0    0    0    0 
  1000:    0    1   -1    1    0   -1    0   -1   -3    2 
  1010:    0    0    0   -1    2    2    2    1   -6    0 
  1020:    4   -1    0    2    0    2   -1    4   -1    0 
  1030:    0   -3   -2    0    0    0    0    0    0    0 
  1040:    0    2    2   -1   -3    0   -1    4    2   -3 
  1050:    0   -1   -2   -2    0   -4   -1   -1    2   -1 
  1060:    0   -2    2   -1   -1   -1    1    4   -1    0 
  1070:    0    0    0    0    0    0    0   -1    0   -2 
  1080:    0    3    1    0   -4   -1    0    0   -4   -2 
  1090:   -2    2   -3    1    0    0    0    0    0    0 
  1100:   -5    0   -4    4   -2   -2    0    0    0    0 
  1110:    0    0    0    0    0    0    1    1    2    1 
  1120:    0   -4   -2    1    1    2    1    1   -2    0 
  1130:    0    0    1   -1    0   -5   -2    0    2   -3 
  1140:   -2   -1    0    0    0    0    0    0    0    0 
  1150:    0    0    1    0   -1    1    2    0   -1    0 
  1160:    1    1   -2   -1    2   -1    1    0   -1    1 
  1170:    1   -1    0    1   -1    1    0   -4    2   -2 
  1180:    0    0    0    0    0    0    0    0    0   -1 
  1190:   -1    2    1   -1    0   -1   -3    1    0    0 
  1200:    0   -2    0    0   -1   -1   -2   -5    1   -3 
  1210:    1   -1    2    0   -1    1    0    0    0    0 
  1220:    0    0    0    0   -1   -1    0    3    1    1 
  1230:    0    0    1    0    2   -1    1   -1   -1    0 
  1240:    2    3    4    0   -1    0    0    2   -1   -1 
  1250:    0    0    0    0    0    0    0    0    0    0 
  1260:    2   -4    0   -1    0    0    0    0    1    0 
  1270:    1    0   -3    2    0   -1    1   -1   -4   -1 
  1280:   -2    3   -1    0    2   -1   -1    0    0    0 
  1290:    0    0    0    0    0    0    0    0    2    0 
  1300:    2    4    2   -3    3    1    1    0    1    0 
  1310:   -3   -4   -1    4    1   -2   -1    2    3   -1 
  1320:    1    0    0    0    0    0    0    0    0    0 
  1330:    0    0    0    0    0    0    0   -1    0   -1 
  1340:    0   -1   -1    0    0    0    1    1   -1    0 
  1350:   -1    0    0    1    0    1   -1    0    0    0 
  1360:    0    0    0    0    0    0    0    0    0   -1 
  1370:    0    0    0    0    2    0    0    0    0    0 
  1380:    0    0    0    0    0    0    0    0    0    0 
  1390:    0    0    0    0    0    0    0    0    0    0 
  1400:    0    0    0    0    0    0 
