     0:   34   32   32   33   35   36   35   29   37   36 
    10:   35   34   34   32   33   33   34   33   32   33 
    20:   27   26   30   21   20   29   -4   -4   -4   -4 
    30:   -4   -6    5   34  -18  -13  -10   -5  -15  -11 
    40:  -11   -8   -6   -7   -6   -7   47   30   -9   44 
    50:    7   -3    0    0    0    0   -1   13  -14   -7 
    60:   43   28  -16  -19   19   34   38   29   10   27 
    70:   26  -18    3  -15  -24   19    0    1    0    0 
    80:    0    0   -1  -10  -16  -14  -24    4  -13   25 
    90:   25   -7  -10   27  -67  -35  -37   14  -11   -2 
   100:   24   -4    2    0    0    0    0    0    2    3 
   110:   12   16   25   -3  -11    9  -13  -13    3  -20 
   120:  -20    7  -25   18   15   11   -1   19   -4    1 
   130:    0    0    0    0   -2   -4   -6    1   20  -10 
   140:   -6   17    4   15   37   24    5    3  -24   11 
   150:  -13   -2   -3   -2    0    0    0    0    0    1 
   160:  -10   -8   -6  -14   -2   -4   -1    1    5   -5 
   170:  -48    1  -10   13   -3    2   -2   -5    0    0 
   180:    1    0    0    0    1   -2   11    0   15   11 
   190:  -10   -9  -10  -19   -6   17  -16    5   16   -3 
   200:   13   -2    6   -1    0    0    0    0    0    0 
   210:    0    0    1   -2   -8  -12   12  -16  -19   -6 
   220:   -8   -5    1   -3   10  -16  -15  -16    9   -2 
   230:    0    0    0    0    0    0    0    0    0  -14 
   240:    6    2    1    2    8   11    2   -7   11    9 
   250:  -13   -7    2    0   -7    1    0    0    0    0 
   260:    0    0    0    0    2    3  -12   -3   17    3 
   270:  -11    4  -24  -29  -16  -15    5    1   -5  -16 
   280:  -10    1    0    0    0    0    0    0    0    1 
   290:    6   18    8  -35    7   -2   -5    3   25   -4 
   300:    0   35   -9   13   22   14   12   -1    0    0 
   310:    1    0    0    0    0    0   -4  -16  -16  -10 
   320:    6    7   -9    7   -3   -5    0   -3  -13   -1 
   330:   -5    3    6    0    0    0    0    0    0    0 
   340:    0    0   -1   21   38   56  -28  -19    0   13 
   350:  -23  -43  -15   -2    3    2   -6    4    3    0 
   360:    0    0    0    0    0    0    0    0    0   -6 
   370:    7  -31  -83  -92   -2   56    8   32   30   -3 
   380:  -29  -44  -13  -25    2    0    0    0    0    0 
   390:    0    0    0    0    0   -1  -15    6    5   -6 
   400:    1   10   15  -16  -22   -4   14   35   56   17 
   410:    0    0    0    0    0    0    0    0    0    0 
   420:    1  -12    0   53   27   -2   10   40  -13   19 
   430:   10   -7  -32  -38  -42   -4   -1    0    0    0 
   440:    2    0    0    0    0    0    1   -4   52   11 
   450:  -18  -18   35   -4   26   18   -9    0   10  -10 
   460:   -8   20   -1    0    0    0    0    0    0    0 
   470:    0   -1    1   -8    3  -15  -20   24   19   12 
   480:  -19   11  -17    0   50    2  -14    5    0    0 
   490:    0    0    0    0    0    0    0    0   -1  -21 
   500:   47    4   26    7   -1   35    7  -19    1    5 
   510:    6   -1   35  -12    1    0    0    0    0    0 
   520:    0    0    0   -4    8  -76  -32    5   50   23 
   530:   -9   39   29  -21   -4  -24   41  -17  -25   -7 
   540:    0    0    0    0    0    0   -5   -2   -4   -1 
   550:  -13  -18    0  -16    0   17   16   -3   -9    9 
   560:  -17    6   -6    8    8   12   -3   -2   -2   -3 
   570:   -1   -6  -28   10  -30  -52  -48  -25   -9  -44 
   580:  -65  -11   -8  -29  -25  -20  -24  -37  -49  -58 
   590:  -67  -59   16   17   21   23   -4    0  -48  -43 
   600:   15   22    5  -13  -35  -53  -39  -24    4  -55 
   610:  -61 -124 -153 -166 -177 -176 -148  -88  -55 -102 
   620: -180 -198  -82  -13 
