     0:    0    0    0    0    0    0    0    0    0    0 
    10:    2    1    0   -1   -1    0    0    0    0    0 
    20:    0    0    0    0    0    0    0    0    0    0 
    30:    0    0    0    0    0    0    0    0    0    0 
    40:    0    0    0    0    0   -1    0    0    0   -1 
    50:    0    0    0    0    0    0    0    0    0    0 
    60:    0    0    0    0    0    0    0    0    0    0 
    70:    0    0    0    0    0    0    0    0    0    0 
    80:    0    0    0    0   -1    1    0    0    1   -1 
    90:    0    0    0    1    0    0    0    0    0    0 
   100:    0    0    0    0   -1    0    0    0    0    0 
   110:    0    0    0    0    0    0    0    1    2    3 
   120:    2    2    0    0    0   -1   -1   -1    0    0 
   130:    0    0    0    1    0    0    0    0    0    1 
   140:    1    0    0    0    0    0    0    0    0    0 
   150:    0    0    0    1    1    1    0    0    1    2 
   160:    1    0    1    1    0    0    0    0    0    0 
   170:    0    0   -1   -1    0    0    0    0    0    1 
   180:    1    0    0    0    0    0    0    0    0   -1 
   190:   -1    1   -1   -1    0    1   -1   -1    0    0 
   200:    0    0   -1   -1   -1    0    0   -1   -1   -2 
   210:    0   -1    0   -1   -2    0    1    1    0    0 
   220:    0    0    0    0    0   -1    0    0    0    0 
   230:    0    1   -2   -2   -1   -1    0   -1    1    0 
   240:    0   -1    0    1   -1   -1   -1   -1    0    0 
   250:   -1   -1   -1    0    3    0    0    0    0    0 
   260:    0    1    0    0   -2    0   -1    0   -1    0 
   270:    0    2    0    0    0    1    0    0    0    0 
   280:    1    0    0   -1    0   -1    0   -1   -1   -1 
   290:   -1    0   -1    0    0    0    0    0   -1    1 
   300:    2    0    1    0    0    1    3    2   -1   -1 
   310:    1    0    0    1    1    1    1    1    1    0 
   320:    0    1    1    0   -1    1    0   -2   -2    1 
   330:    0    0    0    0    0    0   -1    0   -1    0 
   340:    0   -2   -1    0    0    0    1   -1   -2   -1 
   350:    1    0    1    1    1    0    0    1    2   -1 
   360:   -1    1    1    0    1    0    0    0    0    0 
   370:    0   -1    0   -1   -1   -1    0    1   -2    0 
   380:    1    3    1   -1   -1    2    1    0    0   -1 
   390:   -1    0   -1   -1    0   -1    0    0   -1    1 
   400:    1    1    0   -2   -1    0    0    0   -1    0 
   410:    1   -1   -2   -2    0    0    0    1   -2   -1 
   420:    2    1    1    1    0    1   -3    0    0   -1 
   430:    0    0    1   -1    0    0    1   -1   -1    1 
   440:    0    1    0    0    0    0   -1   -2    1    1 
   450:   -1    0    2    1    0   -4    3    1   -3   -1 
   460:    1    0   -1    1    1    1    0    0    0    0 
   470:    0   -2   -1    2    0    1    1    1    1    0 
   480:    0    0    0   -2   -1    2   -2    1    3    2 
   490:    0    0    1    0    0    0    0    1   -1   -1 
   500:    0   -1    0   -1    0    0    0    0    0   -1 
   510:    0    0   -2   -1    1    1    1    0    0    0 
   520:    1    1   -2   -2    1    0    0    0   -1   -1 
   530:    0    0   -1   -1    1   -1    0   -1    1    0 
   540:    0    0   -1   -1    1    1    0    0   -1   -1 
   550:   -1    0    1    0    0    0    0   -2   -1   -2 
   560:    0    0    0   -1    0    0   -2   -1    0    0 
   570:   -1    0    1    1   -1    0   -1    2    2    1 
   580:    1    1    2    0    0    1    0    1    0    0 
   590:    1    0    0    1    0    1    2    0   -1    0 
   600:    2    0    0    1    1    1    0   -1    0    0 
   610:   -1    1    1   -1   -2    1    0    0    1    1 
   620:    1   -1    1    2    0    0    0    1    0    1 
   630:   -1    1    1   -3    0    1   -3   -1   -2   -1 
   640:    1    0    0    0    0    1    1    0    2    0 
   650:    1   -1   -1   -2   -1   -1    0    1   -1   -2 
   660:   -1   -1   -1    2    0    0    1    1    1    0 
   670:    1    1    0   -1   -4   -4   -1   -2    0   -1 
   680:    0    0   -1   -2    0    1   -1    0    0    0 
   690:    0    0   -1    0    0   -1   -3   -2   -2    1 
   700:    0    0    0    1    2    1   -1    0   -1   -1 
   710:    1    0   -3   -3   -2   -1   -1    0    1    1 
   720:    0   -2   -1    0    0    1    0   -1    0    0 
   730:    1   -1   -1   -1    0    0    0   -2    0    0 
   740:    0    0    0    0    0    1    0    0    0    1 
   750:    0    1    1   -2   -1   -1   -1    0    1   -1 
   760:    0    0    0    1   -1   -1    0   -1   -1    1 
   770:    0    0    0    0    0    0    0    0   -1   -1 
   780:    1    0   -1   -2    0    0    1    1    0    0 
   790:    1    0    0   -1   -1   -1    0    0    0    1 
   800:    0    0    0    0    0    0   -1   -1   -1    0 
   810:   -1   -1    0    0    0    1    0    1    1    0 
   820:    0    0   -1    0   -1   -1    0    0    0    0 
   830:    1    0    0    1    1   -1   -1   -1    0    1 
   840:    1   -1   -1   -1   -1    0    0   -1    0    0 
   850:    0    0   -1    0    1    0    1    1   -1   -1 
   860:   -1    0    0    2    0    0    1    1   -1   -1 
   870:    0    0    0    1    0   -1   -1    1   -1   -1 
   880:    0    2    0   -1   -1    0    0    0    0    0 
   890:    1    1    1    1    1   -1   -1   -1   -2    0 
   900:    0    0    0    0    1   -1    0    0   -1    1 
   910:    0    0    2    0    0   -1   -1    0    2    0 
   920:   -1    0    0    0    0    0   -2    0    1    0 
   930:   -1    0    0   -1    0    1    0    1    0    1 
   940:    0    0    1    1    0    0    0    2    1   -1 
   950:    0    1   -1   -1    0    0   -1   -1    2    0 
   960:    0    0    0    0    0    1    1   -1    0    0 
   970:    0    0   -2   -1   -1   -1    0    0    1   -2 
   980:    0   -1    1    2    0    1    2    2    0    1 
   990:    0   -1    2    0    2    0    0    0    0    0 
  1000:    0    1    1    0   -1    0   -1    0    0   -1 
  1010:   -1    0    0   -1   -1   -1   -1   -1   -1    0 
  1020:    1    2    1    0   -1   -1    2    0    0    0 
  1030:    2    0    0    0    0    0    0    0    0    0 
  1040:    0    0    0    0    3    0   -3   -1   -1    0 
  1050:    0   -2    0    0   -1   -1   -2   -1    0    0 
  1060:   -1    0    0   -1   -1   -1    2    4    1    0 
  1070:    0    0    0    0    0    0    0    0    0    0 
  1080:   -1    2    0   -2   -2    2    2    1    2   -1 
  1090:   -1   -1    0    0    0    0    0    1    2   -1 
  1100:    0   -1   -1    0    2    1    0    0    0    0 
  1110:    0    0    0    0    0    0    1    1    1    2 
  1120:    1   -1   -2   -1   -1   -1    0    1   -1    0 
  1130:    1    0    0    0    0    0    1    1    1    0 
  1140:    0    1    0    0    0    0    0    0    0    0 
  1150:    0    0    0    0   -2   -1    1    2    0    0 
  1160:    2    1    1    1    0    1    1    0    0    1 
  1170:    0    0    0   -1   -1    1    0    0    1    0 
  1180:    0    0    0    0    0    0    0    0    1   -1 
  1190:   -2   -1    0    1    0   -1    0   -2    0    0 
  1200:    1    2    1    0    1    0    1    3    1    1 
  1210:    0    0    1   -1    0    0    0    0    0    0 
  1220:    0    0    0    0    1    1    0    0    0    0 
  1230:    0    0    0   -1   -1   -1    0    0    0    0 
  1240:   -1    1    0   -1    0    3    0    0    0    0 
  1250:    0   -1    1    0    0    0    0    0    0    0 
  1260:    1    0   -1   -1    0    0    0    3    2    0 
  1270:    1    1    0   -1   -2    2    0   -3   -3    0 
  1280:    0    0    2    3    1    0    0    0    0    0 
  1290:    0    0    0    0    0    0    0    1    1    0 
  1300:    1    0    1    1   -1   -3   -2   -1   -1    1 
  1310:    0    0    0   -1    0    0   -1    0    1   -2 
  1320:    1    1    0    0    0    0    0    0    0    0 
  1330:    0    0    0    0    0    0    0    0    0    0 
  1340:    0   -1    0    0    0   -1    1    1    0    0 
  1350:    0    0    1   -1    0    0   -1   -1    0    0 
  1360:    0    0    0    0    0    0    0    0    0    0 
  1370:    0    0    0   -1    0    0    0    0    0    0 
  1380:    0    0    0    0    0    0    0    0    0    0 
  1390:    0    0    0    0    0    0    0    0    0    0 
  1400:    0    0    0    0    0    0 
