     0:    0    0    0    0    0    0    0    0    0    0 
    10:    0    0    0    0    0    0    0    0    0    0 
    20:    0    0    0    0    0    0    0    0    0    0 
    30:    0    0    0    0    0    0    0    0    0    0 
    40:    0    0    0    0    0    0    0    0    0    0 
    50:    0    0    0    0    0    0    0    0    0    0 
    60:    0    0    0    0    0    0    0    0    0    0 
    70:    0    0    0    0    0    0    0    0    0    0 
    80:    0   -1    1    1    0    0    0    0   -1    0 
    90:    0    0    0    0    0    0    0    0    0    0 
   100:    0    0    0    0    0    0    0    0    0    0 
   110:    0    0    0    0    0    0    0    0    0    0 
   120:    0    0    0    0    0    0    0    0    0    0 
   130:    0    0    0    0    0    0    0    0    1    0 
   140:    0    0    0    0    0    0    0    0    0    0 
   150:    0    0    0    0    0    0    0    0    0    0 
   160:    0    0    0    0    0    0    0    0    0    0 
   170:    0    0    0    0    0    0    0    0    0    0 
   180:    0    0    0    0    0    0    0    0    0    0 
   190:    0    0    0    0    0    0    0    0    0    0 
   200:    0    0    0    0    0    0    0    0    0    0 
   210:    0    0    0    0    0    0    0    0   -1    0 
   220:    0    0    0    0    0    0    0    0    0    1 
   230:   -1    0    0    0    0    0    0    0    0    0 
   240:   -1    0    0    0    0    0    0    0    0    0 
   250:    0    0    0    0   -1    0    0    0    0    0 
   260:    0    0    0    0    0    0    1    0    1    0 
   270:    0    0    0    0    0    0    0    0    0    0 
   280:    0    0    0    0    0    0    0    0    0    0 
   290:    0   -1    0    0    0    0    0    0    0    0 
   300:   -1    0    0   -1   -1    0    0    0   -1    1 
   310:    0    0   -1    0    0    1    0    0   -1    0 
   320:    0    0    0    0    0    0    0    0    1    0 
   330:    0    0    0    0    0    0   -1    0    0    1 
   340:   -1   -1    1    0    0    0    0    0    0    0 
   350:    0    0    0    0    0    0    0    1    0    0 
   360:    1    0    0    0    0    0    0    0    0    0 
   370:    0    0   -1    1    1    0    0    0   -1    1 
   380:    1   -2    0    0    0    0    0    1   -1    0 
   390:    0    0    0    0    0    0    0    0    0    0 
   400:    0    0    0    1    0    0    0    0    0    1 
   410:    0   -1    1    1   -1    0   -1    2   -1    0 
   420:   -1    0    0    0    0   -1    1    0    0    0 
   430:    0    0    0    1    0    0    0    0    0    0 
   440:    0    0    0    0    0    1   -1    0    0   -1 
   450:    1    0    0    0    0    1    0   -1    1   -1 
   460:    0    1    0    1    0    0    0    0    0    0 
   470:    0    0    0    0    0    1    0    0   -1    0 
   480:    0    0    0    1    0   -1    0   -1    1    0 
   490:    1    1    0    0    0    1    0    1    0    0 
   500:    0    0   -1    0    0    0    0    1    0    0 
   510:    0    0    0    0    0    0    0    0    0    0 
   520:   -2    0   -1    1    0    0   -1    0    1    0 
   530:    0    0    0    0    0    0    0    0    0   -1 
   540:    0   -1    0    0    0    0    0    0    0    0 
   550:    0    0    0    0    0    0    0    0   -1    0 
   560:    0   -1    0    0    0    0   -1    2    0   -1 
   570:   -1    0    0   -1    1    0    1   -1    0    0 
   580:    0    0    0    0    0    0    0   -1    0    0 
   590:    0    0    0    0    1    2    0    0    0    0 
   600:    0    1    0    0    0    0    0    1    1    0 
   610:    0    0   -1    0   -1    0    0    0    0    1 
   620:    0    0    0    0   -1    0    0    0    0    1 
   630:   -1    0   -1    0    1   -1    1    1    0   -1 
   640:    1   -1    0    0    0    0    0    0    0    0 
   650:    0    0    0    0    0    0    0    0    0   -1 
   660:    0    0    0    0    0    0    0    0   -1    0 
   670:   -1    0    0    0    0    0    0    1   -1    0 
   680:    0    0    1   -1    0   -1    0    0   -1    1 
   690:    0    0    0    1    0    0    1    0    1    1 
   700:   -1    0    0    0    0    0    0    0    0    1 
   710:   -1    0    0    1    1    0   -1    1   -1    0 
   720:    0    0    0    0    0    0    0    0    0    0 
   730:    0    0    0    0    0    0    0    1    0    0 
   740:    0    0    0    0    0    0    0    0    1   -1 
   750:    0    0    0    0    1    0    0    0    0    1 
   760:    0    0    0    0    0    0    0    0    0    0 
   770:    0    0    0    0    0    0    0    0    0    0 
   780:    0    1   -1    0    0    0    0    0    0    0 
   790:    1    0    0    0    0    0    0    0    0    0 
   800:    0   -1    0    0    0    0    1    0    0    0 
   810:    0    0   -1    0    0    0    0    0    0    1 
   820:    0   -1    0    1    0    0    1    0   -1    0 
   830:    0    0    0    0    0    1    0   -1    0    0 
   840:    0    0    0    0    0    0   -1    0    1    0 
   850:    0    0    0    0    0   -1    0    0    0   -1 
   860:   -1    0    0    1    0    0    0    0    0    0 
   870:    0    0    0    0    1    0    0   -1    0   -1 
   880:    0    0    0    0    0    0    0    0    0    0 
   890:    0    0    0    0    0    0    1    0    0   -1 
   900:    0    0    0    0    0    0    0    0    1    0 
   910:    0    0    0    0    0    0    0    0    0    1 
   920:    0    0    0    0    0    0    0    1    0    0 
   930:    0    1    0    1    0   -1    0    0    0    0 
   940:    1    0    0    0    0    0    0    1    0    1 
   950:    0    0    0    1    0    0    1   -1    0    0 
   960:    0    0    0    0    0    0   -1    0    0    0 
   970:    1   -1    1    0    0   -1    0    0    0    0 
   980:    0    0    0    1    0   -1    0   -1    0    0 
   990:    1    0    0    1    0    0    0    0    0    0 
  1000:    0    0    0    0    0    0    0    1   -1    1 
  1010:    0    0    0    0    0    0    0    1    0    0 
  1020:    0    0    0    0    0    0    0   -1   -1    0 
  1030:    0    0    1    0    0    0    0    0    0    0 
  1040:    0    0    0    0    1   -1    2   -1    0    0 
  1050:    0    0    1   -1    1    0    0    0    0    0 
  1060:    0    0    0    1    0    0    0   -1    0    0 
  1070:    0    0    0    0    0    0    0    0    0    0 
  1080:    0    0    0    0    0   -1    0    0   -1    0 
  1090:   -1    0    0   -1    0    0    0    0    0    1 
  1100:    1    0   -1    0    0   -1    1    0    0    0 
  1110:    0    0    0    0    0    0    0    0    1    1 
  1120:    0    1   -1    1    0    0    0    0    0    0 
  1130:    0    0    0    0    0    0    0    0    0    0 
  1140:    0    0    0    0    0    0    0    0    0    0 
  1150:    0    0    0    0    1    1    0    0    0    0 
  1160:    0    0    0    0    1   -1    0    0    0    0 
  1170:    0    0    0    0    1    0    0    0    0    0 
  1180:    0    0    0    0    0    0    0    0    0    0 
  1190:    0    1    0    0    0    0    0   -1    0    0 
  1200:    0    0    0    0    0    0    0    0    0    1 
  1210:   -1    0   -1    0    0    0    0    0    0    0 
  1220:    0    0    0    0    0    0    0    0    0   -1 
  1230:    0    0    0    0    0    0    0    0    1    0 
  1240:    0    1    0    1    0    0    0    0    0   -1 
  1250:    0    0    0    0    0    0    0    0    0    0 
  1260:    0   -1   -1    0    0    0    0    0    0    0 
  1270:    0    0    0   -1    0    0    0    1    0    0 
  1280:    0    1    0    0    0    1    0    0    0    0 
  1290:    0    0    0    0    0    0    0    0   -1    0 
  1300:    0    0    0    0   -1    0    1    0    0    0 
  1310:   -1    0    0    0    0   -1    0    0    0    0 
  1320:    0    0    0    0    0    0    0    0    0    0 
  1330:    0    0    0    0    0    0    1    0    0    0 
  1340:    0    0    0    0    0    0    0    0    0    0 
  1350:    0    0    0    0    0    0    0    0    0    0 
  1360:    0    0    0    0    0    0    0    0    0    0 
  1370:    0    0    0    0    0    0    0    0    0    0 
  1380:    0    0    0    0    0    0    0    0    0    0 
  1390:    0    0    0    0    0    0    0    0    0    0 
  1400:    0    0    0    0    0    0 
