     0:    0    0    1    1   -1   -2    4    1    2    0 
    10:   -2    0   -1    0    0    2    0    2   -1   -1 
    20:   -1    0   -1    1    0    0    2   -1   -1    1 
    30:    1    0    0    0   -2    0    0    0    0   -1 
    40:    0   -1   17  -16   -2    0    0  -12    3    0 
    50:   -1    6    0    0    0    0    0    0    0    0 
    60:    0    0    0    0    0    0    0    0    0    0 
    70:    0    0    0    0    0    0    0    0    0    0 
    80:    0    0    0    0    0    0    0    0    0    0 
    90:    0    0    0   -3   21    5   -4    0    1  -38 
   100:    3    0    0    0    0    0    0    0    0    0 
   110:    0    0    0    0    0    0   -1    0    1    0 
   120:    0    0    0    0    0    0    0    0    0    0 
   130:    0    0    0    0    0    0    0    0    0    0 
   140:    0    0    0    0    0   -4   16   17   -4    0 
   150:    0  -38    2    0    0    0    0    0    0    0 
   160:    0    0    0    0    0    0    0    1    2   -7 
   170:   -1    0    0    0   -1    0    0   -1   -1    0 
   180:    0    0    0    0    0    0    0    0    0    0 
   190:    0    0    0    0    0    0   -2   -1   13   17 
   200:   -4    1    0  -41    2    0    0    0    0    0 
   210:    0    0    0    0    0    0    0    0    0    3 
   220:  -18    5   24   -3    0   -1   -2    6   -2    6 
   230:    5   -3    3    0    0    2    0    0   -1    0 
   240:    0    1    0    0    0    0    1   -4   -4  -11 
   250:   29    6    1   -7    3  -29   -1    0    0    0 
   260:    0    0    0    0    0    0    0    0    0    0 
   270:   -5    7    3    7  -27   -2  -14    6  -39   -3 
   280:   13  -21   -1   21  -11   -1   -3  -17   -2   -2 
   290:    5   -1    1    0    2    4    3   -6   15   -1 
   300:  -11   27   -1    2  -24   11   22  -42    0    0 
   310:    0    0    0    0    0    0    0    0    0    0 
   320:    0   -3    9    3   -2    5   -3    4  -24    3 
   330:   -9    1  -16  -16   16   -9   44    6    1   18 
   340:   -5  -12  -19   11  -13    2  -17   -5    7   -3 
   350:   -3   21   -4    5  -12   21   -6  -10    7  -21 
   360:   -1    0    0    0    0    0    0    0    0    0 
   370:    0    0   -2   14  -32   -5   -5    6    9   -2 
   380:   -5  -10    9   -7    1    5    5   -5   10    3 
   390:   -7  -28    8   12    9   -5    2   15   20    4 
   400:  -14   -8   18   17   -4   -1  -13    4   14   13 
   410:  -26  -34    1    0    0    0    0    0    0    0 
   420:    0    0    0    0   -7   25  -15   -7  -36   -3 
   430:   -9    0   -9   -7   19    8   -1    1  -16   19 
   440:  -19  -12    6   -6   -6   38   13  -10    7  -19 
   450:  -17   23   -8   -6   40    2   -3    1  -25   19 
   460:   15  -15   14  -43    2    0    0    0    0    0 
   470:    0    0    0    0    0   -3   20  -18   38   -5 
   480:   11   -3   -1  -12    4    0    2    2    5   -2 
   490:   -3   16  -23    2    0    8    7    0   12   -3 
   500:   -4   -8   24    6   -2  -14   41  -37   -3    9 
   510:  -42   20  -12    4   -2  -41    2    0    0    0 
   520:    0    0    0    0    0    0    0   -7   29    0 
   530:   -4   -4   -5   -1   -3   16   -6   -7   -5   -1 
   540:   13   -5    1   -9   10   19    5   28   -8   26 
   550:    7    5    4  -15    6    0  -24   10   -8  -22 
   560:   11   21   -6   -4    2   -1    2  -42    1    0 
   570:    0    0    0    0    0    0    0    0    0   -6 
   580:   -2    7   -7    1   -1   -2    0   23    2    8 
   590:   -3  -20  -11  -14   -3    3    5   -2    2    3 
   600:   14    5   15   13   15    3  -11    5   -5    8 
   610:  -24    3   -8   -8    7    0    0    0    1  -41 
   620:    1    0    0    0    0    0    0    0    0    0 
   630:    0   -1  -30   -3    3   -6   -5    9   -2  -20 
   640:   15   -2   -6   13   -4  -12  -11   10   -7    2 
   650:   -7   16   -9   15   12  -14    0    2   11   10 
   660:   -4    2  -24   -2    1    1    0    0    0    0 
   670:    1  -40    1    0    0    0    0    0    0    0 
   680:    0    0   -4   29  -17    5  -15   11   -9   -2 
   690:    0    5  -14  -21    8   -2   -8   12   -4    2 
   700:   -4    7  -27    6    9   -2    2   -9    0   -1 
   710:   10   -5  -19    4  -10   19   -3    0    0    0 
   720:    0    0    2  -40    1    0    0    0    0    0 
   730:    0    0    0    0   -6   41    4   22   -2    0 
   740:   -9   -7  -13   10   17   23  -18  -16   -3   20 
   750:  -13   -1    5    9   -2   -2   21  -10  -12   12 
   760:   -4   12    9   -4    3  -16  -24   17   -3    0 
   770:    0    0    0    0    2  -42    1    0    0    0 
   780:    0    0    0    0    0    0   -4   24  -26   -2 
   790:    8   21    7   14   -4  -18   -8   -9   10   21 
   800:    5   -6   -5    3    1   -2   -5    2   -5   39 
   810:   -5    6    1    8   -2   14   -8    7   25   14 
   820:   -6    0    0    0    0    0    1  -42    2    0 
   830:    0    0    0    0    0    0    0    0   -4   29 
   840:  -16   14  -12    5   -1    7    1   -1   35    0 
   850:   10    1  -13   -9  -22   23    8    6  -22    6 
   860:   -4  -16    4   -2    1  -13   10   -2  -31   10 
   870:    2  -33   -4    0    0    0    0    0    1  -41 
   880:    2    0    0    0    0    0    0    0    0    0 
   890:   -2   14  -29   13  -17  -14    2  -19   -7  -18 
   900:  -16   -6    5    3    8    2    2   -2  -25   10 
   910:   10    4    6   -3    8    4    4   -6  -10   -1 
   920:   -5   20   10   10   -4    0    0    0    0    0 
   930:    2  -41    1    0    0    0    0    0    0    0 
   940:    0    0    0   -6  -35   11  -17   -7    4   21 
   950:    6    7  -10   -8  -14   -1   -8   21    2    1 
   960:   -7   12   13    5   16   -5   -2   -8   -8  -10 
   970:    0  -13   -3  -11    5  -34   -3    0    0    0 
   980:    0    0    2  -40    1    0    0    0    0    0 
   990:    0    0    0    0    0   -7  -10   11   10   -7 
  1000:  -12    3   -4   14   12   12   -5    2   -1  -19 
  1010:    3    8   -8   -2  -11   13   11   10   24   -6 
  1020:   17    0   -4  -13   -4   -1    5  -10    3   -1 
  1030:    0    0    0    0    2  -40    0    0    0    0 
  1040:    0    0    0    0    0    0    0   -6   15   19 
  1050:    0   12   -5    4    3  -11   10    3  -11    0 
  1060:  -11   -5    1   13    0   -7    3   12    8   -9 
  1070:    0  -20  -10   11   -3    9   -3    3   13    0 
  1080:   -6    0    0    0    0    0    2  -40    0    0 
  1090:    0    0    0    0    0    0    0    0    0   -5 
  1100:   29   -1  -16   -2   -3   10    6   13  -11   -8 
  1110:   -2   12    5   10   -8    3   -2   20  -19    1 
  1120:  -13    0   -8   -4    5    1  -18    5   -2   -1 
  1130:   11   -7    2   -1    0    0    0    0    2  -41 
  1140:    1    0    0    0    0    0    0    0    0    0 
  1150:    0   -5   34    4  -16    5    7    3   -4   -9 
  1160:    5    7   -7   10   -8   -2   10    5  -20    2 
  1170:   -3    2  -13    1    2  -29  -15   10  -15   -9 
  1180:   -5   -7   -1  -10    0    0    0    0    0    0 
  1190:    3  -42    1    0    0    0    0    0    0    0 
  1200:    0    0    0   -1    7  -32   -1   -2    4   -2 
  1210:   -3    7   -8   -1    6   -4   -3   -2  -20    1 
  1220:    0  -17   -3   11    6   -7   -3  -22   -2  -14 
  1230:  -15   -7    5    6    0   16   -4    0    0    0 
  1240:    0    0    3  -39    0    0    0    0    0    0 
  1250:    0    0    0    0    0   -1    8  -37    2   -3 
  1260:   -8   -4    7  -23   24   -4    4   16  -15   -3 
  1270:    2   -3    0   12    0  -23   -4  -13   12    1 
  1280:    3    3   -3    0    2    3   -7   16   -3    0 
  1290:    0    0    0    0    3  -38    0    0    0    0 
  1300:    0    0    0    0    0    0    0   -2   12  -16 
  1310:    8    2    3  -12    3  -17    2    3   16    3 
  1320:   -2  -11   -5   -9   14    9   -8   -4   -1    3 
  1330:   -6    7   -2    6  -15  -17    2    1  -22   10 
  1340:   -1    0    0    0    0    0    3  -39    0    0 
  1350:    0    0    0    0    0    0    0    0    0    0 
  1360:   -5  -18   10    4    3   -2    9   11    5   -6 
  1370:    6   -4    4   -7   -4   -5    9   12   20    4 
  1380:   18   -5  -13   -8    2    0    3    1  -22  -10 
  1390:   20   21   -3    0    0    0    0    0    3  -38 
  1400:    0    0    0    0    0    0    0    0    0    0 
  1410:    0    0   -4    7   13    3   -6    1   -8   -3 
  1420:  -13  -11   -2   -3    1    1  -13   12  -14    0 
  1430:    8  -10   -4   -8    2    4   -1    1   -9    8 
  1440:    6  -11   -4    0    0    0    0    0    0    0 
  1450:    3  -39    0    0    0    0    0    0    0    0 
  1460:    0    0    0    0   -3   18    2   -1   -3    3 
  1470:   20   -8    5   -9   -4    1  -15    7   10    7 
  1480:   -4   13    1   12   25   17    2   -9   -4    8 
  1490:  -11    2   -7    3   -1   -2    0    0    0    0 
  1500:    0    0    3  -38    0    0    0    0    0    0 
  1510:    0    0    0    0    0    0   -4   21   -5    0 
  1520:   -1    4   -9    5    1  -17  -10  -25    3   -6 
  1530:   -5    2    1    1   -2   -1   -1  -20   -2    0 
  1540:  -18  -11    7  -23  -12  -13   12   -2    0    0 
  1550:    0    0    0    0    3  -40    0    0    0    0 
  1560:    0    0    0    0    0    0    0    0   -3   27 
  1570:   28  -12   14    3  -11    2    7   -2   10    5 
  1580:    6   -8  -12  -14  -13  -12    1   -2    2    0 
  1590:    0    0   -6   22    7   -5  -29  -11    5   -1 
  1600:    0    0    0    0    0    0    3  -41    0    0 
  1610:    0    0    0    0    0    0    0    0    0    0 
  1620:   -4   30   11  -22  -24    7   17   16   -5   15 
  1630:    4    5  -13  -24   -2    7    1  -19  -20   -6 
  1640:   13    2   15   -2   -3   -1   -2    0    2    3 
  1650:    0    0    0    1    1    0    0    0    4  -40 
  1660:    0    0    0    0    0    0    0    0    0    0 
  1670:    0    0   -3   19   -5    7    6    5   22   -9 
  1680:    9   10  -11   -4   10  -16    7   -1    2   35 
  1690:    9    3   -3   -4  -10    6   16   -6    7    2 
  1700:   12  -23   -1    0    0    0    0    0    0    0 
  1710:    4  -40    0    0    0    0    0    0    0    0 
  1720:    0    0    0    0   -3   21   12  -15   -3   24 
  1730:   -2  -10    0   -5   -8    4   31  -26   11   11 
  1740:   -4    7   -5   11    1   -2  -12   -5  -13   -8 
  1750:   -6    3   39  -21   -3    0    0    0    0    0 
  1760:    0    0    4  -38    0    0    0    0    0    0 
  1770:    0    0    0    0    0    0   -2   13   -1  -14 
  1780:   16   -4  -20   -9  -16   -2  -16    6    8    8 
  1790:   36   -3    6   22   -7    3   11    4    3  -12 
  1800:    0    6   -9    0   26  -45   -4    0    0    0 
  1810:    0    0    0    0    4  -41    0    0    0    0 
  1820:    0    0    0    0    0    0    0    0   -4   -3 
  1830:    7   18   -9   -3   18    3  -11   12   -8  -13 
  1840:    8    0   -3   -6    6   29   16    4  -12    1 
  1850:   -9  -21  -12   18    0   31  -10   -1   -1    0 
  1860:    0    0    0    0    0    0    4  -40    0    0 
  1870:    0    0    0    0    0    0    0    0    0    0 
  1880:   -5  -21    0   33  -16  -17   13   23  -21   -2 
  1890:   -4    0   -1    7  -13   14   -6   -9    7    9 
  1900:  -15    4  -15  -13  -12   19    1   10  -25   27 
  1910:   -3    0    0    0    0    0    0    0    4  -39 
  1920:    0    0    0    0    0    0    0    0    0    0 
  1930:    0    0   -5   -1    0   -2  -15  -24   13   -6 
  1940:   -2   -3   13   -8   17    5   -4   18   31  -20 
  1950:    8    6  -20   -5  -19    6   -9   14   33   45 
  1960:  -17    4   -1    0    0    0    0    0    0    0 
  1970:    5  -37    0    0    0    0    0    0    0    0 
  1980:    0    0    0    0    1  -18  -24  -12   -3   10 
  1990:  -25    5    0   -4    3   -4    6    2  -22   -1 
  2000:  -12    9   -7    5    4   -4  -21   20   25  -20 
  2010:   15  -29  -43    4    0    0    0    0    0    0 
  2020:    0    0    5  -38    0    0    0    0    0    0 
  2030:    0    0    0    0    0   -3   21   15    1   18 
  2040:   -7  -27  -16   20    8   -6    7   16   23   -3 
  2050:  -39   -3    7   24    0   -6   -6  -16  -12  -33 
  2060:   13    3   -9   -2  -12   21   -2    0    0    0 
  2070:    0    0    0   -1    6  -37   -1    0    0    0 
  2080:    0    0    0    0    0    0    0   -3   25   -3 
  2090:   -8  -10   -3  -33  -15   -5   -5   -6    9   13 
  2100:   23   13   -1  -22    2   29   -1  -13   -5   -8 
  2110:  -17  -33    3  -17  -15   12   12   -1    0    0 
  2120:    0    0    0    0    0   -1    6  -38    0    0 
  2130:    0    0    0    0    0    0    0    0    0   -6 
  2140:   11   20    0  -22  -11   11   -7   16    6   -9 
  2150:    7    8   17  -13  -15    2  -10   -2   21    5 
  2160:   -5    9    0    3   -5   -4    4    0  -12   22 
  2170:   -3    0    0    0    0    0    0   -1    6  -39 
  2180:   -1    0    0    0    0    0    0    0    0    0 
  2190:   -1    7  -25    0    8  -29   -6  -14   -6   -4 
  2200:   11   -3    2    3   21   13   -1    0  -10    7 
  2210:  -13   -3  -29  -40   -6  -25   21    9   11   18 
  2220:   24    8   -2    0    0    0    0    0    0   -1 
  2230:    7  -39   -1    0    0    0    0   -1    0    0 
  2240:    1    0   -3    8   -2  -45  -22   10   -1   -4 
  2250:   -2    5    4  -11  -11    0   27  -11   20   12 
  2260:    6  -23    9   25  -11  -29    2    1   36   18 
  2270:   13   34  -24  -26   -2    0    0    0    0    0 
  2280:    0   -1    7  -38    0    0    0   -1    2   -2 
  2290:    1    4    0    5    3  -16  -13   -6   -3   16 
  2300:    2   -4   24   16    5   10    0    4   -2   -5 
  2310:   -6   -8   29   31    5   21   -5   -4   -8   -3 
  2320:    8   17   -6   17    4  -34   15   -3    0    0 
  2330:    0    0    0   -1    7  -36    0    1    2   -1 
  2340:  -11  -38   -1  -21   31   14   30  -17   -3    6 
  2350:  -19    6  -25    8    5   -1  -17    5   32  -10 
  2360:   20   -2   10   -6  -13   13    3   32    0   -3 
  2370:  -17  -28    0    9  -10    1   11  -15   -8   -5 
  2380:    0    0    0    0    0   -1    7  -38   10   -9 
  2390:  -35  -22   25  -31   54  -11    1   48  -39   -9 
  2400:  -37   41  -33   28   45    7   46   15   12  -95 
  2410:   10   61  -87    1   -2    2    2   -6   -1    3 
  2420:   -1   -1    3   -4    3    0   -2    6   -2   -3 
  2430:    3    1   -1    4    0    0    1    0    7  -42 
  2440:    3   36  -20  -38  -28   15  -12   32    5   -5 
  2450:    6   13  -13    8    4  -16   28  -56  -31    2 
  2460:   -2  -19  -32   29  -75    5    0    0    2  -24 
  2470:    1    9    0  -14   -2    2    5   -3    5    9 
  2480:   -3  -24    5   -1   -2    6    8    1    0    1 
  2490:    5  -39    3  -11   26   20 
