     0:   -7   -7   -7   -8   -9   -8   -9  -10   -9   -8 
    10:   -8   -8  -10   -9  -10   -9  -10   -8   -9   -8 
    20:   -8   -9   -9   -9  -10   -8   -7   -9   -8   -7 
    30:   -7   -6   -6   -7   -6   -6   -7   -7   -6   -6 
    40:   -6   -5   -6   -3   -5   -5   -5   -4   -4   -4 
    50:   -4   -3    0    1    1    1    1    1    1    1 
    60:    1    1    1    1    1    1    2    1    2    2 
    70:    2    2    2    2    2    2    2    2    2    2 
    80:    3    3    3    3    3    3    3    3    3    3 
    90:    3    4    3    4    4    0    4    4    4    3 
   100:    3    4    4    4    0    0    0    0    0    0 
   110:    0    0    0    0    0    0    0   -1   -1    0 
   120:    0    0    0    0    0    0    0   -1    0    0 
   130:    0    0   -1   -1    0   -1    0   -1    0   -1 
   140:   -1   -1   -1   -1   -1    0   -1    0   -1   -1 
   150:   -1    0   -1   -1   -1   -1    0    0    0    0 
   160:    0    0    0    0    0    0    0    0    0    2 
   170:    0    0    0    0    0    0    1   -1   -4    1 
   180:    0   -1    1    0    0    0    0    0    0    0 
   190:    0    0    0    0    0    0    2   -3    1   -2 
   200:    0    0    1   -2    0    0    0    0    0    0 
   210:    0    0    0    0    0    0    0    0    0    0 
   220:   -1   -2    2    0    0    1   -2    0  -11    2 
   230:   26    1    2    3   -3    2    1   -1    0    0 
   240:    0    0    0    0   -1    0    0   -3    4    1 
   250:    1   -2    1    0    0   -1    1    0    0    0 
   260:    0    0    0    0    0    0    0    0    0    0 
   270:    1    1    1   -1   -1   -1   -3   -2    0   -3 
   280:    2  -31   25   28   12  -16    8  -10   -8    3 
   290:   -4    4   -2   -1    0    1    1    0   -1   -1 
   300:    1    3    1    2   -3    1    0    1    0    0 
   310:    0    0    0    0    0    0    0    0    0    0 
   320:    0    1   -4    4    3   12    0    0    1    2 
   330:    2   10   12  -10   -1  -14    4   13  -15   25 
   340:    3   -7   -4   -3    6   10    2    4   -6    0 
   350:    1   -1   -1   -1    1   -3   -1   -1    0    1 
   360:   -1    0    0    0    0    0    0    0    0    0 
   370:    0    0    0   -1    2   -9    2    0   -5    1 
   380:   -5    0   -4   -4   -1   13  -28  -46    8  -10 
   390:    3  -13  -10   -4    1    6   -5   -2   -3   -5 
   400:   -3    2   -4    1    3    0    1    0   -1    1 
   410:   -1    1    0    0    0    0    1    0    0    0 
   420:    0    0    0    0    0    0   -6   -1    9    3 
   430:    9    9    6    5    2    0    7   -1    0    6 
   440:   27    3    3   15    1    7    4    8    8    7 
   450:    5    4    2   -2   -1    0   -1    1    0    1 
   460:   -3   -7    1    0    0    0    0    0    0    0 
   470:    0    0    0    0    0    0    0    6    3    0 
   480:   -5    2    4    3    0   12    0    0   -1    4 
   490:    2    0  -34   11  -10    0    4    3    2    1 
   500:    0   -2    1   -2    0   -2    7    1    2   -2 
   510:    2    3    0    4    0    0    0    0    0    0 
   520:    0    0    0    0    0    0    0    0    1   -1 
   530:   -2   -1   -5   -1   -2   -4   -3    3   -2    5 
   540:    4   -3   -4    5   40    3   -2   -5    1    7 
   550:    1    4   -1    3    3    0    3   -2   -7    0 
   560:    0    2   -1    0    0   -1    0    0    0    0 
   570:    0    0    0    0    0    0    0    0    0    0 
   580:   -3   -3   -4    1    0    2    1    1   -5    2 
   590:    0   -7    0    6   -6    4  -29   -2    2   -1 
   600:   -1   -1   -6    5   -3    0   -9    2   -2    2 
   610:    2    0    1   -2   -1    0    0    0    0    0 
   620:    0    0    0    0    0    0    0    0    0    0 
   630:    0    0    2    5    5    7   -1   -2    3    5 
   640:    2    1   -5    1    1   -6    3    2   12    0 
   650:   -1   -4   -4    6    0   -3    1   -2    5   -2 
   660:    2   -2   -2    1    0    0    0    0    0    0 
   670:    0    0    0    0    0    0    0    0    0    0 
   680:    0    0    0    0    2   -1    2   -1    0    0 
   690:   -2    0    3    3    8   -6   -2    5    8   -4 
   700:    0    0    4    3    0   -3   -3   11    0    1 
   710:    5    2    3    2   -6   -3    0    0    0    0 
   720:    0    0    0    1    0    0    0    0    0    0 
   730:    0    0    0    0    0    0   -2    0   -2    3 
   740:   -2   -5    1   -1   -2    3   -4    0    0   -3 
   750:   -9    2   -3    0    1   -4    4    3   -4   -6 
   760:    4   -2   -3   -2    1    0    2   -1    0    0 
   770:    0    0    0    0    0    0    0    0    0    0 
   780:    0    0    0    0    0    0    0    0   -3   -1 
   790:   -3   -2    6    1   -2    5   -1    1   -1    0 
   800:   -4    4    2    2    0    0   -5    3   -1   13 
   810:    0    2    0    0    2    3    5    4   -7   -2 
   820:   -1    0    0    0    0    0    0    0    0    0 
   830:   -1    0    0    0    0    0    0    0    0    1 
   840:   -5   -6   -3   -6   -2    0   -1   -6   -8   -3 
   850:   -4  -10   -1   -6   -3    5   -1   -5    4   -4 
   860:    2   -4    0   -2    1   -4   -4   -1   -3   -4 
   870:    3   -4   -1    0    0    0    0    0    0    0 
   880:    0    0    0    0    0    0    0    0    0    0 
   890:    0   -1    6   -1   -1    2    2   -2    1    3 
   900:   -4    6   -2    9    1   -2    8    3    7    0 
   910:    0    0   -1    3   -4    3    0   -1    5    3 
   920:    0   -1   -1   -4    2    0    0    0    0    0 
   930:    0    0    0    0    0    0    0    0    0    0 
   940:    0    0    0    0    0    5    3    5    4    5 
   950:    4    1    3    1   -2   -3   -2    3    1    0 
   960:    4  -10    4    2    0    1    0   -2    1    3 
   970:    0   -4   -2    9    0    0   -1    0    0    0 
   980:    0    0    0    0    0    0    0    0    0    0 
   990:    0    0    0    0    0    0    4    5    3    0 
  1000:    8  -13   -1    0   -3    2    1    2   -2    3 
  1010:    8   -1    1    3   13  -13    3    1   -1    1 
  1020:    0   -8    6    5    0   -4    0    0    5    0 
  1030:    0    0    0    0    0    0    0    0    0    0 
  1040:    0    0    0    0    0    0    0    0   -1    1 
  1050:   -2   -5    0    6    6    9   -1    1    1    4 
  1060:    3   -5    1    4    0    4  -35   21   -1    1 
  1070:    3   -2    0   21    2    5    2    5    2    1 
  1080:   -1    0    0    0    0    0    0    0    0    0 
  1090:    0    0    0    0    0    0    0    0    0    0 
  1100:    1   -3   -1   -3    0   -4  -10   -4    2   -1 
  1110:    7   -4    1   15   -4    1  -12    8   30  -44 
  1120:    4   -4    0    0   -4  -16   -6    0   -3   -4 
  1130:    5   -2    5    0    0    0    0    0    0    0 
  1140:    0    0    0    0    0    0    0    0    0    0 
  1150:    0    0    0   -8   -7    5   -3   -2   18    0 
  1160:    0    6   -6   18   -7   -5   14   42   35  -58 
  1170:    1   42   -7   10   -2    0    1    6    4   -1 
  1180:   10   -1    2    3   -4    1    0    0    0    0 
  1190:    0    0    0    0    0    0    0    0    0    0 
  1200:    0    0    0    0   -1    1  -14  -10  -19    1 
  1210:  -16    0   -1  -14   17  -13   17    2  -26  -68 
  1220:  -48   38   11  -60   24  -15    3    9   -3    2 
  1230:   -7    7   -1    0   15  -20    0   -1    0    0 
  1240:    0    0    0    0    0    0    0    0    0    0 
  1250:    0    0    0    0    0    0    0    2   -2   -1 
  1260:    7  -16   15  -26   -6   10  -15   15  -37  -21 
  1270:   20   53   35  -60  -12   64  -19    8   -4   -9 
  1280:    4   -2   -2    1   -4    9  -14   13    0    0 
  1290:    0    0    0    0    0    0    0    0    0    0 
  1300:    0    0    0    0    0    0    0    0   -1   -7 
  1310:  -13  -15    2    7  -13   38   15  -16    5   56 
  1320:   60  -13    8   27  -38   57   21  -58   18  -10 
  1330:    6    6   -6   -3    3   -2   -1    9    8    2 
  1340:    0    0    0    0    0    0    0    0    0    0 
  1350:    0    0    0    0    0    0    0    0    0    0 
  1360:    0   -1    8  -15  -10  -17    7  -11    0    0 
  1370:    7  -38  -28    3   32  -20  -33  -25   -3   49 
  1380:  -21   15    7    3  -10    7   -9    0   11  -16 
  1390:    3    8   -2    1    0    0    0    0    0    0 
  1400:    0    0    0    0    0    0    0    0    0    0 
  1410:    0    0    1   -2   25   16   24   17   -3    0 
  1420:   -3   -6   15    4    1    5   -6   -8  -12    7 
  1430:   20  -42    8   17  -17    0   20  -22    4    7 
  1440:   21   11  -11    8   -1    0    0    0    0    0 
  1450:    0    0    0    0    0    0    0    0    0    0 
  1460:    0    0    0    0   -1    2  -25  -30  -28    1 
  1470:   24   16   11    1   -4    1    0   -6   -9    5 
  1480:   -1    2   -2    2    8  -19   16   -1   -8    7 
  1490:   10   -8    4  -30   21   -6    1    0    0    0 
  1500:    0    0    0    0    0    0    0    0    0    0 
  1510:    0    0    0    0    0    0    0   -2   13   19 
  1520:    7   -7  -20  -17  -23    0    2    8  -12   11 
  1530:   -2  -14    1    3    2   -2    1    6  -16    2 
  1540:    6    0  -13   14   -9    9   -7    2    0    0 
  1550:    0    0    0    0    0    0    0    0    0    0 
  1560:    0    0    0    0    0    0    0    0    0    1 
  1570:  -13    3   11   -9    8    6   30   12  -17    0 
  1580:   21  -11  -13   18  -10  -15   -2    4  -13    2 
  1590:    6   -3    2   -3   -2    1   -1   11    2    0 
  1600:    0    0    0    0    0    0    0    0    0    0 
  1610:    0    0    0    0    0    0    0    0    0    0 
  1620:    0   -1   15    7    7   -7  -14  -11   41    8 
  1630:   51   -7  -39   -1    8  -21   -1   31  -10   -9 
  1640:   26   -2  -13    5   -6    4    5    2    4   -3 
  1650:    0    0    0    0   -1    0    0    0    0    0 
  1660:    0    0    0    0    0    0    0    0    0    0 
  1670:    0    0    0    2  -17   -5   15   -5  -18  -21 
  1680:  -15  -15  -13   29   25  -29   -7   23   34  -33 
  1690:    6   44  -44  -14   -4  -21   28   -1  -28  -12 
  1700:   -8    2    1    0    0    0    0    0    0    0 
  1710:    0    0    0    0    0    0    0    0    0    0 
  1720:    0    0    0    0    0    0   11   -2   15   24 
  1730:   -2   11   11  -31  -15  -42  -16  -21    9   -2 
  1740:   -9    6   29  -37  -25   -9   -5   47  -31  -20 
  1750:   18   42    3   13    3    0    0    0    0    0 
  1760:    0    0    0    0    0    0    0    0    0    0 
  1770:    0    0    0    0    0    0    0    2   -1   28 
  1780:  -23   -2   12  -13    4   22   24   25   -6   12 
  1790:   14    7    0   19  -14  -19   30  -43  -31  -35 
  1800:   26   24  -31  -35    7   -7   -4    0    0    0 
  1810:    0    0    0    0    0    0    0    0    0    0 
  1820:    0    0    0    0    1    0    0    0    0   -2 
  1830:  -10  -13   -3   -4    0    1   14  -49  -10  -24 
  1840:   -6   -9  -14   12    1    3  -32   39    6   31 
  1850:   43   29  -33   -9   42   25  -19   -6    1    0 
  1860:    0    0    0    0    0    0    0    0    0    0 
  1870:    0    0    0    0    0    0    0    0    0    0 
  1880:    0    1   13   20    9   -3   15    6   -8   35 
  1890:  -24    0   24   -8    5    0    5  -26   10  -16 
  1900:   12   41   -4  -39   -2    1  -47  -12   32   27 
  1910:   -2    1    0    0    0    0    0    0    0    0 
  1920:    0    0    0    0    0    0    0    0    0    0 
  1930:    0    0    0   -3  -15  -29    5   -1  -20   -6 
  1940:    0   -8  -28   38  -24   13    3    1  -13   13 
  1950:    3   -3   38   -8  -49    1    6   -9   41   42 
  1960:   -5   -2    0    0    0    0    0    0    0    0 
  1970:    0    0    0    0    0    0    0    0    0    0 
  1980:    0    0    0    0    0    3    6    9    0   14 
  1990:   13   29   -3   11   48    8   11  -10    1    0 
  2000:  -11  -15    0    2  -19  -11   16  -34   10   11 
  2010:  -34  -56   -6    3    0    0    0    0    0    0 
  2020:    0    0    0    0    0    0    0    0    0    0 
  2030:    0    0    0    0    0    0    0    2  -23  -10 
  2040:    7  -14  -11   -6    7    8  -41   -8    3   -9 
  2050:    1    8    5    3    2    0   -7    7  -35    0 
  2060:  -15   -7   24   19   -7   -7    1    0    0    0 
  2070:    0    0    0    0    0    0    0    0    0    0 
  2080:    0    0    0    0    0    0    0    1   -3   18 
  2090:    7   20   -8    5   -2  -22    3   11   43   -9 
  2100:   -2   27  -11   -2   11    6  -21    1   15   -3 
  2110:   45  -11   35    7  -27  -19    8   17   -1    0 
  2120:    0    0    0    0    0    0    0    0    0    0 
  2130:    0    0    0    0    0    0    0    0    0   -1 
  2140:    2   -8   10    2  -31    5   19   19    5  -21 
  2150:  -32  -37   -2  -33   14    6  -17    4    8    3 
  2160:    2    1  -10    3    7  -44    1   22  -24  -16 
  2170:    2    0    0    0    0    0    0    0    0    0 
  2180:    0    0    0    0    0    0    0    0    0    0 
  2190:    1    0    4   10   -9    9   23   21   -8   -9 
  2200:  -15    9   10   16   16   18  -11  -12   24   -9 
  2210:   10  -18    4   25   11   -3    7  -39  -34  -28 
  2220:   27   -6   -1    0    0    0    0    0    0    0 
  2230:    0    1    0    0    0    0   -1    0    0    0 
  2240:   -1   -1   -2    4   -1    0    4    0   -1  -23 
  2250:    3   10   27   20   16    9  -34  -24   15   -2 
  2260:  -15   19  -38   16  -17   -6  -16   -6  -11   21 
  2270:   -5   17  -26   18    9   -1    0    0    0    0 
  2280:    0    0    0    0    0    0    0    0    3    2 
  2290:    1    0    4    3    5   10    1    9    4   -3 
  2300:   -7   38  -26   10  -35  -33  -32  -27   12   17 
  2310:   -9    3   16  -23   52  -46   45   -6    0   27 
  2320:  -26   13   -5   21   -9   10   26    3    1    1 
  2330:    1    1    1    1    1    1    1   -5    0    0 
  2340:  -18   -4    1   -4   -6   -6   -6    0    3  -16 
  2350:  -15  -13  -14    9   -9  -35  -15    6   18   -5 
  2360:  -19  -30  -22  -12  -20   16  -32  -16   -4  -43 
  2370:   24  -28   14  -26    5  -31    9  -31  -26   -2 
  2380:   -5   -5   -5   -5   -5   -5   -5   -4   -2    1 
  2390:   -7   -5   11   -1    6    4    2   -2    9    8 
  2400:    8    8    2    7    4   -4    0    6   -1    4 
  2410:   -4    3    6    5    5    4    3    1   13   12 
  2420:   11   20    9   18    9   16   12   19    8   19 
  2430:   17   24   27   25   22   21   20   19   18   16 
  2440:    8   -3    2    5   -2    0    4    0    5    5 
  2450:    1    5    4    1    3    4    1    7   -6   -2 
  2460:    3    3    3    0    1    0    2    2    1    2 
  2470:    0   -2   -3   -2    1   -5   -3   -5   -3   -4 
  2480:   -3   -4   -8   -9  -12  -14  -20  -14   -4   -1 
  2490:    1    2   -4    2   -4   -7 
