     0:    0    0    0    0    0    0    0    0    0    0 
    10:    0    0    0    0    0    0    0    0    0    0 
    20:    0    0    0    0    0    0    0    0    0    0 
    30:    0    0    0    0    0    0    0    0    0    0 
    40:    0    0    0    0    0    0    0    0    0    0 
    50:    0    0    0    0    0    0    0    0    0    0 
    60:    0    0    0    0    0    0    0    0    0    0 
    70:    0    0    0    0    0    0    0    0    0    0 
    80:    0    0    0    0    0    0    0    0    0    0 
    90:    0    0    0    0    0    0    0    0    0    0 
   100:    0    0    0    0    0    0    0    0    0    0 
   110:    0    0    0    0    0    0    0    0    0    0 
   120:    0    0    0    0    0    0    0    0    0    0 
   130:    0    0    0    0    0    0    0    0    0    0 
   140:    0    0    0    0    0    0    0    0    0    0 
   150:    0    0    0    0    0    0    0    0    0    0 
   160:    0    0    0    0    0    0    0    0    0    0 
   170:    0    0    0    0    0    0    0    0    0    0 
   180:    0    0    0    0    0    0    0    0    0    0 
   190:    0    0    0    0    0    0    0    0    0    0 
   200:    0    0    0    0    0    0    0    0    0    0 
   210:    0    0    0    0    0    0    0    0    0    0 
   220:   -1    1    0    0    0    0    0    0    1    1 
   230:    0    0    0    0    0    0    0    0    0    0 
   240:    0    0    0    0    0    0    0    0    0    0 
   250:    0    0    0    0    0    0    0    0    0    0 
   260:    0    0    0    0    0    0    0    0    0    0 
   270:    0    0    0    0    0    1    0   -1    0    1 
   280:    1    0   -1   -1    0    0    0    0    0    0 
   290:    0    0    0    0    0    0    0    0    0    0 
   300:    0    0    0    0    0    0    0    0    0    0 
   310:    0    0    0    0    0    0    0    0    0    0 
   320:    0    0    2    1   -1   -1   -2   -1   -1   -2 
   330:   -1    0    0    0    1    0    0    0    1    1 
   340:    1    0   -1    0   -1    1    1   -1   -1    0 
   350:    1    0    0    0    0    0    0    0    0    0 
   360:    0    0    0    0    0    0    0    0    0    0 
   370:    0    0    0    0   -1    0    2    2    2    0 
   380:   -2    0    0   -1    0    0    0    0    2    1 
   390:    0    1    1    1    1    0    0    0   -1    0 
   400:   -1   -1    0    0    0    0    0    0    0    0 
   410:    0    0    0    0    0    0    0    0    0    0 
   420:    0    0    0    0    0   -1   -1   -1    0   -1 
   430:    0    1    1    0    0    0    0    0   -1    0 
   440:    0   -1   -1    2   -1    0   -1    0    2   -1 
   450:   -1   -3    1   -1   -1    0    0    0    0    0 
   460:    0    1    0    0    0    0    0    0    0    0 
   470:    0    0    0    0    0    0    0    0    0    1 
   480:    0   -1   -1   -1    1    1   -1    1    0   -1 
   490:   -2    0    0    1    1   -1   -1   -1    0   -2 
   500:    1    1   -2    0    1    0    0   -1    0    0 
   510:    0    0    0    0    0    0    0    0    0    0 
   520:    0    0    0    0    0    0    0    0    1    0 
   530:   -1    1    2    3    1    0    2    1    1   -2 
   540:   -2    1    2    0    0   -2    0    0    0    1 
   550:   -1    2    2   -1    1    1    2    0    0    0 
   560:    0    0    0    0    0    0    0    0    0    0 
   570:    0    0    0    0    0    0    0    0    0    0 
   580:   -2   -2    3    5    3    3    3    0    1    0 
   590:   -3   -2   -1   -1    0    1    0    0   -1   -1 
   600:    0    0   -1   -2   -1   -1    0    0    0    1 
   610:   -1    0    0    0    0    0    0    0    0    0 
   620:    0    0    0    0    0    0    0    0    0    0 
   630:    0    1    2    1   -1   -4    0   -3   -2   -1 
   640:    2    0    0   -3   -2    1    0    0   -1   -2 
   650:    1   -1    0    2    2    1    0    0    0    0 
   660:    0    0    1    0    0    0    0    0    0    0 
   670:    0    0    0    0    0    0    0    0    0    0 
   680:    0    0    0    0    1   -2   -2    0    1    0 
   690:    1    0    1    1    0    1   -1    1    2    1 
   700:    0    0    0    0    0    0    0   -1    0    0 
   710:    0    0    0    0    1    0    0    0    0    0 
   720:    0    0    0    0    0    0    0    0    0    0 
   730:    0    0    0    0    0    0    1    2    3    0 
   740:    0   -1   -1   -1   -1   -1    0   -1    0    0 
   750:   -1    0    0    0    0    0    0   -1    0    0 
   760:   -1    0    1    1    1    1   -1    0    0    0 
   770:    0    0    0    0    0    0    0    0    0    0 
   780:    0    0    0    0    0    0    0    0   -1    0 
   790:   -2   -1    0    2    0    1    1    1   -1    0 
   800:    0    0    0    1    0    0    0    0    0    1 
   810:    0   -2    0    0    0    1    0    0    0    0 
   820:    0    0    0    0    0    0    0    0    0    0 
   830:    0    0    0    0    0    0    0    0    0    0 
   840:    0    0    1    1    0   -1    0    0   -2   -1 
   850:    2    1    1    0    0    0    1    0    0    0 
   860:    0    1   -1   -1    0   -1    0    0    1    0 
   870:   -2   -1    0    0    0    0    0    0    0    0 
   880:    0    0    0    0    0    0    0    0    0    0 
   890:    0   -1    0    1    1   -1   -1    1   -1    1 
   900:    2    1    0    0   -2    0    1    0    0   -3 
   910:   -2    0    0   -1    0    0    1    1    0    0 
   920:    0    0    0    0    0    0    0    0    0    0 
   930:    0    0    0    0    0    0    0    0    0    0 
   940:    0    0    0    0    0   -1    0    1    0   -1 
   950:    0    1    0    1    1    0    1    2    1    0 
   960:    2    2    0    0    0    1    1    0    0    0 
   970:    1    2    0    1    1   -1    0    0    0    0 
   980:    0    0    0    0    0    0    0    0    0    0 
   990:    0    0    0    0    0    0   -1    0    0    0 
  1000:    0    0   -1    0    0    0   -1   -2   -2    0 
  1010:    1    0   -2    0    0    0    2    1    0    0 
  1020:   -1   -1   -1   -1    0    1    1   -1    0    0 
  1030:    0    0    0    0    0    0    0    0    0    0 
  1040:    0    0    0    0    0    0    0    0    0    0 
  1050:    0    1   -2   -3   -1    1    1    0   -2   -1 
  1060:    1    1    0    1    0    0    0    0   -1   -1 
  1070:    0    0   -1    1    0    0   -1   -1    0    0 
  1080:    0    0    0    0    0    0    0    0    0    0 
  1090:    0    0    0    0    0    0    0    0    0    0 
  1100:   -1   -1    0    0    0    0   -1    0   -2    0 
  1110:    1   -1   -1   -1   -1    0    0    0    1    0 
  1120:   -3   -3   -1    2    2    0    1    1    0    0 
  1130:    0    0    0    0    0    0    0    0    0    0 
  1140:    0    0    0    0    0    0    0    0    0    0 
  1150:    0    0    1   -1    1    0   -1    0    0    0 
  1160:    0    1   -1    0    1    0    0    0    0    0 
  1170:    0    0    2    0    0   -1   -1    0    0   -1 
  1180:   -1    0    0    0    0    0    0    0    0    0 
  1190:    0    0    0    0    0    0    0    0    0    0 
  1200:    0    0    0    0    0   -1    1    2    2    1 
  1210:   -1    0    2    1    1    1    0    1    0    0 
  1220:    0    1    1    0   -1    2    1    0    0    0 
  1230:   -1   -1    0    1    1    0    0    0    0    0 
  1240:    0    0    0    0    0    0    0    0    0    0 
  1250:    0    0    0    0    0    0   -1   -1    0   -1 
  1260:   -2   -2    1    0   -1    0    0    0   -1   -2 
  1270:   -1    0    0    0    0    0    0    0   -1   -2 
  1280:    1    2    0    0   -1    0    0    0    0    0 
  1290:    0    0    0    0    0    0    0    0    0    0 
  1300:    0    0    0    0    0    0    0    0    0    0 
  1310:    0    1    1    0   -1    0    0    1    1   -1 
  1320:    0    1    0   -1    0    0    0    0    0    1 
  1330:    0    0    1   -1   -1    0    0    0    0    0 
  1340:    0    0    0    0    0    0    0    0    0    0 
  1350:    0    0    0    0    0    0    0    0    0    0 
  1360:    0    0    0    0   -1    1    0    1    0   -1 
  1370:   -1    0    0   -1    1    0    0    0    1    1 
  1380:    1    0    0    0    0    1    1    0    0    0 
  1390:    1    0    0    0    0    0    0    0    0    0 
  1400:    0    0    0    0    0    0    0    0    0    0 
  1410:    0    0    0    0    0    0   -1   -2    1    2 
  1420:    0    1    1    0    1    1    0   -1   -1    0 
  1430:    0   -1    0    1    2    1   -1   -1   -1   -1 
  1440:    1    1    0    0    0    0    0    0    0    0 
  1450:    0    0    0    0    0    0    0    0    0    0 
  1460:    0    0    0    0    0   -1    0    0    0    0 
  1470:   -2   -1    0   -2   -1   -1    0   -1   -1    0 
  1480:    0    0    0    1    0    0   -2   -1    0    0 
  1490:    1    2    0   -1    0    0    0    0    0    0 
  1500:    0    0    0    0    0    0    0    0    0    0 
  1510:    0    0    0    0    0    0    0    1    0   -3 
  1520:   -1    1    2   -1   -1    0    0    1    1    0 
  1530:    0    0    0    0    0    0    0    0   -1    0 
  1540:    0    1    2   -2   -1    0    0    0    0    0 
  1550:    0    0    0    0    0    0    0    0    0    0 
  1560:    0    0    0    0    0    0    0    0    0   -1 
  1570:   -1    0    0    0   -2   -2    0    0    0   -1 
  1580:    0    0    0    1    0    0    0    0    0    0 
  1590:    0    0    0    0    0    1    0    0    0    0 
  1600:    0    0    0    0    0    0    0    0    0    0 
  1610:    0    0    0    0    0    0    0    0    0    0 
  1620:    0    1    1    1    0    0    3    2    0    0 
  1630:    1    1    0    1    0    0    0    0    1    1 
  1640:    0   -1    0    0    0    0    0    0    0    0 
  1650:    0    0    0    0    0    0    0    0    0    0 
  1660:    0    0    0    0    0    0    0    0    0    0 
  1670:    0    0    0    1    2    0    1    1   -1   -2 
  1680:    1    1    1    1    0    2    0   -1    0    2 
  1690:    0    1    0    2    1   -1   -1    0    1    3 
  1700:    1    1    0    0    0    0    0    0    0    0 
  1710:    0    0    0    0    0    0    0    0    0    0 
  1720:    0    0    0    0    0    0   -2   -1    0    0 
  1730:    0    1    0   -1   -2   -1    0    1    0    0 
  1740:    0    0    0    0   -1    1    1    0    1    1 
  1750:    0    0    0   -1    0    0    0    0    0    0 
  1760:    0    0    0    0    0    0    0    0    0    0 
  1770:    0    0    0    0    0    0    0    0   -1    0 
  1780:    2    1    0   -3    1    0    1    0    0    0 
  1790:    1    0    0    0    1    1    1   -1   -2    0 
  1800:   -1   -1    0    1    1    1    0    0    0    0 
  1810:    0    0    0    0    0    0    0    0    0    0 
  1820:    0    0    0    0    0    0    0    0    0   -1 
  1830:    0    0    0    0    0    1    0    0   -2   -1 
  1840:    0   -1   -1    2    2    0   -1   -1    0    0 
  1850:    1    0    0   -1   -1    0    0    0    0    0 
  1860:    0    0    0    0    0    0    0    0    0    0 
  1870:    0    0    0    0    0    0    0    0    0    0 
  1880:    0    0   -1    0    0    2    0   -2   -1    0 
  1890:    0    1    0   -1    1    1    0   -1    1    0 
  1900:    0    0    0    0    0   -2   -1    0    1    1 
  1910:    0    0    0    0    0    0    0    0    0    0 
  1920:    0    0    0    0    0    0    0    0    0    0 
  1930:    0    0    0   -1   -1    0    0   -1    1    3 
  1940:    2    0    0   -1   -1   -1   -1    1    2    1 
  1950:    0    1    0   -1    0   -1   -1   -1   -1   -1 
  1960:    1    0    0    0    0    0    0    0    0    0 
  1970:    0    0    0    0    0    0    0    0    0    0 
  1980:    0    0    0    0    0    0    1   -1   -2    0 
  1990:   -2   -1   -1   -1   -1    0    1   -1    0   -1 
  2000:    0    1    1    0    0    0   -1   -1   -1    1 
  2010:    0   -1    0    0    0    0    0    0    0    0 
  2020:    0    0    0    0    0    0    0    0    0    0 
  2030:    0    0    0    0    0    0   -1   -1    0    1 
  2040:    2    0    0    0    0   -1    0    1   -1    0 
  2050:    2    0    1    1    0    0    0    0   -1   -1 
  2060:    0    0    0    0    0    0    0    0    0    0 
  2070:    0    0    0    0    0    0    0    0    0    0 
  2080:    0    0    0    0    0    0    0    0    0    1 
  2090:    1   -1   -1   -2   -2   -1    0    1    2    1 
  2100:   -1   -1    0    1    0    1    0    0    1    1 
  2110:    1    1    0   -1    0    0    0    0    0    0 
  2120:    0    0    0    0    0    0    0    0    0    0 
  2130:    0    0    0    0    0    0    0    0    0    0 
  2140:    0    2    2    1    1    1    1    0    2   -1 
  2150:   -2   -2   -1   -1   -1    0    0   -1   -2    1 
  2160:    3    2    1    0    0    1   -1    1    1    0 
  2170:    0    0    0    0    0    0    0    0    0    0 
  2180:    0    0    0    0    0    0    0    0    0    0 
  2190:    0    0    0   -1    0    0    0    1   -1    0 
  2200:   -2    2    1    1    0    1    1    1    1    0 
  2210:   -1   -1    1    1    0   -2   -1   -1    0   -1 
  2220:    1    0    0    0    0    0    0    0    0    0 
  2230:    0    0    0    0    0    0    0    0    0    0 
  2240:    0    0    0   -1   -1    0    1    1    0   -1 
  2250:    1    1    2    3   -1    0    0   -1   -2    1 
  2260:    0    0    0    0    0    0    0    0    0    2 
  2270:    0    0    0   -1    0    0    0    0    0    0 
  2280:    0    0    0    0    0    0    0    0    0    0 
  2290:    0    0    0    0    0    1    0    2    2    1 
  2300:    0    0   -1    0    2    0   -1    0    0    1 
  2310:    0   -1    1    1    1    0    0   -1   -1    0 
  2320:    0   -1    0    0   -1    0    0    0    0    0 
  2330:    0    0    0    0    0    0    0    0    0    0 
  2340:    0    0    0   -1    0    0    1   -1    1    1 
  2350:    0    0   -1    0    0    1    0    1    2    1 
  2360:   -1   -2   -2    0    0    0    0    0    1    0 
  2370:    0    0    0    0    1    0    0    0    0    0 
  2380:    0    0    0    0    0    0    0    0    0    0 
  2390:    0    0    0    0    0    0    0    0    0    0 
  2400:    0    0    0    0    1    1    0    0    0    0 
  2410:    0    1    1    0    0    0    0    0    0    0 
  2420:    0    0    0    0    0    0    0    0    0    0 
  2430:    0    0    0    0    0    0    0    0    0    0 
  2440:    0    0    0    0    1    0    0    0    1    0 
  2450:    0    0    0    0    0    0    0    0    0    0 
  2460:    1    1    0    0    0    0    0    0    0    0 
  2470:    0    0    0    0    1    0    0    0    0    0 
  2480:    0    0    0    0    0    1    0    0    0    0 
  2490:    0    0    0    0    0    0 
