     0:    0    0    0    0    0    0    0    0    0    0 
    10:    0    0    0    0    0    0    0    0    0    0 
    20:    0    0    0    0    0    0    0    0    0    0 
    30:    0    0    0    0    0    0    0    0    0    0 
    40:    0    0    0    0    0    0    0    1    0    0 
    50:    0    0    0    0    0    0    0    0    0    0 
    60:    0    0    0    0    0    0    0    0    0    0 
    70:    0    0    0    0    0    0    0    0    0    0 
    80:    0    0    0    0    0    0    0    0    0    0 
    90:    0    0    0    0    0    0    0    0    0    0 
   100:    0    0    0    0    0    0    0    0    0    0 
   110:    0    0    0    0    0    0    0    0    0    0 
   120:    0    0    0    0    0    0    0    0    0    0 
   130:    0    0    0    0    0    0    0    0    0    0 
   140:    0    0    0    0    0    0    0    0    0    0 
   150:    0    0    0    0    0    0    0    0    0    0 
   160:    0    0    0    0    0    0    0    1   -1   -1 
   170:   -1    0    0    0    0    0    0    0    0    0 
   180:    0    0    0    0    0    0    0    0    0    0 
   190:    0    0    0    0    0    0    1    0    0    0 
   200:    0    0    0    0    0    0    0    0    0    0 
   210:    0    0    0    0    0    0    0    0    1    0 
   220:   -3   -2    0    0    0    0    1    0    0   -2 
   230:   -1    0    0    0    0    0    0    0    0    0 
   240:    0    0    0    0    0    0   -1    1   -1    0 
   250:    0    0    0    0    0    0    0    0    0    0 
   260:    0    0    0    0    0    0    0    0    0   -2 
   270:    4    0   -4   -1    1    0   -2    0    0    1 
   280:   -2    0    0    0   -1   -1   -1    0   -1   -1 
   290:   -1   -1    1   -1   -1    2   -1    0    0   -1 
   300:    0   -1    0    0    0    0    0    0    0    0 
   310:    0    0    0    0    0    0    0    0    0    0 
   320:    0    1    1    0   -1   -3    3   -1   -1    2 
   330:   -1    1    0   -1    0    1   -3    3   -1    1 
   340:    3   -2    5   -4   -3    0    2    5   -3    0 
   350:   -1    0    0    0    0    0    0    0    0    0 
   360:    0    0    0    0    0    0    0    0    0    0 
   370:    0    0    0   -3    2   -1    0   -2   -1   -1 
   380:    0    3    1   -1   -1   -2    2   -2    1    0 
   390:   -2    2    0    2   -2    3   -5    4    1    2 
   400:   -4    3    0    0    0    0    0    0    0    0 
   410:    0    0    0    0    0    0    0    0    0    0 
   420:    0    0    0    0   -1    2   -1   -1    2   -1 
   430:   -2    0    4   -1    5   -3   -4    2    2    1 
   440:   -1    2    1   -4    3    0    0    1   -2    3 
   450:    1   -2    0    1   -1    0    0    0    1    1 
   460:    0    0    0    0    0    0    0    0    0    0 
   470:    0    0    0    0    0    0   -2    0    0   -3 
   480:    2   -3    0   -1    1   -2    5    0    0    3 
   490:    1    0    0   -3    1    0   -1   -1    1   -1 
   500:   -2    2    1   -3   -1    1   -1    0    0    0 
   510:    0    0    0    0    0    0    0    0    0    0 
   520:    0    0    0    0    0    0    0    1    0   -2 
   530:    2   -1    3   -1    3   -3   -1   -2    1   -3 
   540:    1    1    1   -1    5   -1   -3    5   -4   -1 
   550:    0    4    0    2   -3    0    5   -1    0    0 
   560:    0    0    0    0    0    0    0    0    0    0 
   570:    0    0    0    0    0    0    0    0    0   -1 
   580:    3    0    0   -1   -1    0   -2    1   -2    2 
   590:   -2   -1   -1    0    0    1    0   -1   -3    3 
   600:   -2   -1    1   -3    1    0   -3    1    0   -1 
   610:    1    0    0    0    0    0    0    0    0    0 
   620:    0    0    0    0    0    0    0    0    0    0 
   630:    0   -1    2    0    2    1    2    1   -1    2 
   640:   -2    2   -2    1    3   -2   -1    5   -3    0 
   650:    0    0    1   -1    1   -1    2    1   -3    3 
   660:    0   -3    3    0    0    0    0    0    0    0 
   670:    0    0    0    0    0    0    0    0    0    0 
   680:    0    0    0    2    0    3    0   -2    0    5 
   690:   -2    3   -4   -2    0   -1    0    0   -4    0 
   700:    2    3    1    0    0    1    1    2    1   -2 
   710:   -1    0   -4    2    0    0    0    0    0    0 
   720:    0    0    0    0    0    0    0    0    0    0 
   730:    0    0    0    0    1   -1   -1   -5    0    2 
   740:   -5    0    2    1   -1    1    0   -1   -3    2 
   750:    1    0    1    0    0    0    2    2    1    1 
   760:    1   -2    0    1    3    3   -2    0    0    0 
   770:    0    0    0    0    0    0    0    0    0    0 
   780:    0    0    0    0    0    0    0    0    3    0 
   790:   -2    2    2   -4   -2    1    0    0    3   -2 
   800:    0   -1    1    1   -1   -1    2    0    0    1 
   810:    0   -1    3   -3    2    4    0   -2   -4    1 
   820:    0    0    0    0    0    0    0    0    0    0 
   830:    0    0    0    0    0    0    0    0    0    0 
   840:    2    0    0   -2    0    3   -3    2   -1    1 
   850:    2    0    0    0    1    0   -3    1    0   -1 
   860:    0   -1    0   -2    0   -1    2    1   -4    3 
   870:    1    0    0    0    0    0    0    0    0    0 
   880:    0    0    0    0    0    0    0    0    0    0 
   890:    0    1    1    2   -2   -3    3   -4    2   -1 
   900:   -1   -1    2    0    3    0    0    3   -3    1 
   910:    1    0   -1    1    2   -2    0   -2    0   -1 
   920:    4    0    2    0    0    0    0    0    0    0 
   930:    0    0    0    0    0    0    0    0    0    0 
   940:    0    0    0    1    1   -1   -1    0   -5    5 
   950:    0    1    0   -1    0    0    0    0   -1    3 
   960:    0   -3   -1    0    1    1    0   -1    2   -2 
   970:   -1    4    3   -3   -2    1    0    0    0    0 
   980:    0    0    0    0    0    0    0    0    0    0 
   990:    0    0    0    0    0    0   -1   -3    0    4 
  1000:   -1   -1    1    1    2    0    0   -1   -5    1 
  1010:    3    3    1   -2    0    0   -1    2    2    0 
  1020:   -2    1   -1    4    1   -2   -3    1    0    0 
  1030:    0    0    0    0    0    0    0    0    0    0 
  1040:    0    0    0    0    0    0    0    0    0    2 
  1050:    0    1    1   -2    1    2    4   -3   -1   -1 
  1060:   -1    4    4    0   -1    0    1    1   -3    3 
  1070:   -1    1   -7    6   -5    1    5   -3   -3    1 
  1080:    0    0    0    0    0    0    0    0    0    0 
  1090:    0    0    0    0    0    0    0    0    0    0 
  1100:    3    1   -1    2   -3    1    2    1   -2   -1 
  1110:   -1    2    1   -1    2   -2   -1   -1    1    3 
  1120:   -4    5   -3    1   -3   -2    0   -5    4    2 
  1130:   -3   -1    0    0    0    0    0    0    0    0 
  1140:    0    0    0    0    0    0    0    0    0    0 
  1150:    0    0    1    2   -1   -3    0    3    0    0 
  1160:   -2   -2    1    2   -2    1   -1    0    0   -1 
  1170:    0   -1   -4    3    1    7    1    0    0    0 
  1180:    2    3    3    0    0    0    0    0    0    0 
  1190:    0    0    0    0    0    0    0    0    0    0 
  1200:    0    0    0    0   -2    1    0    1    3   -3 
  1210:   -2    2   -1   -2    3   -2    2    0    0    1 
  1220:   -1    0   -1    1    2   -4   -1    2    2    0 
  1230:    1   -1   -1    0    2    0    0    0    0    0 
  1240:    0    0    0    0    0    0    0    0    0    0 
  1250:    0    0    0    0    0    0    1    0    0    1 
  1260:    0   -1   -1    1   -2    0   -1   -1    1    0 
  1270:    0    1    1    0   -2    0    0    0    0    0 
  1280:   -1    0    0    0   -2    1    3   -1    0    0 
  1290:    0    0    0    0    0    0    0    0    0    0 
  1300:    0    0    0    0    0    0    0    0    0    1 
  1310:   -2    3    4   -1    0    1    0    1   -2    0 
  1320:   -1    0   -2    1   -1    0    1    0    0   -1 
  1330:    1   -1    1    3    0   -2    1    1    1    0 
  1340:    0    0    0    0    0    0    0    0    0    0 
  1350:    0    0    0    0    0    0    0    0    0    0 
  1360:    0    1    2    0    1    0    5   -1   -1    1 
  1370:    0    0    4   -2   -1    2   -1   -2    2   -1 
  1380:    1    0    0    1   -2   -1    0    1    1    2 
  1390:   -2    0    0    0    0    0    0    0    0    0 
  1400:    0    0    0    0    0    0    0    0    0    0 
  1410:    0    0   -1    1    1    1   -2    3   -1    1 
  1420:   -1    1   -1   -1   -4    3    0    0    0    0 
  1430:   -1   -2    0    0    0    0    0    0    1    1 
  1440:    0    2    1    0    0    0    0    0    0    0 
  1450:    0    0    0    0    0    0    0    0    0    0 
  1460:    0    0    0    0    1    2    0   -3    1    3 
  1470:    0   -1   -2    1    2   -1   -1    2    0   -1 
  1480:    0    0   -1    0    1    0   -3    0    1    1 
  1490:    0    2   -1    2    0    0    0    0    0    0 
  1500:    0    0    0    0    0    0    0    0    0    0 
  1510:    0    0    0    0    0    0    0    2    4   -1 
  1520:   -1    1    1    0    1    0    1    0    2    1 
  1530:   -1    0    0    0    0    0    0    0    0    1 
  1540:   -1    1    1    0    1    1    0    0    0    0 
  1550:    0    0    0    0    0    0    0    0    0    0 
  1560:    0    0    0    0    0    0    0    0    0    2 
  1570:   -1    1   -2    0    5    0   -2    0   -2    2 
  1580:   -1   -2   -1   -2    0    0    0   -1    1    2 
  1590:    0    0    0    0    0    0    0    0    0    0 
  1600:    0    0    0    0    0    0    0    0    0    0 
  1610:    0    0    0    0    0    0    0    0    0    0 
  1620:    0    0    0    1   -2    2    3   -3    0   -1 
  1630:   -3    3    0    0   -1    1    0   -1   -1    2 
  1640:   -1    1    0    0    0    1   -1    0    0    0 
  1650:    0    0    0    0    0    0    0    0    0    0 
  1660:    0    0    0    0    0    0    0    0    0    0 
  1670:    0    0    0    0   -2    0    4    0    0    2 
  1680:    1   -2    0    1   -1   -1    4   -1    0    0 
  1690:    1    4   -1   -1   -2   -1    4    2   -3    0 
  1700:    1    0    0    0    0    0    0    0    0    0 
  1710:    0    0    0    0    0    0    0    0    0    0 
  1720:    0    0    0    0   -1    1    3   -1   -1   -1 
  1730:    0    1    4    0    0    0    2   -1    1    0 
  1740:    1    3   -3    1   -1    0   -1    1    1    1 
  1750:   -3    0    0    0    0    0    0    0    0    0 
  1760:    0    0    0    0    0    0    0    0    0    0 
  1770:    0    0    0    0    0    0    1   -1    1    1 
  1780:    2   -2    0   -1    3    1   -1    2   -1    2 
  1790:   -2   -1    2   -1   -1    1    0    0   -2   -1 
  1800:    1    0   -2   -1   -1    0    0    0    0    0 
  1810:    0    0    0    0    0    0    0    0    0    0 
  1820:    0    0    0    0    0    0    0    0    1   -2 
  1830:   -1    1   -1    0   -2    3    1   -3   -3   -1 
  1840:    0   -3    1   -3    3   -4    1    0   -2    3 
  1850:   -2    0    2    0    0   -2    1    0    0    0 
  1860:    0    0    0    0    0    0    0    0    0    0 
  1870:    0    0    0    0    0    0    0    0    0    0 
  1880:    0    0   -1   -1   -1    1   -1   -1   -1    0 
  1890:    0    0    2   -2   -3    1    1    2   -2    0 
  1900:   -1   -2    0    0    0    1   -1    2    0    0 
  1910:    0    0    0    0    0    0    0    0    0    0 
  1920:    0    0    0    0    0    0    0    0    0    0 
  1930:    0    0   -1    2    3    2   -3    0   -1   -4 
  1940:    3   -3    0   -1   -2    2   -4    0    2    1 
  1950:   -1   -3   -1    0    2   -1    1    0    0    0 
  1960:   -1    0    0    0    0    0    0    0    0    0 
  1970:    0    0    0    0    0    0    0    0    0    0 
  1980:    0    0    0    0    1   -1    3   -4    0    1 
  1990:    0   -1   -1    1    1   -1   -2   -2    1   -3 
  2000:    0    3    2   -1    0   -3    1    2   -1   -1 
  2010:    0    2    0    0    0    0    0    0    0    0 
  2020:    0    0    0    0    0    0    0    0    0    0 
  2030:    0    0    0    0    0    0    0   -2    1   -1 
  2040:   -1    0    1   -3    3    0    1    1    2   -2 
  2050:   -2    3    0    0   -1   -2    1   -3   -1    0 
  2060:    0    0    0    1    0    0    0    0    0    0 
  2070:    0    0    0    0    0    0    0    0    0    0 
  2080:    0    0    0    0    0    0    0    0    0    1 
  2090:   -1   -1   -1    2    2   -1   -2    3    1   -2 
  2100:    0    3    0    1    0   -1    1    2    0    1 
  2110:    1    1   -1    0    0    1    0    0    0    0 
  2120:    0    0    0    0    0    0    0    0    0    0 
  2130:    0    0    0    0    0    0    0    0    0    1 
  2140:   -1    1   -1    1    0    1   -1    1    4   -3 
  2150:   -2    1   -2   -1    2    0    0    1    1    0 
  2160:    0   -2    0    2    0    0   -2    1    1    0 
  2170:    0    0    0    0    0    0    0    0    0    0 
  2180:    0    0    0    0    0    0    0    0    0    0 
  2190:    0    1    0   -1    0   -3    1   -1    0    4 
  2200:   -2    0    3    1   -1    1    0    2   -2    2 
  2210:   -1    0    0    1   -1    1    1   -1    2   -1 
  2220:   -1    2    0    0    0    0    0    0    0    0 
  2230:    0    0    0    0    0    0    0    0    0    0 
  2240:    0    0    1    1   -3    1    2    0    5   -2 
  2250:    2   -3   -1    1    3    3   -3    2   -4   -2 
  2260:    2   -1    1   -1   -2    0   -2    0    2   -1 
  2270:    1    0    0    1    0    0    0    0    0    0 
  2280:    0    0    0    0    0    0    0    0    0    0 
  2290:    0   -1    0    0   -1    1    1   -2    3   -1 
  2300:    0    1    3   -3   -2    6    2    2    0   -1 
  2310:    0   -2    2   -1    2    1    1   -1   -2    2 
  2320:    0    0   -1    1    0    0    0    0    0    0 
  2330:    0    0    0    0    0    0    0    0   -1    0 
  2340:    0    0    1   -3    0    1   -2    0    0   -2 
  2350:    0    2    0   -1   -1    1   -1    1    2   -1 
  2360:    0    0    1    0    0   -1    1    0    0    0 
  2370:    0    1   -1    0   -1    1    0    0    0    0 
  2380:    0   -1    0    0    0    0    0    0    0    1 
  2390:   -2    1    0    0    1    0    0    0    1    0 
  2400:    2    0    0    1    1    1   -1    0    0    0 
  2410:    0    0    0    0    0    0    0    0    0    0 
  2420:    0    0    0    0    0    0    0    0    0    1 
  2430:    0    0   -1    1    0    0    0    0    0    0 
  2440:    0    1    0    0    1    0    3    0   -1    1 
  2450:    0    0    1    0    0    0    1    1   -1    1 
  2460:   -1    0    0    0    0    0    0    0    0   -1 
  2470:    1    0   -1    1    0    0    0    0    0    1 
  2480:    0   -1    0    0    0    0    0    0    0    0 
  2490:    0    0    0    2    0   -1 
