     0:    0    0    0    0    0    0    0    0    0   -2 
    10:    0   -1   -1    0    0    0    0    0    0    0 
    20:    0    0    0    0    0    0    0    0    0    0 
    30:    0    0    0    0    0    0    0    0    0    0 
    40:    0    0    0    0    1    0    1   -1    1    1 
    50:    0    0    0    0    0    0    0    0    0    0 
    60:    0    0    0    0    0   -1    0    0    0    0 
    70:    0    0    0    0    0    0    0    0    1    2 
    80:    0    1    1   -1    0    2    0   -1    0    0 
    90:    1    0    0    0    0    0    0    0    0    0 
   100:    0   -1    0    0    0    0    0    0    0    0 
   110:    0    0   -1    0    1    0    0   -1    0    1 
   120:    0    0    1    0    0   -1    0   -1    0    0 
   130:    1    0    0    0    0    0    0    0    0    1 
   140:    0    0    0    0    0    0    0    0    2    1 
   150:    1    0   -3    3    0    0    0    0    1   -1 
   160:    0    0   -1    0    0    1    1    1    0    0 
   170:    1   -1    0    0    0    1   -1    0    0    0 
   180:    0    0    0    0   -3    2   -3   -2    1    2 
   190:   -3   -1   -2   -1   -1    0    0    0    0    0 
   200:    0    0    0    0    1    1   -1   -1   -1    1 
   210:    1    1   -3    0    0    0    0    0    1   -2 
   220:   -2    4   -3    0    1   -4   -2    1    1    1 
   230:   -1    1    1    0    0   -1    0    1    0    1 
   240:   -1    0    0   -1   -1   -1   -1    4    0   -1 
   250:    0    0    0    0    1    0   -2    3   -3   -3 
   260:    0    1    1    3   -1   -2    1    0    1    0 
   270:    0    0   -1    0    0    2   -1    1   -1    1 
   280:   -1    1    0    2   -2    0    0    0    0   -1 
   290:    2    5   -3    1    0    0    2    0    1   -1 
   300:   -5    3    0   -1    0    1   -1    0   -2    0 
   310:    0    1    2    1   -3    0    2    1   -1   -1 
   320:    1    0    0    0    0    0    0   -1    1    0 
   330:    2    0    1    1    1   -2    1   -1   -1    0 
   340:    0    1    1    0   -1    0    0    0    1   -2 
   350:   -1    2    2   -1    0    0    0    3    1    0 
   360:    0   -1    3   -4    1   -1    0    0   -2    0 
   370:    0   -2    2   -3    4    0   -1   -1    0   -1 
   380:    0    0    0    0   -2    0    0    0    2    0 
   390:   -1    0    0    2    1    0   -1    0    0    1 
   400:   -4    3   -1    0    0   -1    0    2    1   -1 
   410:    3   -2    0    3   -1    0    1   -1    0    0 
   420:    2   -2    0    0    1    0   -1    1    0    1 
   430:    0    0   -2    0    2    1   -2    1   -1    1 
   440:   -1    0    0   -2    0    0    0    1   -1   -1 
   450:    2    1    0    1    0    1    0   -2    1   -1 
   460:    3   -1    0    0   -1    1   -1    0   -1    0 
   470:    0    1    2    1    2   -3   -4    1    0    0 
   480:   -1    0    0    0   -3   -3    1   -4    2   -4 
   490:    3    2    1    0   -1    0    4    1   -3   -1 
   500:    2    1    0    0   -1    5   -1   -1    1    2 
   510:    0    0    0    1    3    0   -1    0    0    1 
   520:   -1    1   -3    3   -2   -1    1   -1    0   -2 
   530:   -1   -2   -2    1   -2    1   -1    1   -2    0 
   540:    0    0    2   -1    0    1    1   -1    1    1 
   550:   -2    2    1   -2    0    0    0    2   -2    3 
   560:   -5    3   -1    0   -1    0    2   -1   -1    3 
   570:   -1   -1   -2    0   -2   -1    0   -1    0    0 
   580:    2   -3    1    1    0   -1   -2   -3    0   -1 
   590:   -1    0    3   -2    1    1   -4   -2    3   -1 
   600:    1    1    2    2   -3    2    2   -4    3   -2 
   610:    1    0    1   -3    4   -4    1    0   -2   -2 
   620:    1    2    0   -1    1    0   -1    2    1   -3 
   630:    4   -1   -3   -2    1   -1    0    2    0    3 
   640:   -2    0    1    1    2    2    0    0    3    0 
   650:   -1    3   -2    3    0   -1   -2   -5   -2    5 
   660:   -2   -2    2   -1    1   -4    5   -3    2    0 
   670:    0    1   -1    0    2    0   -2   -1   -2    0 
   680:    1    1    0    0    2    0    0    1    0   -2 
   690:    1   -1    0   -5    3    0    1   -1    1   -1 
   700:    3   -4    1    0    1    1    0    0    1    1 
   710:    0   -1   -1   -1   -1    1   -1   -1    3    0 
   720:    2    0   -1    1    3   -2    0   -1    1   -2 
   730:    2    2   -5    5   -1   -2    2    3   -2   -2 
   740:    0   -1    1   -1    0    0    0    0    1    0 
   750:    0    0    2    0    0    0    0    2   -1    1 
   760:    0   -2    3    0    2   -1    0    0   -1    1 
   770:    0   -3    1    1    0    1    0    1    1   -1 
   780:    0    1    0   -1    0   -1    0    0   -1   -2 
   790:    0    0   -1    0    1    0    0   -1    0   -1 
   800:    0    2   -1   -1    1   -1    0    2   -2   -1 
   810:    1    0   -1    0    0    1    2    0   -2    1 
   820:    0    1    0    0    0    0    0    0    1    3 
   830:    0    0   -1    1    0    0    0    0   -1    1 
   840:   -1    0    0    1   -1   -1    2    1    0    1 
   850:    0    0   -2    3   -2    0    0    1   -2    0 
   860:    1    0    0    0    0    0    0   -1    0    0 
   870:    0    0   -2   -1   -1    1    0   -1    2    0 
   880:   -1    1    1   -1    1    2   -2    1    0    0 
   890:    0    0    0    0    0    0    1    0    0    0 
   900:   -1   -2    1    0    0    0    1   -1    0    0 
   910:    1    0   -1    0    1    0   -1    2    0   -1 
   920:    1    1   -1   -2    1    0   -1   -2    2    1 
   930:   -1    1    1   -2    0    0    0    0   -1    0 
   940:   -1    1    0    0   -1    1   -2    0    0    1 
   950:    0    2   -2    0    1    0    2   -1    0    0 
   960:    1    2   -1    0    0    2    0    1   -1    0 
   970:    0    0    0    0    0    0   -1    0    0    0 
   980:    0   -1    0    0    1   -2    1   -3    1   -2 
   990:    0    1   -1    0   -4   -1    2   -1    2    0 
  1000:    0    1    3   -2   -2    1    0    0    0    0 
  1010:    0    0    0   -1    0    1    0   -2    1    2 
  1020:    1   -2    0   -1    2    1    4    0    2    2 
  1030:   -1    0    0    1    0   -1   -1    1    2   -2 
  1040:    1    0    0    0    0    0    0    0    0    0 
  1050:    0   -1   -2    1    0    0   -2    1   -1    0 
  1060:    0    1    0    0    0    0    0    0    1    0 
  1070:    0    0    1    1    1    1   -1    0    0    0 
  1080:    0    0    0    0    0    0    0    1    3    1 
  1090:    0    1    0    2    0    0    1    0   -1    2 
  1100:   -1    0    2    1    0   -1    1   -1    0    0 
  1110:   -2    0    0    0    0    0    0    0    0    0 
  1120:    0    0   -1    1    3    1   -1    0    1   -1 
  1130:    0   -2    0    1    0   -1   -3    1    1    0 
  1140:    0    0    0    0    0   -2    1    1    1    0 
  1150:    0    0    0    0    0    0    0   -4    2   -2 
  1160:    0    2    1    1    0   -1    2    1    2   -2 
  1170:    0    2    2   -1    0    0    3   -2   -2    1 
  1180:   -1    0    0   -1    0    0    0    0    0    0 
  1190:    0    2    1   -2    2    0    0   -1    1    0 
  1200:    1   -1    2    0    1   -1   -2    1    0   -1 
  1210:   -1    0    1   -1   -1    0    0    0    0   -1 
  1220:    0    0    0    0    0   -1    1   -3    0    0 
  1230:    0    0    0    1   -2   -1    0   -1    0   -1 
  1240:    1    1   -1    0    2   -1    0    0    0    1 
  1250:   -2    0    0    0    0    0    0    0    0    0 
  1260:    0    1   -3    0    2   -1    0    0    1    0 
  1270:    4    0    0    2    0   -1    2    1    2   -1 
  1280:    0    1    1    0   -1   -2   -1    0    0    0 
  1290:    0    0    0    0    0    0    0    0    1    0 
  1300:    0    0    0    0    0    0    0    0    0    1 
  1310:    0   -1    0   -1    0    1   -1    1    1   -1 
  1320:    1    1    0    0    0    0    0    0    0    0 
  1330:    0    0    0    0    0   -1    0    0    0    0 
  1340:    0    0    0    0    0    0    0    0    0    0 
  1350:    0    0    0    0    0    0    0    0    0    0 
  1360:    0    0    0    0    0    0    0    0 
