     0:    0    0    0   -1    0    0    0    0    1    0 
    10:    1   -1    0    0    0    0    0    0    0    0 
    20:    0    0    0    0    0    0    0    0    0    0 
    30:    0    0    0    0    0    0    0   -1    0    0 
    40:    0    1    0    0    0    0    0    1    0    0 
    50:    0   -1    0    0    0    0    0    0    0    0 
    60:    0    0    0    0    0    0    0    0    0    0 
    70:    0    0    0    0    0    0    0    0    0    0 
    80:    0    0    0    0    0    0    0    0    0    0 
    90:    0    0    0    0    1    0    0    0    0    4 
   100:    0    0    0    0    0    0    0    0    0    0 
   110:    0    0    0    0    0    0    0    0    0    0 
   120:    0    0    0    0    0    0    0    0    0    0 
   130:    0    0    0    0    0    0    0    0    0    0 
   140:    0    0    0    0    0   -1    0    1    0    0 
   150:    0    5    0    0    0    0    0    0    0    0 
   160:    0    0    0    0    0    0    0    0   -1    0 
   170:    0    0    0    0    0    0    0    0    0    0 
   180:    0    0    0    0    0    0    0    0    0    0 
   190:    0    0    0    0    0    0    0    0   -1    0 
   200:    0    0    0    4    0    0    0    0    0    0 
   210:    0    0    0    0    0    0    0    0    0    0 
   220:   -2    1    1    0    0    0    0    1   -1    0 
   230:    0    0    0    0    0    0    0    0    0    0 
   240:    0    0    0    0    0    0    0    1   -1    0 
   250:    1    1    0    0   -1    4    0    0    0    0 
   260:    0    0    0    0    0    0    0    0    0    0 
   270:    0    0    0    0   -1    4   -5    1    2    3 
   280:    2   -2    3   -1    3   -1    0    2    1    0 
   290:    0    0    0    0    0    0    0    0    0    0 
   300:    0    0    2    0   -1    1   -2    4    0    0 
   310:    0    0    0    0    0    0    0    0    0    0 
   320:    0    2    0    0    1   -1   -4    6   -5    4 
   330:    2    1    1    1    1   -1    2   -1   -3    1 
   340:    0   -2    3    0   -2    5    0    1    0    1 
   350:   -1    0    0    1    0    1    0   -1   -1    4 
   360:    0    0    0    0    0    0    0    0    0    0 
   370:    0    0    0    0    0    3    0    0   -3    3 
   380:    0    0    4    2   -2    4   -2   -1    2    3 
   390:    0    2   -1    3    1   -2    1   -1   -1    1 
   400:    2    1   -1    0    0    0    0    1   -1    0 
   410:   -1    5    0    0    0    0    0    0    0    0 
   420:    0    0    0    0    0    0    3    2   -2    3 
   430:   -1    1    0    3    0   -2    3   -2    3    2 
   440:    0    2   -1    1   -1   -1    0    2    1   -2 
   450:    1    1    0    0    1    0    0   -1    1    0 
   460:    0    0    0    5    0    0    0    0    0    0 
   470:    0    0    0    0    0    0    0   -2   -3    2 
   480:    0    3    0   -6    1    0    0    0   -3    1 
   490:   -2    0    2   -2    1    1   -1    2    0   -2 
   500:    0   -4    0    0   -1   -2    0    1    0    0 
   510:    0    1    0    0   -1    5    0    0    0    0 
   520:    0    0    0    0    0    0    0    0   -3    5 
   530:    0    1   -1   -1    1    0    2    2    0   -1 
   540:    0   -1    0   -2    2   -2   -1    3   -2   -1 
   550:   -1   -1    1   -1    0   -1    0    0   -1    0 
   560:    0    0    0    0    0    0   -1    5    0    0 
   570:    0    0    0    0    0    0    0    0    0    0 
   580:   -3   -1    0    0    1    1    0   -2   -3    2 
   590:    1    0    3    0    0    4   -3    1    0   -3 
   600:   -1    1    0   -1   -1    1    1   -2   -1   -2 
   610:    1    0    0    0    0    0    0    0   -1    4 
   620:    0    0    0    0    0    0    0    0    0    0 
   630:    0   -2    4    0   -2    0    0    1    4    3 
   640:   -1   -2   -1    1   -2    1    0   -4   -1    1 
   650:    3   -3    2    0   -2    1    2    0   -1    2 
   660:    0    0    3    0    0    0    0    0    0    0 
   670:   -1    4    0    0    0    0    0    0    0    0 
   680:    0    0   -1    2    3    2    0    2    2   -1 
   690:    0   -4    0    6   -5   -2    4   -6    1    1 
   700:   -1   -1    4   -1   -1    0    2   -2    0   -1 
   710:    2   -5    6   -4    0    1    0    0    0    0 
   720:    0    0   -1    4    0    0    0    0    0    0 
   730:    0    0    0    0    1   -6    4    1    0    0 
   740:   -2   -3    3    4    0   -6    6   -1   -2   -1 
   750:    3    7   -3   -4    7   -2   -1    5    0   -4 
   760:    1    2   -4    4   -3    2    3   -3    0    0 
   770:    0    0    0    0   -1    4    0    0    0    0 
   780:    0    0    0    0    0    0    1    0    0    0 
   790:    0   -4    3    1   -2   -1    1    1    0    3 
   800:   -2    2    1   -5    4    2   -8    2   -3    0 
   810:   -1   -1    0    1    5   -2    4   -2   -3    2 
   820:    0    0    0    0    0    0   -1    5    0    0 
   830:    0    0    0    0    0    0    0    0    0    3 
   840:    2   -2    5   -3   -1   -2    3    3    0   -6 
   850:    5   -8    3   -6    8   -7    1    4   -5    5 
   860:    1    0   10  -12    7    0   -3    1    3   -4 
   870:    5    1    0    0    0    0    0    0   -1    4 
   880:    0    0    0    0    0    0    0    0    0    0 
   890:    0    4   -1    3   -3    0    4    0    2    4 
   900:    2    1   -4    4   -4    6   -4    1   -1    4 
   910:   -2    1   -3    4   -6    3   -1    0    3   -1 
   920:   -1    3   -3   -1    0    0    0    0    0    0 
   930:   -1    4    0    0    0    0    0    0    0    0 
   940:    0    0    0    0    0    0   -3    4    0   -3 
   950:   -1    0   -3    0    2   -2    1   -5    2    1 
   960:    0    3   -3    4    3    4   -3    0   -1   -1 
   970:    4   -1   -1    1   -2    1    0    0    0    0 
   980:    0    0   -1    4    0    0    0    0    0    0 
   990:    0    0    0    0    0   -2   -1    0   -2   -2 
  1000:    6    2    1   -1    1    1    0   -1    0    1 
  1010:    1   -2   -1   -1    0   -1    3    1   -2    1 
  1020:    4   -2   -1    2   -2    2   -1    4    0    0 
  1030:    0    0    0    0   -1    3    0    0    0    0 
  1040:    0    0    0    0    0    0    0    0   -4    0 
  1050:    2   -3    1    0   -2    2    0   -2   -3   -1 
  1060:    0   -2    2   -2   -2    1   -1    1    0    0 
  1070:    3   -1   -3   -1    0    0    2   -2    0   -1 
  1080:    0    0    0    0    0    0   -1    3    0    0 
  1090:    0    0    0    0    0    0    0    0    0    0 
  1100:    2   -1   -1   -3    0    1   -2    4    0   -1 
  1110:   -1    0    0    1    1   -1    1   -1    0    0 
  1120:   -1    0    0    2    3    0    0    0    1    1 
  1130:   -1    0    0    0    0    0    0    0   -1    4 
  1140:    0    0    0    0    0    0    0    0    0    0 
  1150:    0    1   -2    2    3   -2   -5    5    2   -4 
  1160:    3    0   -4   -1    1    2    0    0    1    0 
  1170:    0   -1    0    1   -3    5    0   -1   -1    0 
  1180:    0   -1    0    1    0    0    0    0    0    0 
  1190:   -1    3    0    0    0    0    0    0    0    0 
  1200:    0    0    0    0    0   -2    0   -6    5    1 
  1210:   -1    1    0    0   -1   -2    3    0   -1    0 
  1220:    0    2    0    1   -1    1   -2    0    2    1 
  1230:    0    0    0   -3    0    0    0    0    0    0 
  1240:    0    0   -1    3    0    0    0    0    0    0 
  1250:    0    0    0    0    0    0    1    0   -3    3 
  1260:   -2    0    4    2    2    2    1   -2   -1    1 
  1270:    0    1    0    0    0   -1   -3    5    0    0 
  1280:   -1    0   -1   -1    0   -2    1   -1    0    0 
  1290:    0    0    0    0   -2    3    0    0    0    0 
  1300:    0    0    0    0    0    0    0    0    1    1 
  1310:   -1    2   -7    2   -2    0   -1    2    0    1 
  1320:   -5    3    0    1    0   -1   -4    3   -2   -1 
  1330:    0    0    0    0    1   -1   -2    0    0    0 
  1340:    0    0    0    0    0    0   -1    2    0    0 
  1350:    0    0    0    0    0    0    0    0    0    0 
  1360:    0    1    0   -4    3   -5    2   -1    2   -1 
  1370:    0   -2   -1   -3    6   -2   -2    0   -1   -1 
  1380:    0    1    0    1   -1   -1    1   -2    1   -1 
  1390:    0    0    0    0    0    0    0    0   -2    3 
  1400:    0    0    0    0    0    0    0    0    0    0 
  1410:    0    0   -2   -1   -3   -1   -1    3    5   -3 
  1420:   -1   -2    1    2    1   -2   -1   -1    2    7 
  1430:    1   -2    2    0    1    2   -1    2    3   -2 
  1440:    0    0    0    0    0    0    0    0    0    0 
  1450:   -2    3    0    0    0    0    0    0    0    0 
  1460:    0    0    0    0    0   -1    3    3    2   -3 
  1470:   -3   -2    1    0    0    1   -2    1    6   -3 
  1480:    1   -2    5   -4   -1   -1    1   -3    2   -1 
  1490:   -1    2    2    2   -3    0    0    0    0    0 
  1500:    0    0   -2    3    0    0    0    0    0    0 
  1510:    0    0    0    0    0    0    0    3   -1    1 
  1520:    1    0    1   -1   -1    1   -4    3    0    0 
  1530:   -1    0    0    0    0   -1    0   -2    0    2 
  1540:    0    2    1   -3    1    3    0    0    0    0 
  1550:    0    0    0    0   -2    3    0    0    0    0 
  1560:    0    0    0    0    0    0    0    0    0   -1 
  1570:   -5   -6    3   -3   -1    0    4    0    1   -2 
  1580:   -4   -2   -1    1   -1   -1    0    0    0    1 
  1590:    0   -1    1    0   -1   -1    2    2   -1    0 
  1600:    0    0    0    0    0    0   -2    3    0    0 
  1610:    0    0    0    0    0    0    0    0    0    0 
  1620:    0   -2    2    2   -1    2   -2   -6    6   -4 
  1630:    6    0   -1    4    0   -2   -1   -1    0   -3 
  1640:   -2   -5    1    0    0    0    0    0    0    0 
  1650:    0    0    0    0    0    0    0    0   -2    2 
  1660:    0    0    0    0    0    0    0    0    0    0 
  1670:    0    0    0   11   -4    5    0   -4    2   -2 
  1680:    3   -2    1    6    0    5    7   -6    3   -2 
  1690:   -1   -2    0    0    2   -1   -1   -2    5    0 
  1700:   -1    1    0    0    0    0    0    0    0    0 
  1710:   -2    2    0    0    0    0    0    0    0    0 
  1720:    0    0    0    0    0    1    5    4   -1   -3 
  1730:    4    4   -3   -1    0   -1    5   -1   -1   -2 
  1740:   -1    1   -2   -3    1   -4    0    4    1   -1 
  1750:    6   -1   -1   -2    0    0    0    0    0    0 
  1760:    0    0   -2    2    0    0    0    0    0    0 
  1770:    0    0    0    0    0    0    1    2    5    0 
  1780:    4   -1    1    4    4    0    3    2    0   -1 
  1790:    0    1    3    1    0    2   -1    2   -1    3 
  1800:   -8    4    2   -2    2   -1    0    0    0    0 
  1810:    0    0    0    0   -2    2    0    0    0    0 
  1820:    0    0    0    0    0    0    0    0   -1    0 
  1830:    0   -2    1   -1    6   -2   -5    0    0    4 
  1840:   -2    4   -3    3   -5    4   -2    0    2    5 
  1850:    3   -4    1    2    3    0   -1    1    0    0 
  1860:    0    0    0    0    0    0   -2    2    0    0 
  1870:    0    0    0    0    0    0    0    0    0    0 
  1880:   -3    3   -2    0    3    3    2    1    0   -6 
  1890:   -5   -3    7    3    1   -4    0    2    0    1 
  1900:    2   -6    2    0   -2   -2   -1   -1   -1    1 
  1910:    0    0    0    0    0    0    0    0   -2    1 
  1920:    0    0    0    0    0    0    0    0    0    0 
  1930:    0    0   -2   -1   -4    0    1    2   -4   -1 
  1940:    0    2   -7    1    2    1   -2    0   -1   -2 
  1950:   -3   -3    0    5   -1    2   -8    3   -3   -5 
  1960:    0    0    0    0    0    0    0    0    0    0 
  1970:   -1    1    0    0    0    0    0    0    0    0 
  1980:    0    0    0    0    1   -2   -3    1    7    3 
  1990:   -2    2   -3    8   -5   -1    1   -2    0   -4 
  2000:   -2   -3    1   -3    2    2   -2   -1   -4    3 
  2010:   -1    1   -1    0    0    0    0    0    0    0 
  2020:    0    0   -1    1    0    0    0    0    0    0 
  2030:    0    0    0    0    0    1    0   -4    5    0 
  2040:    3   -2    8   -6    1   -2    2   -3   -4    0 
  2050:    1   -4    0   -2    2   -1   -4    9   -1    5 
  2060:   -5   -1    0    2    0    1    0    0    0    0 
  2070:    0    0    0    0   -1    1    0    0    0    0 
  2080:    0    0    0    0    0    0    0    0    3    1 
  2090:   -2    2   -2    4   -2    7   -8    8   -1   -4 
  2100:    5   -1    3   -3    0   -5   -4    2   -2    3 
  2110:    2    0   -3   -2    2   -1   -2    0    0    0 
  2120:    0    0    0    0    0    0   -1    1    0    0 
  2130:    0    0    0    0    0    0    0    0    0    3 
  2140:   -1   -3    0    4   -5   10    3    4   -4    0 
  2150:   -2    5    3    3    2   -3    3   -3   -2    2 
  2160:   -3   -1    0   -1    5   -2    5   -5   -1    0 
  2170:    0    0    0    0    0    0    0    0   -1    1 
  2180:    0    0    0    0    0    0    0    0    0    0 
  2190:    0    0   -1    1    0    0   -2    5   -2    5 
  2200:   -9    2    7   -2    2    0    1    0   -3    5 
  2210:   -3    2    2    1    1    1    3   -1   -4    1 
  2220:    1   -2    0    0    0    0    0    0    0    0 
  2230:   -1    0    0    0    0    0    0    0    0    0 
  2240:    0    0    1    0   -3    1   11   -4   -3   -3 
  2250:    4    4   -5    3    0    1    2    5   -3   -5 
  2260:    2   -1   -4    0   -3    6   -7    3   -5    3 
  2270:    2   -4    3    1    0    0    0    0    0    0 
  2280:    0    0   -1    0    0    0    0    0    0    0 
  2290:    0    0    0    0   -1   -1   -2    2   -4   -1 
  2300:    5   -5    3    4   -3    0    0   -1    5    4 
  2310:   -2    0   -2   -2   -1   -2    2    3   -3    1 
  2320:   -2    3   -2    0    0    2    0    0    0    0 
  2330:    0    0    0    0   -1    0    0    0    0    0 
  2340:    0    1   -1    4   -1   -3    2   -3    3   -2 
  2350:   -2   -3    9    0    4   -1   -1    2    3    4 
  2360:   -5   -4    0   -2    5    0   -2   -5    2   -3 
  2370:    0    5   -1   -1    3   -1    0    4   -2    0 
  2380:    0    0    0    0    0    0   -1    1   -2    0 
  2390:    0    5   -1    1    2    1   -3    4   -2    2 
  2400:    0    0    0    1   -3   -1    0   -1    0    5 
  2410:   -4   -1    4    0    0    0   -1    1    0   -1 
  2420:    0    0    1    0   -1    0    0   -1    0    0 
  2430:    0    1    0    0    0    0    0    0   -1    1 
  2440:   -2    3   -1   -1    0    1   -2    0    0    0 
  2450:    0    2    2    0    0   -1    1    0    3    0 
  2460:    1   -2   -4    1    7   -1    0    0    0    1 
  2470:    0   -1    1   -1    2    1   -3    1   -2   -2 
  2480:    0    5    0    1   -1   -1   -1    0    0    0 
  2490:   -1    4    0   -2   -1   -3 
