     0:    0    0    0    0    0    0    0    0   -1   -1 
    10:   -1   -1    0   -1    0    0    0    0    0    0 
    20:    0    0    0    0    0    0    0    0    0    0 
    30:    0    0    0    0    0    0    0    0    0    0 
    40:    0    0    0   -1   -1    2   -2   -1    0   -4 
    50:    1    0    0    0    0    0    0    0    0    0 
    60:    0    0    0    0    0    0    0    0    0    0 
    70:    0    0    0    0    0    0    0   -1    0   -2 
    80:    3    0   -1   -1    0   -1   -1    2   -1    0 
    90:    2    0    0    0    0    0    0    0    0    0 
   100:    1   -4    2    0    0    0    0    0    0    0 
   110:    0    0   -1    2    2    1    2    0    0   -2 
   120:   -1    2   -2    2   -1    0    0   -1    1    0 
   130:    0    0   -1    0    1   -1    0    0    1   -1 
   140:    0    0    0    0    0    0    0    1   -3    0 
   150:    3    3    0    2    2   -2    0    0   -1   -1 
   160:    0    0    1   -1    0    0    1    1    0    1 
   170:    4    2   -1   -1    1    0   -1    0    0    0 
   180:    0    0    0    3   -1   -1    0    4    2    2 
   190:    1    0    0    0    1   -1    1    1   -2   -1 
   200:    0    1    1    1    2    1    2   -2    2   -2 
   210:    0    2   -1    0    0    0    0    0    0    1 
   220:    2    0   -1   -4    3    2   -1    0   -2    0 
   230:    1    0   -1    1    0    0   -1    2    0   -1 
   240:    1    2    1    0    3    0    4    0   -2    1 
   250:    0    0    0   -1    3    0   -1    1    1   -5 
   260:    0    2   -3    2    1   -2   -1    1    0   -1 
   270:    1   -2    0    1    0    0    1    2   -1    2 
   280:    3    0    2   -1   -5   -1    0    0    0    1 
   290:   -3    2    2   -3    5   -2   -3    3   -3    4 
   300:   -2    0    0    1    1    0    1   -3    0    0 
   310:    0    0    2   -2   -1    3    3   -2   -3   -3 
   320:    4   -1    0    0    0    1    2   -6    6   -3 
   330:    2   -1   -5    7   -1    2   -2    3   -2    1 
   340:    0    0    0   -1   -1    0    0   -2   -2   -5 
   350:    0    3    2   -4   -3    0    2    1    0    0 
   360:    0    0    2   -1    4   -4    3    0    2    0 
   370:   -2    4   -3    0    0    1    0   -1    2    0 
   380:    0    2   -1    0    0    0    4    1   -1   -2 
   390:    0    3    3    1    0    0   -3    6   -3    1 
   400:    5    5   -1   -2    4   -2    0    2   -3    2 
   410:    1   -1    0    1    0   -4    5    2    1    1 
   420:    4    2    0   -3    0    8    1    1   -3    0 
   430:   -2    0   -3    2    7   -6    3   -5   -2    8 
   440:   -1   -2    6   -2    1    1   -2    2    6    0 
   450:   -6    2    3    0    1   -1    0   -2   -4    3 
   460:    2   -1   -3   -2   -2   -2   -1    0   -2    5 
   470:   -1   -2    2   -4    0   -9   -2    2   -5    2 
   480:    0    0   -2    2    5  -10    5    5   -5    0 
   490:    4   -1   -4    3   -2    0    1   -2   -3   -2 
   500:   -2   -1    0    0   -1    4   -3    0    1    0 
   510:   -2    3    5   -1    1    2   -1   -5    2   -1 
   520:    1   -2    3   -7   -1    3   -1   -1   -2   -2 
   530:   -1    2   -1   -3    1   -1   -4    0   -1    1 
   540:   -1    2   -1   -2    8    4   -1   -2    3   -3 
   550:   -3   -1    0   -1   -3    1    2    1   -6   -1 
   560:    1    4   -5   -2    2   -1   -2   -4    5   -4 
   570:    0   -1    2   -2   -1    1   -1    1    1   -1 
   580:    0   -4   -1    2   -2    1    5   -7    0    2 
   590:    0   -1    2   -2    5   -2    0    0   -1   -1 
   600:    1    0   -1   -3    1    2   -2    4    0    4 
   610:    0   -2    3   -2   -3    6   -3    4    1    2 
   620:   -5    1   -3   13   -8    3   -4    2   -3    5 
   630:   -1   -4    1    2    3   -2    1   -1   -1    1 
   640:   -3    4   -1    1    0    0    2    0    3   -2 
   650:   -3   -3    3    0   -1    3   -6  -10   -5    3 
   660:   -1    0   -1    3   -5    5   -1   -4    3   -1 
   670:    1   -2   -2   -2    1   -1    2    2    1    0 
   680:    0   -2    2    0   -1    0    3   -5    5   -5 
   690:    3    0    0   -1  -10   -5   -1   -1    1    1 
   700:   -2   -1   -1   -1    0   -2    0   -1    1   -1 
   710:    0    1    0    1    1    0   -1   -2    1    0 
   720:   -3    2    3   -4    3    0   -1   -7    2    0 
   730:   -1   -1    0   -4    1   -2    0   -2    0    0 
   740:    2   -1    0    1    1    1   -1    0    1    1 
   750:    0    0    2    0    0    0   -3    2    2   -1 
   760:    2    3   -3    1    1   -3    1    0    0   -1 
   770:   -1    1    2    0    0   -1    0    1    0    1 
   780:   -1    2    0    0   -1    2    0    0    1    1 
   790:   -2    0    0    1    0   -1    2    1    3    1 
   800:    2   -1   -1    1    0    0    0   -1    2   -1 
   810:   -1    0    2    0    0    1   -1   -1    0    0 
   820:    1    0    0   -1    3    0   -1    0   -1   -1 
   830:    1    0   -3    2    1    0   -2    1    0    1 
   840:    0    0   -1    0    1   -1    1   -1    0    2 
   850:   -1    1    1    0   -3    0    1   -1    0    0 
   860:    2    1    0    0    0    0    0   -1   -1    2 
   870:    0   -1   -1    0    2   -1    0    0    0    0 
   880:    0    0   -1    0    2   -2    2   -2    2    0 
   890:   -1    0    0    2    1   -3   -2    4   -1    0 
   900:    0    1    1    2   -1   -2    0    0   -2    0 
   910:   -1   -2    0    0    1   -1   -1    0    0    2 
   920:   -1   -2    1   -1    0    2    1    1   -1    0 
   930:    0    0    1   -1    0    0    0   -1    2    2 
   940:   -1   -2    0    1   -4   -1    3    1   -1   -2 
   950:   -2    1    1    0    0    1    0    0    1    0 
   960:    0    2    5    1    3    0    1    1   -1   -2 
   970:    0    0    0    0   -1    0    3    1    0    1 
   980:    0   -1    0    0    0   -1    0   -1    0    3 
   990:   -2    1    1   -2    1   -2    3   -3    1   -2 
  1000:   -1    3   -1    5    0    1    0    0    0    0 
  1010:    1    1    0    0    0    2    0   -3    2   -2 
  1020:    2   -1    2   -4    2    2    2   -1   -2    0 
  1030:    2   -3    1    0    0    0   -2    0    2    2 
  1040:    1   -1    0    0    0    0    0    0    0    0 
  1050:   -1    4    1   -1   -3    0    2    2   -3    0 
  1060:   -1    1    0    0    0   -1    0    0    1    1 
  1070:    1    0   -1    2    2    1   -2    0    0    0 
  1080:    0    0    0    0    0    0   -5    5    0    2 
  1090:   -6    8   -2   -2    1    0    0   -2   -1   -2 
  1100:    0    0    4    2   -2   -1   -4   -2   -4   -2 
  1110:    2    0    1    0    0    0    0    0    0    0 
  1120:    0    0   -2    1   -1   -1    2    3   -1    0 
  1130:    0   -1    1   -1   -2    0    0   -1    0   -2 
  1140:   -4    2   -1   -1   -1    2   -1    0    0    0 
  1150:    0    0    0    0    0    0    3   -3    2   -2 
  1160:   -1    1   -2    3    0   -1    0    0    0   -1 
  1170:    0   -2    3    0    3    0    4    2    1   -4 
  1180:    2    0    1    1    0    0    0    0    0    0 
  1190:    1    0    1   -1    2   -2   -1   -2   -2    2 
  1200:    0    2   -2   -1    1    2    0    0   -3    4 
  1210:    2    4    0    0    5    1   -1   -1    0    0 
  1220:    0    0    0    0    0    0    0    0    0    0 
  1230:   -3   -4    0    2   -4    2    1   -1    3    0 
  1240:    1    0   -1    1    1    1    3   -4    3   -2 
  1250:    0    1    0    0    0    0    0    0    0    0 
  1260:    0    1   -1    0    1    0   -2    0   -3   -1 
  1270:   -1   -1   -1   -1    2    1    1   -2    4    0 
  1280:   -1    2    0    2    4    1    0    0    0    0 
  1290:    0    0    0    0    0    0    0    1    1    0 
  1300:   -2    1    0   -1   -2    0    0    0    0   -1 
  1310:    0    0    1    1    1   -2    1   -1   -2    3 
  1320:   -1   -1    0    0    0    0    0    0    0    0 
  1330:    0    0    0    0   -1    3    1   -1    0    0 
  1340:    0    0    0    0    0    0    0    0    0    0 
  1350:    0    0    0    0    0   -1    0    0    0    0 
  1360:    0    0    0    0    0    0    0    0 
