     0:   -1    0    0    0    0   -1    0    0    0    1 
    10:    0    0    0    1    1   -1    0    0    0    0 
    20:    2    0    1    0    0    0    0    0    0   -1 
    30:    1    0   -1   -1    0    0    0    0    1   -1 
    40:    0    1    0    1   -1    0    0    1    1    0 
    50:    0    0    0    0    0    0    0    0    0    0 
    60:    0    0    0    0    0    0    0    0    0    0 
    70:    0    0    0    0    0    0    0    0    0    0 
    80:    0    0    0    0    0    0    0    0    0    0 
    90:    0    0    0    0    1   -3    0    0    0   -1 
   100:    2    0    0    0    0    0    0    0    0    0 
   110:    0    0    0    0    0    0    0    0    0    0 
   120:    0    0    0    0    0    0    0    0    0    0 
   130:    0    0    0    0    0    0    0    0    0    0 
   140:    0    0    0    0    0    0    2   -1    0    0 
   150:    0   -1    2    0    0    0    0    0    0    0 
   160:    0    0    0    0    0    0    0    0   -1    3 
   170:    1    0    0    0    0    0    0    0    0    0 
   180:    0    0    0    0    0    0    0    0    0    0 
   190:    0    0    0    0    0    0    0    0    1    0 
   200:    0    0    0   -1    2    0    0    0    0    0 
   210:    0    0    0    0    0    0    0    0    0    0 
   220:   -1    1    9    1    0    0    1    1    1    1 
   230:    0    0    0    0    0   -1    0    0    0    0 
   240:    0    0    0    0    0    0    0    0    0    1 
   250:    1   -3    0    0    0    1    2    0    0    0 
   260:    0    0    0    0    0    0    0    0    0    0 
   270:    1    1    0    0   -2   -1   -3    0   -1    0 
   280:    0    2   -6    2   -3    3   -4    6   -1    1 
   290:    0    0    0    0    0    1   -1    0    1   -3 
   300:    1   -1   -1   -5    1    0   -2    2    2    0 
   310:    0    0    0    0    0    0    0    0    0    0 
   320:    0    1   -5    0   -5    5    0    1   -2   -1 
   330:   -7    1    0   -6    3   -5   -7   -1    0    5 
   340:   -7   -2   -6   -2    0    0    3   -4    7    1 
   350:   -3    0    0    1    3   -3   -1    0    2    2 
   360:    2    0    0    0    0    0    0    0    0    0 
   370:    0    0    0    0   -2   -5    5   -1   -5   -3 
   380:    1    5    2   -5    5   -6   -2    0   -5    1 
   390:    3    5   -1   -5    0   -1   -1    1    0    0 
   400:    0    1    0    1    0    0   -2    0    4    0 
   410:    0   -1    2    0    0    0    0    0    0    0 
   420:    0    0    0    0    0    0    3   -2    3   -2 
   430:    7    0    4   -8   -2   -8    1   -5    4    9 
   440:    4    1   -1    6    0   -1    0    7   -1    5 
   450:   -2   -3    0    0   -4    0    0    0    1    0 
   460:    1   -1   -1   -1    2    0    0    0    0    0 
   470:    0    0    0    0    0    0    0    3  -11    3 
   480:   -1   -2   -3    0   -4    0   -3    2    8    1 
   490:   -3    4    0    2    0    1   -3   -5   -3    0 
   500:    1    0    3   -1    1   -2    1   -1    1    0 
   510:    2   -1    2    0    0   -1    2    0    0    0 
   520:    0    0    0    0    0    0    0    0   -1    2 
   530:    1   -3   -1   -2    2    0    5    0   -1    1 
   540:    9    1    7   -1   -3   -1   -3    0   -1    2 
   550:   -4   -1   -3   -3    0   -3   -2    0   -5    1 
   560:    0    0    1    0    0    0    0   -1    2    0 
   570:    0    0    0    0    0    0    0    0    0    0 
   580:    2    3    1    1    2   -3    3   -1    1    9 
   590:    1    1    0    1    1   -3   -4    4   -2    0 
   600:    1  -10   -8    5    1   -1    0    3    0    4 
   610:   -2    1    1    0    0    0    0    0    0   -1 
   620:    2    0    0    0    0    0    0    0    0    0 
   630:    0   -1   -7   -1    0   -3    0   -2    2    9 
   640:   -2   -8    6    9    1   -2   -8    4    5    1 
   650:   -1    3    6   11    7   -2    6    3  -10   -9 
   660:    0   -2    4    3    0    0    0    0    0    0 
   670:    0   -1    2    0    0    0    0    0    0    0 
   680:    0    0    0    2   -1    0   -2   -6    1    3 
   690:   -3    7   -1   -4   -6   -1    0   -3    4    6 
   700:   27   13   -3    3   -3   -9   -4   -1  -13    0 
   710:    6    3   -5    1   -1   -2    0    0    0    0 
   720:    0    0    0   -1    2    0    0    0    0    0 
   730:    0    0    0    0    0   -4    2   -8    1    4 
   740:   -2    5   -4   -3   -1   -4    4  -11    1   11 
   750:   -1   -8   24   14   10   16   -9   12   12    7 
   760:    6   -3  -18   -6    1    0    0    9   -1    0 
   770:    0    0    0    0    0   -2    2    0    0    0 
   780:    0    0    0    0    0    0    0   -1    1    3 
   790:   -3    2    4    0    4    0    3    4    0  -13 
   800:   -1  -11   17    8   10   29    0    1   28   -5 
   810:  -13  -10    3    3   13   -3   -3    2    1   -7 
   820:    1    0    0    0    0    0    0   -1    2    0 
   830:    0    0    0    0    0    0    0    0    0    1 
   840:   -5    0    6   -1    2    4   -8   -4    4  -14 
   850:   13   -9   -3   -7   -4    9  -24   13  -15  -23 
   860:   11  -18   -1    7   17   -8  -23    7    2    5 
   870:   -2    1    1    0    0    0    0    0    0   -1 
   880:    2    0    0    0    0    0    0    0    0    0 
   890:    0    2   -2    0   -2   -2   -3    2    1    5 
   900:    3    2   -1    3    0    2   -1    3   11   -1 
   910:    6  -18   -4   -2    7   -2    9    1   16    2 
   920:    1   -1    0    8    0    0    0    0    0    0 
   930:    0   -1    2    0    0    0    0    0    0    0 
   940:    0    0    0    0   -6    0   -2    5   -4    2 
   950:    3   -7   -2   -1    3    0    0    1   -1   -8 
   960:    1    7  -11  -33  -19   13  -14   -6  -13    2 
   970:  -10    0   -2   -1   -1   -4    1    0    0    0 
   980:    0    0    0   -1    2    0    0    0    0    0 
   990:    0    0    0    0    0   -1    7   -4   -5   -2 
  1000:   -2    4    1    1    4    1   -3    1    0    3 
  1010:   -4   10   -5    2   -2    3   11   -5   -8    0 
  1020:    9   -6   -1    0   -2   -3    0    2    2    0 
  1030:    0    0    0    0   -1   -1    2    0    0    0 
  1040:    0    0    0    0    0    0    0    0   -2    4 
  1050:   -7    6   -1    1    0    2   -3   -2    1   -1 
  1060:    2    0   -1   -2    5    6    0   -1   -8    1 
  1070:   10   -5   -6    3   -5    2    1   -1    2    2 
  1080:    0    0    0    0    0    0   -1   -2    2    0 
  1090:    0    0    0    0    0    0    0    0    0    0 
  1100:   -1  -11    0   -1   -2    1    3   -2    3   -2 
  1110:    0   -2    3    2    3   -5   -5    2    4    2 
  1120:    2    0    0    8    0    0   -2    0   -2    1 
  1130:   -3    4    0    0    0    0    0    0   -1   -1 
  1140:    2    0    0    0    0    0    0    0    0    0 
  1150:    0    0   -3    3   -1    2    1   -4    1    0 
  1160:    6   -7    2   -2   -2   -1   -1   -4    1    1 
  1170:    0   -1    0   -4   -6   -2    1    4   -1    0 
  1180:   -4    0    3   -4    0    0    0    0    0    0 
  1190:   -1   -2    2    0    0    0    0    0    0    0 
  1200:    0    0    0    0    0   -1   -9   -4   -3    5 
  1210:    8   -3   -1    0    3   -1    0    4   -1   -3 
  1220:   -1   -1    2   -1   -1    1   -9    4    0    2 
  1230:    2    5   -2    0    0   -2    0    0    0    0 
  1240:    0    0   -1   -2    1    0    0    0    0    0 
  1250:    0    0    0    0    0    0    0   -5   -4    2 
  1260:   -3   -2   -4    2   -3    1   -4    2    4  -10 
  1270:    4    1    2    0    0    0    5    0    0    0 
  1280:   -3    0   -1    1    4    2    6    4    0    0 
  1290:    0    0    0    0   -1   -2    1    0    0    0 
  1300:    0    0    0    0    0    0    0    0    1    7 
  1310:   -1    2   -8    2    4    4    2   -2   -2   -1 
  1320:    5   10    4   -1   -6    0   -1    2    4    0 
  1330:    0   -1    3    6   -2    0    1    2    0   -1 
  1340:    0    0    0    0    0    0   -1   -2    1    0 
  1350:    0    0    0    0    0    0    0    0    0    0 
  1360:    0   -5    6   -2   -3    1   -8    3    1    0 
  1370:    5   -1    4    0    5   -7    4    2   -3    0 
  1380:   -1    0   -1   -1    2   -1   -3   -3    4    0 
  1390:    2    2    0    0    0    0    0    0   -1   -1 
  1400:    1    0    0    0    0    0    0    0    0    0 
  1410:    0    0   -1    6    3   -5   -2   -2    0    4 
  1420:    2    1   -5   -2   10    6   -3   -9    1    1 
  1430:    2    3   -3    0    0   -3    1    4    5   -4 
  1440:    0   -3    4    0    0    0    0    0    0    0 
  1450:   -1   -1    1    0    0    0    0    0    0    0 
  1460:    0    0    0    0    0   -3  -16   -3    8   -1 
  1470:   -1    8   -2   -1    0    2    4    1   -5    8 
  1480:   -1   -1   -9   -1    5    0   -1    3    2   -1 
  1490:   -2    4   -1   -1    7   -1    0    0    0    0 
  1500:    0    0   -1   -1    1    0    0    0    0    0 
  1510:    0    0    0    0    0    0    0    2    5    1 
  1520:    9   -4    4    0    6   -3  -10    3    2    2 
  1530:    0   -1    0    0    0   -1    1   -1    2   -5 
  1540:    5  -10   -7   -5    0   -3    2    0    0    0 
  1550:    0    0    0    0   -1   -1    1    0    0    0 
  1560:    0    0    0    0    0    0    0    0    0    0 
  1570:    8   -1    5   -4   -5    1   -1   -1   -3    1 
  1580:    6   -1    0   -2    3    0    0   -1   -1    0 
  1590:    0    0    1    1   -3   -1    6   -1    2    0 
  1600:    0    0    0    0    0    0   -1    0    1    0 
  1610:    0    0    0    0    0    0    0    0    0    0 
  1620:    0   -1    6    9    5    8   -1    0   -2   -7 
  1630:   -1   -9    0    5    5   -1   -1   -1    2   -4 
  1640:    0    4   -3    0    0   -1    1    0   -1    0 
  1650:    0    0    0    0   -1    0    0    0   -1   -1 
  1660:    1    0    0    0    0    0    0    0    0    0 
  1670:    0    0    0    4   -9    6    7   -8    1    7 
  1680:    0   15   -9   -5    5    5    3   -9   10   -3 
  1690:    4    4   -3   -1   -1    1    5    4   -2   -2 
  1700:    5   -3    0    0    0    0    0    0    0    0 
  1710:   -1   -1    1    0    0    0    0    0    0    0 
  1720:    0    0    0    0    0    1   17   -6   -4    6 
  1730:   -2    1   -8   -8    2    1    3   -6    2  -10 
  1740:    8    4   -8   -2    3  -10   -1   -6    2    5 
  1750:    5    6    5    4   -1    0    0    0    0    0 
  1760:    0    0   -1   -1    1    0    0    0    0    0 
  1770:    0    0    0    0    0    0    0   -3   -6   -5 
  1780:   15   -6    2   -1    7   -3    2   -4   16    6 
  1790:   -2    0    3    5   -5    5    0   -1    1   -4 
  1800:    2   -2   -2    3    7   -4    0    0    0    0 
  1810:    0    0    0    0   -1   -1    1    0    0    0 
  1820:    0    0    0    0    0    0    0    0    0    4 
  1830:   -1    6   -2   -1   -1   -3    1    5   -3   -3 
  1840:    1   -1    9    0   -4    2    2    1   -3    4 
  1850:    6   -3    7  -13    4    2    5   -1    0    0 
  1860:    0    0    0    0    0    0   -1   -1    1    0 
  1870:    0    0    0    0    0    0    0    0    0    0 
  1880:   -1   10   -4    2    1    3    5   -2  -10    4 
  1890:   -8    2    0    4    6    8    2   -5   -4    2 
  1900:    3    1   -9    4   -4   -6   -1    1  -10   -5 
  1910:    0    0    0    0    0    0    0    0   -1   -1 
  1920:    1    0    0    0    0    0    0    0    0    0 
  1930:    0    0   -1    7    1   -1   12    4    2  -12 
  1940:   13    8   -2    5   -2    5   11   -6    5    1 
  1950:    0   -2   -5    4   -5   -5    0   -3    3   -1 
  1960:    0    0    0    0    0    0    0    0    0    0 
  1970:    0   -1    0    0    0    0    0    0    0    0 
  1980:    0    0    0    0    1    1   -2  -12    1    6 
  1990:   -3   -2   -5  -10   -1   15   -5    3   -9    0 
  2000:   13   -1    1   -1    4    1   -4    6    1   -4 
  2010:   -9   -3   -4    0    0    0    0    0    0    0 
  2020:    0    0    0   -1    0    0    0    0    0    0 
  2030:    0    0    0    0    0    0   -2    1   -7  -12 
  2040:   -2   12  -10    8    1   -5    1    7   -5   -3 
  2050:    7   -4    9    3   12   -1    4   -3    8   -4 
  2060:    4   -3    1   11   -3   -2    0    0    0    0 
  2070:    0    0    0    0    0   -1    0    0    0    0 
  2080:    0    0    0    0    0    0    0    0    0  -11 
  2090:    3  -17    5   -2   -8   10  -12    5   -8    9 
  2100:   -1    5   15    5    2   -4    9   -1    3    2 
  2110:    1   10   -5   -3   -7    5    5    0    0    0 
  2120:    0    0    0    0    0    0   -1   -1    0    0 
  2130:    0    0    0    0    0    0    0    0    0    1 
  2140:   -6    6   -4  -10    9   -2    2   -4  -11    1 
  2150:    1    0   -9  -16   -6   -5   -9   -2   -3   -1 
  2160:   -2    1   -3    7    2   -4   -2    1   -7   -1 
  2170:    0    0    0    0    0    0    0    0    0   -1 
  2180:    0    0    0    0    0    0    0    0    0    0 
  2190:    0    0    4   -2    1   -2   -8  -15   -4   -1 
  2200:   -8    7   11  -13    2    6   -3    8   -4    3 
  2210:   12   -5    8    3   -3   -9    0   -4    1   -4 
  2220:    2    3   -1    0    0    0    0    0    0    0 
  2230:    0    0    0    0    0    0    0    0    0    0 
  2240:    0    0    0   -2    7   -1    7   -6    2   -8 
  2250:   -2   -7   -2    2    5   12   -4    4   -6    2 
  2260:    8   -4   15   11    7    4   -1   -3   -7    2 
  2270:    1   -1    0    0    1    0    0    0    0    0 
  2280:    0    0    0    0    0    0    0    0    0    0 
  2290:    0    0    0    0    0    4   -6    0    4    4 
  2300:    8    5    2   -4   -1   -5    2   -4   -4   -9 
  2310:   -1   -1   -9   -4   -2   12    4    7   -3    0 
  2320:    0    3    1    7    5   -6   -2    0    0    0 
  2330:    0    0    0    0    0    0    0    0    0    0 
  2340:    0   -2    0    3    8   -1    7   -1   -5   -2 
  2350:    1    4    0    4   -1   -2  -11    6   -1    4 
  2360:   -9   -7   -5   -8   -2   14    0   -3    2    1 
  2370:    5    5    1   -4    0    1    1    0    1   -1 
  2380:    0    0    0    0    0    0    0    0   -2   -1 
  2390:    2    8    2   -1    1    0    5   -3   -3    1 
  2400:   -4    2   -4   -2    3    1    1    0    2   -2 
  2410:    7   -5    2    2   -1    0   -1   -1    0    0 
  2420:    0    0   -2    0    0    0    0    2    0    0 
  2430:    0    0    0    3   -1    0    0    0    0    0 
  2440:   -1    0   -2    4    0   -2    0    1    0    0 
  2450:   -1    0    3   -1    0   -1    0    0   -2    2 
  2460:    0    0    6   -3    0    3    0   -1    0   -2 
  2470:    0   -1   -1   -1   -6    2   -2   -1   -1    4 
  2480:   -1    2    4    0    0    5   -1    0    0    0 
  2490:    0    3    2   -2    1   -4 
