     0:    0    0    0    0    0    0    0    0    0   -1 
    10:    0   -1    0    0    0    0    0    0    0    0 
    20:    0    0    0    0    0    0    0    0    0    0 
    30:    0    0    0   -1    0    0    0    0    0    0 
    40:    0    0    0    0    2    2    3   -1    0    0 
    50:    1    0    0    0    0    0    0    0    0    0 
    60:    0    0    0    0    0    0    0    0    0    0 
    70:    0    0    0    0    0    0    0    0    0    0 
    80:   -2    3    0    0    1   -2    0    1   -1    0 
    90:    1    0    0    0    0    0    0    0    0    0 
   100:    0   -1    1    0    0    0    0    0    0    0 
   110:    0    0    0    2    0    0    0    1    0   -3 
   120:    5    0   -1    0    0   -1    2   -1   -1    0 
   130:    0    0    0    0    0   -1    0   -1   -1   -1 
   140:    0    0    0    0    0    0    0    0   -1    1 
   150:    1    0   -1    0    0   -1   -1    0    2   -1 
   160:    2   -2   -1    2   -1    0    2   -1    1    2 
   170:    0    0   -1   -1    0    0    0    0    0    0 
   180:    0    0    0   -1   -1    0    0    2    1   -1 
   190:   -1    0    0    0    2    0    0    1    0    0 
   200:    0    2   -2    0    0    2    0    1    0   -2 
   210:   -2    2    1    0    0    0    0    0    0   -4 
   220:    0    2    0    2    0    1   -1   -1    1   -2 
   230:    0    2    1   -1   -1    0    0    1    1   -3 
   240:    0    1    0    0   -1   -3    2    2   -2    1 
   250:    0    0    0    0    0    2   -1    1    3   -1 
   260:    1   -1    1   -1    0   -1    0    0   -1   -2 
   270:    2   -1    0   -1    1    0    0    0    1    2 
   280:   -4   -1   -1   -3    0    1    0    0    0    0 
   290:   -2   -4    2   -2   -2    5   -4    1   -5    0 
   300:   -1    1    0    0    0   -2   -3    1    0    1 
   310:    2   -1   -1    1    1    0    1    3   -1    3 
   320:   -1    3    0    0    0   -1    1   -3    1    1 
   330:   -1    3    5   -2    1   -1    1   -1    0   -2 
   340:   -2    0    1    2   -1    1    0   -1    0    1 
   350:    1    0    0    0   -1    2    0    0    0    0 
   360:    0    2   -4    3   -1   -2    0    4   -2    2 
   370:   -1    0   -1    0    1    0    1   -3   -1    0 
   380:   -1    0    1    0   -1    1    0   -3    0    0 
   390:    1    2   -1   -2    0    0    0   -2    1   -3 
   400:    0    4   -3    3    1    0    3   -3    0    0 
   410:    0    0    0    0    1   -1    0    0   -1    0 
   420:    2   -2   -2    4   -3    1    0    0    0    1 
   430:    0    0    0    0   -3    1    0   -3    0    3 
   440:    0    0    0   -2   -1   -3    1    0    2   -2 
   450:    5    2   -3    0    0    0   -2    0    2    3 
   460:   -1    1    3    3    0   -2    0    0    1    1 
   470:   -2    0    0    2   -5   -4   12    1   -2    2 
   480:   -4    7    0   -5    1    1   -2   -2   -2    0 
   490:   -1    1    1    1    1   -3    0    2   -4    0 
   500:    1    0    0    0   -2    0   -3    1    0   -2 
   510:    5   -3   -1    1    0   -5   -2   -2    0    2 
   520:   -1    2   -7    3   -1    0    0   -1    2   -1 
   530:    3    1   -2   -1   -2    3    0    0    2   -1 
   540:   -1    1    0   -2    2   -1    1  -13   10   -5 
   550:    9   -9    4    0   -2   -1    0   -6    2    5 
   560:   -3    0   -1    3    0    0    1   -3    0    2 
   570:   -1    0   -3    0    2    0    0   -2    0   -1 
   580:   -1    0    8  -15   15    9   10    3   -2    1 
   590:   -4    2    0    1   -3   -2    1    1    1    0 
   600:    1    1    0    4   -3    1    0   -4    0   -1 
   610:   -1    0    1   -1   -2    2    2   -3    1   -6 
   620:    9   -4   -3   -2    6   -2    0    1   -1   -1 
   630:    0    2   -2    0    0    0    0    1    0    0 
   640:    0    2    0    0    1   -2    1   -1   -1    0 
   650:    1    0    0   -1    0   10    7   -4    5    2 
   660:   -2    1    0    1    0    0   -1    0    0   -1 
   670:    2   -3   -2    3   -1    0    1   -2    0    0 
   680:   -1   -1    0    0   -3   -1    0    2    0    1 
   690:   -7   18   -4    1    4   -4    1    1   -2   -1 
   700:    0    0    0   -1    2    0   -1   -1   -1    0 
   710:   -1    0   -1    0    3   -1    2    2   -2   -1 
   720:   -1    1    0    1    0    1   -3    7   -3    1 
   730:   -2   -2    4   -2   -1    0   -1   -2    1    1 
   740:   -1   -1   -2   -1    1    1   -1    0    0    0 
   750:    0   -1    2   -2    1    0   -2    0    0    0 
   760:    2   -1    1    1   -1    0   -1    0   -1    0 
   770:    2   -2    0    0    1    0   -1   -1    0    2 
   780:    0   -2    2   -1    1   -1   -2    1   -1    0 
   790:    0    0    0    0    0    0   -1   -2    0   -1 
   800:   -1   -1    1    1   -1    0   -1    1    0    1 
   810:    3    0   -1    2    1   -1    2    2   -1    0 
   820:    0   -3    1   -2    1    1    0    0    1   -1 
   830:    3    1    1   -1   -1    3    2    0   -1   -2 
   840:    0    1    0   -3    1   -1    1   -2   -3    0 
   850:    0    1   -2    1    0   -3    2    2   -2   -1 
   860:   -1   -1    0    0    0   -1    0    1    2    1 
   870:   -3    0   -1   -2    0   -1   -1    1   -3    1 
   880:    0    1    0    2   -3    0    1   -4    0    2 
   890:   -5    2    0    1    0    3   -6    1    0    0 
   900:    0    0   -1    2   -1   -1   -2    1   -3   -2 
   910:    3    2   -1    1    1    2    0    0    0   -1 
   920:   -1    1    0    1    1    1   -3    0    2   -1 
   930:    0    0    0   -2    0    0    0    0   -1   -4 
   940:    0    0    0    2    1    1   -2    1   -1   -1 
   950:    1    1    1    0    1    0    4   -1    1    0 
   960:    2    1   -3    3   -1    3    1   -3    0    2 
   970:    0    0    0    0   -1    1   -1    0   -2    0 
   980:   -1   -1   -2    0   -2   -3   -4    1    3   -1 
   990:    0   -3    0    0    0    0    3    0   -1   -3 
  1000:    2    1   -7   -4    1   -1    0    0    0    0 
  1010:   -2    2   -4    0    1   -1    0    3    0   -1 
  1020:    2   -2    0   -1   -1   -3    3   -2    5   -6 
  1030:    0    2    0    0   -6    1    0    0    1   -4 
  1040:    0   -1    0    0    0    0    0    2    0    1 
  1050:   -2   -2   -1    0    0    0    0   -1    4   -3 
  1060:    3   -3   -2    1    1    1    0   -1    1    1 
  1070:    1    0    4   -3   -3    1    0    0    0    0 
  1080:    0    0    0    0    0   -2    7   -5    0   -5 
  1090:    6    2   -3   -3   -7    1    3    1    0   -2 
  1100:    0    0    1    0   -3    3   -3   -1   -2   -2 
  1110:   -1    0   -1    0    0    0    0    0    0    0 
  1120:    0    0   -2    2    0    2   -2   -1    0    0 
  1130:   -3    2   -8   -1    1   -3    2    0   -2   -3 
  1140:   -1   -3    0    2    0    0    3   -2   -1    0 
  1150:    0    0    0    0    0    0    2   -1    2    1 
  1160:    1    2   -2    1   -2    1    1   -2   -1    3 
  1170:    6    2   -2    0   -1    2   -1    0   -1    0 
  1180:   -2   -1    3   -2    0    0    0    0    0    0 
  1190:    0   -1    0   -3    2   -2   -1    3   -3    2 
  1200:    1   -3    2    1    0   -3    0   -4   -2   -2 
  1210:    3    0   -2   -1   -2    0   -1    1   -1   -1 
  1220:    0    0    0    0    0    0   -1   -1    3   -1 
  1230:   -6    4    0    0    2   -3    1   -1    0    0 
  1240:    0    0    0    1    2   -2    1   -1    0    0 
  1250:    2   -4    0    0    0    0    0    0    0    0 
  1260:    0    1    4    1   -3   -1    5    2   -7    1 
  1270:    0    2    0   -3   -3    3   -2   -4    4    0 
  1280:    3   -2   -1    1   -2    0    0    1    0    0 
  1290:    0    0    0    0    0    0    1    2   -1    2 
  1300:    1    1   -1    5    2   -3    0   -2    2    0 
  1310:    0    4   -3    1   -2    3   -1   -2    2   -6 
  1320:   -2    2    0    0    0    0    0    0    0    0 
  1330:    0    0    0    0    1   -3   -2    2    0    0 
  1340:    0    0    0    0    0    0    0    0    0    0 
  1350:    0    0    0   -1    0    0   -1    0    0    0 
  1360:    0    0    0    0    0    0    0    0 
