     0:    0    0    1    1    0   -1    0   -2    0   -2 
    10:    1    1    1   -2    2    0    0    0    1    0 
    20:    0    2    0    0   -1    1    0    0    0    0 
    30:   -1    1    1    0    0   -1    0    1    0    0 
    40:   -1   -1    1    1    2   -2    0    0   -1    0 
    50:    1    0    0    0    0    0    0    0    0    0 
    60:    0    0    0    0    0    0    0    0    0    0 
    70:    0    0    0    0    0    0    0    0    0    0 
    80:    0    0    0    0    0    0    0    0    0    0 
    90:    0    0    0    0    1   -5    3    0   -2    5 
   100:   -2    0    0    0    0    0    0    0    0    0 
   110:    0    0    0    0    0    0    0    0    0    0 
   120:    0    0    0    0    0    0    0    0    0    0 
   130:    0    0    0    0    0    0    0    0    0    0 
   140:    0    0    0    0    0   -1    3  -10    1    0 
   150:   -2    7   -3    1    0    0    0    0    0    0 
   160:    0    0    0    0    0    0    0    0   -1    5 
   170:   -2    1    0    0    0    0    0    0    0    0 
   180:    0    0    0    0    0    0    0    0    0    0 
   190:    0    0    0    0    0    0    1   -1    3   -9 
   200:    1    0   -3    8   -2    1    0    0    0    0 
   210:    0    0    0    0    0    0    0    0    0    1 
   220:   -2   14   14   -6    2    0    2    1    1   -2 
   230:   -4    0    0    0    0    0    0    0    0    0 
   240:    0    0    0    0    0    0    0    0   -5    2 
   250:    0  -10    3   -4    2    1   -2    0    0    0 
   260:    0    0    0    0    0    0    0    0    0    0 
   270:   -1    2    0    3    3    4  -11    4  -12   -5 
   280:   -4   -7    6    8   -3    1    0    2   -8    2 
   290:   -2    1    0   -1    1    1    2   -2    5   -5 
   300:    1    2   -2   -1    4    1   -1    4   -3    0 
   310:    0    0    0    0    0    0    0    0    0    0 
   320:    0   -1    7    2   14   -2   -1    1   -7    5 
   330:   -2   -2    2   -3   -2    6    2   -5    4    5 
   340:  -11    5    6   -6    2    8   -6   -8   13   -7 
   350:    9  -11    1    1   -3    2   -1    1    2    2 
   360:   -3    0    0    0    0    0    0    0    0    0 
   370:    0    0    0    0    4   -5   -5    7    2   10 
   380:   -5    5   10    4    0   -5   -4    0    4   10 
   390:   10   -1   -4    4   -3   -5    5    4    3   -9 
   400:   -1  -10    4   -7    0   -1    1    4   -1    0 
   410:   -1    6   -3    1    0    0    0    0    0    0 
   420:    0    0    0    0   -1    3   -5    8   -1    6 
   430:   -8    6   -6    7    2   -7    7   -6    3    8 
   440:  -11   -1   10    2  -10   -7   11    8   -8   -7 
   450:   -2    5   -4    0    4  -11    3   -1   -1    5 
   460:    1   -1    0    5   -2    0    0    0    0    0 
   470:    0    0    0    0    0    0    3    2   -7   -3 
   480:   -4    3   -1   -7    8   -1    4   -6    3   -6 
   490:   -3   -9    1   -8    4   -5   13    6    5    1 
   500:   -5   -2    4   -3    2   -2    7   -1    2    1 
   510:   -2    1   -1    0   -2    6   -2    0    0    0 
   520:    0    0    0    0    0    0    0    0   -2   10 
   530:  -11    4   -2   -3   -6    8   -4    4   -6    0 
   540:    8    1    2   -2    0    5    1    0    1   -4 
   550:   -7    7    2    8    1   -7   -3    2   -7    6 
   560:   -2    2    2    1    0    0   -2    6   -1    0 
   570:    0    0    0    0    0    0    0    0    1   -2 
   580:    8  -10   -3   -2    3   -2    7   -9    5    2 
   590:    6   -8    9   -1    2   -3   -8    2   -8    5 
   600:    2   -2    9    3   -9   -4   11   -8    3    1 
   610:    3    1    3    0    1    0    0    0   -2    6 
   620:    0    0    0    0    0    0    0    0    0    0 
   630:    0   -3   11    1    5   -7   10  -11    9    5 
   640:  -14    7    5    7  -15   24   -3   -4   21    9 
   650:   13   -1    3   14   -9    2   -1  -11  -14   17 
   660:   -6    0    0   -5    0    0    0    0    0    0 
   670:   -2    6    0    0    0    0    0    0    0    0 
   680:    0    0    0    4   12   -2   -4   20   -3   -2 
   690:   11    2    7   -9  -20   18   -1  -10   21   23 
   700:   -6  -39  -15   23  -25    2   25   -7    5   14 
   710:   23  -16    8  -10    2    1   -1    0    0    0 
   720:    0    0   -1    5    0    0    0    0    0    0 
   730:    0    0    0    0    0    1    8   -5   13    1 
   740:    6   -2    0   10  -11   -8    8  -16   22  -10 
   750:  -22  -10   27  -43   45  -25  -22   41   -6   -3 
   760:   -3  -29   -2   22   -7   11   -9    0    0    0 
   770:    0    0    0    0   -2    5    0    0    0    0 
   780:    0    0    0    0    0    0    0    0   -2   10 
   790:   -7    7   17   -9    7    2    4    4  -15  -13 
   800:  -18   37   39  -43   54  -21  -20  -36  -26  -28 
   810:  -16    9   23   28   -3  -26   19  -12    4   11 
   820:    0    1    0    0    0    0   -2    5   -1    0 
   830:    0    0    0    0    0    0    0    0    0    5 
   840:   -1    1   -4   18    7   -2    3   -3    2   -1 
   850:   16  -12   11  -47   23  -29   -5   32  -46  -14 
   860:  -54  -31   51  -23    1   19    8   25   -9   -5 
   870:   -1    4    3    0    0    0    0    0   -2    5 
   880:   -1    0    0    0    0    0    0    0    0    0 
   890:   -1    3  -11    0   -5    2   -5   -4    6   -5 
   900:    5   -7    7    6  -29   29   -8   36  -33    9 
   910:   -5  -35  -61   31  -19   -5   -2  -20    9   -6 
   920:   -1    8   -7   18   -5    1    0    0    0    0 
   930:   -2    5    0    0    0    0    0    0    0    0 
   940:    0    0    1   -4    9    1    5   15  -16   -4 
   950:    0    5  -19    6   -3    8    0  -14    0  -26 
   960:   16    4   -9  -15   -7  -10  -47  -39    0   26 
   970:   -9   -7   -1   -9   -7   -8    4    0    0    0 
   980:    0    0   -1    4    0    0    0    0    0    0 
   990:    0    0    0    0    1   -3   10    1   -4   -4 
  1000:   -1   -2   -2    7   -2    0   -5   -4    0   -2 
  1010:   -2    9   -5    5   -8   14   12  -15   29   28 
  1020:   -4  -22    3    4   -2    8   -7    4   -9    1 
  1030:    0    0    0    0   -1    4    1    0    0    0 
  1040:    0    0    0    0    0    0    0   -1    0  -10 
  1050:   -6   -4   -4    2   -8    7  -12   -3    1   10 
  1060:   -3    1    3   -5   10   -3   -7   -3   -7   11 
  1070:  -22  -20  -12   29   -8    8    0   -1   10    4 
  1080:    3    0    0    0    0    0   -1    3    1    0 
  1090:    0    0    0    0    0    0    0    0    0    0 
  1100:   -2    4    0    4   -1   -5    6   -3    3   -6 
  1110:    2    3   -7   -4    3    2    0    8    3    5 
  1120:   -6   -3    1    5   -4   -1   -5   -1    4   -3 
  1130:    1    1   -7    1    0    0    0    0   -1    3 
  1140:    0    0    0    0    0    0    0    0    0    0 
  1150:    0    0    2    1    1   -5   -2   -3    3   -6 
  1160:   -1  -10    2   -9    3   -1   -8   -8   10   -1 
  1170:    0    1   -2    3   -6   11   -8    8   -2   13 
  1180:    5   -1   -1   -8    1    0    0    0    0    0 
  1190:   -1    2    1    0    0    0    0    0    0    0 
  1200:    0    0    0    0    1   -6    2    8  -12   10 
  1210:   -3   -7    5   -4    7    2    0    0    3    0 
  1220:    1   -1   -1    0   -1    2    9    7    9    0 
  1230:    1    9   -7    3    7    1    0    0    0    0 
  1240:    0    0   -1    2    2    0    0    0    0    0 
  1250:    0    0    0    0    0    0    2  -11   13   -5 
  1260:   -3   -1    0    0   -5   -8    3    5   -4   -1 
  1270:    6    6   -8   -1   -2   -3    0    0   -8    5 
  1280:    2    3   -3    3    0    1    9   -9    0    0 
  1290:    0    0    0    0   -1    1    2    0    0    0 
  1300:    0    0    0    0    0    0    0    0    2    8 
  1310:    4    4  -12   22  -11    7   -1   -1   -1   -2 
  1320:  -11   10    5    0  -13    2   -4   -1  -12    5 
  1330:   -5   -1    8   -6    0   -2   -3    4   -7    2 
  1340:   -1    0    0    0    0    0   -1    1    2    0 
  1350:    0    0    0    0    0    0    0    0    0    0 
  1360:   -2    1    2   -9   15    2    9    1   -3    5 
  1370:  -15   -7    4    2    6    8    3   -5    1    5 
  1380:   -2    7   -3    1   -3   -3   -9   -5    6   -1 
  1390:   -4    7   -2    0    0    0    0    0   -1    1 
  1400:    2    0    0    0    0    0    0    0    0    0 
  1410:    0    0   -1    9   -3  -12    1  -13    0   -3 
  1420:    2   -3    7   -2   -7  -11  -10  -10   -6   13 
  1430:   -1   12   -3    1    3   -4    3   -5   -1   -2 
  1440:   -3   -2    3   -3    0    0    0    0    0    0 
  1450:   -1    0    2    0    0    0    0    0    0    0 
  1460:    0    0    0    0    0   -3  -14   -1   -9   -5 
  1470:  -10    5    1    1    3    1   -4  -11    1   -2 
  1480:    2    0    1    1    9  -13   10    0    3   -8 
  1490:   -3    2  -10    8  -11    3   -1    0    0    0 
  1500:    0    0   -1    1    1    0    0    0    0    0 
  1510:    0    0    0    0    0    0    0    0    5   -1 
  1520:    3   -8    2   -7    9    2   -3   12   -9    8 
  1530:   -1    1   -2    1   -1    0   -2    5   17   -3 
  1540:   -3    0   -8   -1    1    9    4   -1    0    0 
  1550:    0    0    0    0   -1    0    1    0    0    0 
  1560:    0    0    0    0    0    0    0    0   -1    6 
  1570:  -10    4  -21   -9   10   20   -4    0    5   -7 
  1580:  -11   -5    7   -6    9    1    7    0    3    0 
  1590:   -1   -1    3    3    3   -3  -18    3    2    0 
  1600:    0    0    0    0    0    0   -1    1    2    0 
  1610:    0    0    0    0    0    0    0    0    0    0 
  1620:    0    5   -2   12  -15    2   -4    3    8    0 
  1630:    0   -1   -4   -5    2   -1   -1   13    4   -4 
  1640:    5   -1   -1   -1    0    0    0    0    2    0 
  1650:    0    0    0    0    1    0    0    0   -1    0 
  1660:    2    0    0    0    0    0    0    0    0    0 
  1670:    0    0    0    0    6   29    4    3    8    9 
  1680:    9    3    4    7  -17   20    7   -4   20  -15 
  1690:    3    4   -3   -5   -9    0  -14    4   -3   -1 
  1700:   -5    3    2    0    0    0    0    0    0    0 
  1710:    0   -1    3    0    0    0    0    0    0    0 
  1720:    0    0    0    0    0    3   -2   -2   -4  -11 
  1730:    1    5    0    2   16  -20   -3    9    0   10 
  1740:   -3   -6   -3    4   -7    6    6  -10  -18    2 
  1750:   12  -16   -3   -3    4    0    0    0    0    0 
  1760:    0    0   -1    0    3    0    0    0    0    0 
  1770:    0    0    0    0    0    0    1   -8   15  -28 
  1780:    4  -19    8   -2   -7  -10    9   -4    5   -6 
  1790:    9  -20    4    2    1   11  -10   -1  -16    6 
  1800:   -3   -4  -12    0   14  -10    9   -1    0    0 
  1810:    0    0    0    0   -1    0    2    0    0    0 
  1820:    0    0    0    0    0    0    0    0    0    1 
  1830:   20   -6   -8   -6    9   17   30   -5    5  -11 
  1840:    3   -3   20   -3    1   11    6    6  -12    3 
  1850:   -4   -5   -3    0   16   -8    4   -4    1    0 
  1860:    0    0    0    0    0    0    0   -1    3    0 
  1870:    0    0    0    0    0    0    0    0    0    1 
  1880:   -3    8  -18   23    3   -6    3    8   15  -14 
  1890:   -8  -13    8   -2  -16    2   16  -13    0  -12 
  1900:    7    3    1   -6  -12   -5   -8    4   -6   13 
  1910:   -3    1    0    0    0    0    0    0    0   -1 
  1920:    4    0    0    0    0    0    0    0    0    0 
  1930:    0    1   -3   17    2   26    9  -10   -3    9 
  1940:    6   -2   -6  -25   15   -6    3   25   -6   -6 
  1950:   -4  -25   -6    5    2    1   -8    8  -11   -6 
  1960:   -7    0   -1    0    0    0    0    0    0    0 
  1970:    0   -2    4    0    0    0    0    0    0    0 
  1980:    0    0    0    0   -1   14    6    6   -5  -27 
  1990:   21   -2    9  -23    5  -11   14  -21    1    8 
  2000:   10  -13   20  -23   -7    5   11    9  -23    0 
  2010:   -8    9   -7    0    0    0    0    0    0    0 
  2020:    0    0    0   -2    4    0    0    0    0    0 
  2030:    0    0    0    0    0    0    0    5  -11    7 
  2040:    1  -16    8    6    6   -7    2    6    8  -14 
  2050:   15  -13  -15  -19   17   -8    2   13  -16   15 
  2060:  -23   21   -3   -4  -10    9   -2    0    0    0 
  2070:    0    0    0    0    0   -3    4    0    0    0 
  2080:    0    0    0    0    0    0    0   -1    3  -12 
  2090:   19   30  -23  -24   -7    2    1   20  -16   15 
  2100:    2   -3   20  -17    4  -17   -1   -4   13   -5 
  2110:   18    1   -2    1   -7   22   -4    3   -1    0 
  2120:    0    0    0    0    0    0    0   -3    4    0 
  2130:    0    0    0    0    0    0    0    0    0   -1 
  2140:    3    0  -10   12    1  -13    0  -10    2    9 
  2150:    2   13    5  -15   -3   -5   10   -2   11    1 
  2160:    0   10   -6   -1    6  -12   25  -18  -10   12 
  2170:   -3    0    0    0    0    0    0    0    0   -3 
  2180:    4    0    0    0    0    0    0    0    0    0 
  2190:    0    1  -14   12   -3    9  -13    4  -13   -7 
  2200:    3   11   -1  -11  -22  -21  -28   15  -21   20 
  2210:  -11   12    1   -2  -11   10  -14    2    0   -4 
  2220:    0    6    0    0    0    0    0    0    0    0 
  2230:    0   -4    4    0    0    0    0    0    0    0 
  2240:    0    0    0   -3  -13   -2   -4  -16   -4  -16 
  2250:   17   15    5   11  -16    0  -11   14    1    8 
  2260:    0   12   -1   18   -4   -7   -6   19  -18   14 
  2270:    2    9   -7   -9    0    0    0    0    0    0 
  2280:    0    0    0   -4    4    0    0    0    0    0 
  2290:    0    0   -1    1    2  -10   -5   -6    9  -15 
  2300:   -3   -8   -1    6    2    9  -19    0  -13  -15 
  2310:   10    8    7    3   -4   12    2    0    3   13 
  2320:   -7   14   -6   10  -15   -8    5   -1    0    0 
  2330:    0    0    0    0    1   -5    5   -1    0    0 
  2340:   -2   17    0    8   -9   -5    9   -7   -2    4 
  2350:    7   -9    1   -6    8  -16   -3    4    1    0 
  2360:  -10   15    5   -2  -10  -12  -19    1    3  -15 
  2370:    8  -11  -11    6    0   -3    0   -3   -2    4 
  2380:    0    0    0    0    0    0    0   -4   -2    7 
  2390:   -4   10   -2    8    5   -7   -4    0   -9    8 
  2400:   -2   -7   -6    0    8   -2    6    0    8   -2 
  2410:  -12   10   -9    4    0    0   -2    0    0    0 
  2420:    1    0    2    0    2    1    1   -2   -1   -1 
  2430:    0   -1    0    2   -1    0    0    0    1   -3 
  2440:   -4   11  -12   10   -2    4    0   -2    0    0 
  2450:   -3    4    1   -6    3   -2    5   -3    7    0 
  2460:    0    2    2   -9    8   -4    2   -1    0   -7 
  2470:    1   -1    3   -7   14   -5    2    5    1   -8 
  2480:    0   -2   -7    0   -1    4   -4    5   -1    1 
  2490:    0   -1   -6   -1   -1   -4 
