     0:    0    0    1    1    1    1    1    0    0    0 
    10:    0    0    0    0   -1    0   -1   -2   -1   -1 
    20:   -1   -1   -2   -2   -1   -2   -2   -2   -3   -2 
    30:   -2   -3   -2   -2   -3   -3   -2   -2   -3   -3 
    40:   -2   -2   -3    1   -3   -2   -2   -2   -1   -2 
    50:   -2   -2    0    0    0    0    0    0    0    0 
    60:    0    0    0    0    0    0    0    0    0    0 
    70:    0    0    0    0    0    0    0    0    0    0 
    80:    0    0    0    0    0    0    0    0    0    0 
    90:    0    0    0    0   -1    1    0    0   -1    0 
   100:    0   -1   -1   -1    0    0    0    0    0    0 
   110:    0    0    0    0    0    0    0    0    0    0 
   120:    0    0    0    0    0    0    0    0    0    0 
   130:    0    0    0    0    0    0    0    0    0    0 
   140:    0    0    0    0    0    0    0    0    0    0 
   150:    0    0    0    0    0    0    0    0    0    0 
   160:    0    0    0    0    0    0    0    0    0   -1 
   170:    0    0    0    0    0    0    0    0    0    0 
   180:    0    0    0    0    0    0    0    0    0    0 
   190:    0    0    0    0    0    0    0    1   -1    1 
   200:    0    0   -2   -2    0    0    0    0    0    0 
   210:    0    0    0    0    0    0    0    0    0    0 
   220:    0   -1    1   -1    0    1    0    2   -2    4 
   230:    6    1    1    0   -1    0    0    0    0    0 
   240:    0    0    0    0    0    0    0   -1    2    3 
   250:    0    0    1    1    1   -1    0    0    0    0 
   260:    0    0    0    0    0    0    0    0    0    0 
   270:    1    2    3   -2    2    0   -1    3   -2    0 
   280:   -7    7   31   -9   16   -8    4   -4   -1    3 
   290:    0    1    0    1   -2   -1    2    0    0    0 
   300:    0    0    1    3   -1    0    0   -2    0    0 
   310:    0    0    0    0    0    0    0    0    0    0 
   320:    0    0    0    4    1   -1   -1    0    0    2 
   330:    0    0    4    4    7    5    0   -6   -5    3 
   340:    3    2   -5    2    1   -2   -2    2   -2   -1 
   350:    0   -1    0    0    0   -1    1    0    0    0 
   360:    0    0    0    0    0    0    0    0    0    0 
   370:    0    0    0    0   -3   -2    0    0    0    0 
   380:    1    1   -1    2   -3    0  -18    0  -12   -1 
   390:    0    2   -6    0    1    1    0   -1    1    1 
   400:    0    2    0    0    1    0    0   -2   -1    0 
   410:    1    0    0    0    0    0    0    0    0    0 
   420:    0    0    0    0    0   -2   -4   -5    2    0 
   430:   -1    1    0    0    2   -2    7    3   -5   10 
   440:    4   -7    2    2   -1   -2    0    1    3    1 
   450:    2    0    0   -2   -3    0    0    0    1    0 
   460:    0   -2    0    0    0    0    0    0    0    0 
   470:    0    0    0    0    0    0    0   -1   -1   -1 
   480:    2    2   -1    2    2    2    0    4    2   -2 
   490:    2    2    0    1    0    1    0    2    2    2 
   500:   -1    1   -1   -1    0    1    1    0    1   -1 
   510:    1    0    0    1    0    0    0    0    0    0 
   520:    0    0    0    0    0    0    0    0    0    3 
   530:    0   -1   -1   -1    1   -1    2    0    1   -1 
   540:    1   -3   -2    1    4    2   -2    1    1   -2 
   550:    1    0    2    0    3    0    1   -1   -1    0 
   560:    0    4    0    0    0    0    0    0    0    0 
   570:    0    0    0    0    0    0    0    0    0    0 
   580:   -1    0    2    2    3    0    2    0    1    3 
   590:    4    1    2   -2    1    2    1    0    2    2 
   600:    0    2    4    1    1    2    1    0    1    1 
   610:    0    0   -1   -2    0    0    0    0    0    0 
   620:    0    0    0    0    0    0    0    0    0    0 
   630:    0    0   -1   -3   -3    0    0    1    0    1 
   640:    0    5    1    3   -1    1   -1    1   -2    1 
   650:   -2    0   -1   -1   -3   -1   -1    0   -2    0 
   660:    1    0   -1    0    0    0    0    0    0    0 
   670:    0    0    0    0    0    0    0    0    0    0 
   680:    0    0    0    0    1    1   -1    4   -2    1 
   690:    0    0    1    0    0    4   -3    0    0   -3 
   700:    0    0   -3   -1    0   -1   -2    1    0    1 
   710:    0    1    1   -1   -2    1    0    0    0    0 
   720:    0    0    0    0    0    0    0    0    0    0 
   730:    0    0    0    0    0    0    3   -1   -2    1 
   740:   -1   -2    0   -1    0    4   -3    2   -3    0 
   750:    1   -1    0   -1    1   -1   -3    0   -3   -1 
   760:    0   -2    0   -1   -1    0   -1    1    1    0 
   770:    0    0    0    0    0    0    0    0    0    0 
   780:    0    0    0    0    0    0    0    0   -1    2 
   790:    2    0    0   -1    0    1   -2   -2   -1   -1 
   800:   -6    2   -2   -1   -2    0   -1   -1    1    0 
   810:   -1    2    0   -2   -1    1   -1    0   -1    1 
   820:    0    0    0    0    0    0    0    0    0    0 
   830:    0    0    0    0    0    0    0    0    0    0 
   840:    1    2    3    1   -3    0    0   -2   -1    0 
   850:    1   -1   -4    2    2    0    2   -3    0    0 
   860:   -1    1   -2    0   -2   -1   -1   -1   -2    0 
   870:    1    4   -1    0    0    0    0    0    0    0 
   880:    0    0    0    0    0    0    0    0    0    0 
   890:    0    0    0    1   -1   -1    1   -1    0   -1 
   900:   -2    0    0   -5    2    0   -1   -5    0   -4 
   910:    2    1    0   -1    0   -4    0    0    1    1 
   920:    1    1    2   -2   -1    0    0    0    0    0 
   930:    0    0    0    0    0    0    0    0    0    0 
   940:    0    0    0    0   -1    2    1    2    3    2 
   950:    0   -1    3    3   -1    4   -1    0    3    1 
   960:    1    1    0    0    1    2    3    2    3    0 
   970:    1    1    0    4    2    6    0    0    0    0 
   980:    0    0    0    0    0    0    0    0    0    0 
   990:    0    0    0    0    0    0    1    1    0   -2 
  1000:   -3   -4   -7    0    0   -3    2    0   -1    1 
  1010:   -5   -1   -3   -3   10   -1   -2   -1    1    2 
  1020:   -1   -3   -2   -1    1    1    2   -2   -1    0 
  1030:    0    0    0    0    0    0    0    0    0    0 
  1040:    0    0    0    0    0    0    0    0    0   -2 
  1050:   -5    0    3    3   -2    3    0    0   -1   -3 
  1060:    0    0    2    2    3    2  -17   -1    4    0 
  1070:    0   -1    0    5    0    0    2   -1    2    0 
  1080:    1    0    0    0    0    0    0    0    0    0 
  1090:    0    0    0    0    0    0    0    0    0    0 
  1100:    0   -2    5   -4    0    0   -2   -1    1   -3 
  1110:    2   -1   -1   -2   -6   -6   -8    6   10   -5 
  1120:   -4   -3   -1   -6   -5    0   -2   -4   -2   -2 
  1130:    1   -1    0    0    0    0    0    0    0    0 
  1140:    0    0    0    0    0    0    0    0    0    0 
  1150:    0    0    1   -2    0   -1   -2   -2   -3   -2 
  1160:   -1   -1   -1   -4   -5   -2    9   17    9   -7 
  1170:  -21    4    0    0    0  -10   -1    1    3   -8 
  1180:   -5    0   -2    3    3    0    0    0    0    0 
  1190:    0    0    0    0    0    0    0    0    0    0 
  1200:    0    0    0    0    0   -7   -3   -4    3   -7 
  1210:    2    0   -2   -5    4   -2    5    3  -19   -9 
  1220:  -13   -1   14   -9    0   -2   -6    1   -1    2 
  1230:   -1   -5    2   -2    4   -5    0    0    0    0 
  1240:    0    0    0    0    0    0    0    0    0    0 
  1250:    0    0    0    0    0    0    1   -2    3   -2 
  1260:   -8    2    3   -7    5   -3   -3   -1  -13   -6 
  1270:  -18  -10    9   -5  -18    3   10   -5   -1   -1 
  1280:   -2    1    3    2    1    2    0   -8    0    0 
  1290:    0    0    0    0    0    0    0    0    0    0 
  1300:    0    0    0    0    0    0    0    0    0   -4 
  1310:    0    3    6   -5    2    0   -2    4    6   18 
  1320:    9    9  -24   26    9   -2   11   -1   -7    3 
  1330:   -1    2    2   -1   -2    2   -3    4    0    7 
  1340:    0    0    0    0    0    0    0    0    0    0 
  1350:    0    0    0    0    0    0    0    0    0    0 
  1360:    0   -2  -17   -3   -3   -5    4    0   -1   -4 
  1370:    4   -3   -5   -2    3   10   12   -8   -5    7 
  1380:    9  -13   12   -1   -4    5   -4    0    9   -7 
  1390:    6   -2    0    0    0    0    0    0    0    0 
  1400:    0    0    0    0    0    0    0    0    0    0 
  1410:    0    0    0   -1    3    3    2   -9   -2    3 
  1420:    2    3    0   -3   -7    2    8   -5    4    6 
  1430:    9    2  -14   10   -8    3    2   -4    1   -1 
  1440:    6    3   -4    1    0    0    0    0    0    0 
  1450:    0    0    0    0    0    0    0    0    0    0 
  1460:    0    0    0    0    0   -1    0   -6   -1   10 
  1470:    4   13    6   -2   -2    0    2    0    6   -1 
  1480:    0   -1    2   -2    7   -2   10    1   -1    5 
  1490:   -3   -8   15   -7    6    1    0    0    0    0 
  1500:    0    0    0    0    0    0    0    0    0    0 
  1510:    0    0    0    0    0    0    0    0   -9  -11 
  1520:  -11   -9   -5    0  -10    6   16   20    0   -5 
  1530:    2   -5    0    1    1    0   -1    4    7   -8 
  1540:    3    1   17  -15    5  -12    1    0    0    0 
  1550:    0    0    0    0    0    0    0    0    0    0 
  1560:    0    0    0    0    0    0    0    0    0    1 
  1570:   -8    9    3    4    4   11   -1  -19  -12   -3 
  1580:   10    3   -6   -1    2    2   -6    1   -1   -2 
  1590:    1    0   -1    2   -1    1   -1    1    1    0 
  1600:    0    0    0    0    0    0    0    0    0    0 
  1610:    0    0    0    0    0    0    0    0    0    0 
  1620:    0    0    4   -5    7    1   -2   10    0    8 
  1630:   16    8   11   -6    0  -13   -6    9    9   -7 
  1640:    3    1   -3    2   -2    1    2    0    1    0 
  1650:    0    0    0    0    0    0    0    0    0    0 
  1660:    0    0    0    0    0    0    0    0    0    0 
  1670:    0    0    0    0    3    3    1   -3   -5   -8 
  1680:    3    5   18    4    9    5  -18   -3   14   10 
  1690:  -12   18   11  -25   -1  -20    2   13   -8  -18 
  1700:    5   -8   -1    0    0    0    0    0    0    0 
  1710:    0    0    0    0    0    0    0    0    0    0 
  1720:    0    0    0    0    0    0    7    3    9    6 
  1730:    1    3    2   -9    1   -4   -1  -12    1   -3 
  1740:   11  -14   14    9   -9    3   -7   14    5   -7 
  1750:   -8    3    1   12    3    0    0    0    0    0 
  1760:    0    0    0    0    0    0    0    0    0    0 
  1770:    0    0    0    0    0    0    0    1   -3   -1 
  1780:   -2   13    0   -8   -8    2   -3    4   -2    0 
  1790:    6   -8    3    3   16    3    4    3   -5   -9 
  1800:   -3    6   -6    0   -2    8    0    0    0    0 
  1810:    0    0    0    0    0    0    0    0    0    0 
  1820:    0    0    0    0    0    0    0    0    0    1 
  1830:   -1   -9    1    2    1    0   16    0   15   -4 
  1840:   -5    4   -9   -2    3    8  -19   -7   -5  -10 
  1850:    1   13    0   -9    7    3    2   -9    0    0 
  1860:    0    0    0    0    0    0    0    0    0    0 
  1870:    0    0    0    0    0    0    0    0    0    0 
  1880:    0   -1    7    9   -8   -1   -2   -1   -5   -5 
  1890:    3  -12    5   -5   -5    0    3    0   -5    7 
  1900:   -6   16   23    3  -23    0   -3   -6   -5    0 
  1910:    0    0    0    0    0    0    0    0    0    0 
  1920:    0    0    0    0    0    0    0    0    0    0 
  1930:    0    0    0   -1  -11    1    4   -1    2   -3 
  1940:   -4   -3  -14    1    0    2   -4    4    2    3 
  1950:   -4  -11    6   17    5   -4   -7  -10   -6   10 
  1960:    7    1    0    0    0    0    0    0    0    0 
  1970:    0    0    0    0    0    0    0    0    0    0 
  1980:    0    0    0    0    0    0    3    5   -7   -1 
  1990:   -7    2  -11  -16    9    2    5    7    0    3 
  2000:   -1   -5   -2   -2   11  -13    4    3   -7    8 
  2010:    3   -1    3   -1    0    0    0    0    0    0 
  2020:    0    0    0    0    0    0    0    0    0    0 
  2030:    0    0    0    0    0    0    0    0    1  -10 
  2040:    2   -6    7    6   -2    3   -3    5   -3   -7 
  2050:    8    2   -1    0    3   -1   -8    6   -4  -12 
  2060:  -11   -5   -6  -11    1    2    0    0    0    0 
  2070:    0    0    0    0    0    0    0    0    0    0 
  2080:    0    0    0    0    0    0    0    0    0   -2 
  2090:    5    5   -2    1    1   -7    0    7    6    9 
  2100:    0    3    1   -1    1    4   -4   -4    4   -2 
  2110:    3    2   13   22    2    5   12    8    0    0 
  2120:    0    0    0    0    0    0    0    0    0    0 
  2130:    0    0    0    0    0    0    0    0    0    0 
  2140:   -1   -6    5    5   -9    6   -7  -14   -1   -6 
  2150:  -13   -7    8   -7    1    5    0   -2   -1   -5 
  2160:    3   -1    1   -7    9   14    9   -1  -11   12 
  2170:   -1    0    0    0    0    0    0    0    0    0 
  2180:    0    0    0    0    0    0    0    0    0    0 
  2190:    0    1    4   -1    4    0   -1    7   -6    0 
  2200:   -1    5    7    3   13    5    2   -5    3   -2 
  2210:    5   -1   -6   11    1    3    6  -10  -17   -8 
  2220:    2   -7   -1    0    0    0    0    0    0    0 
  2230:    0    0    0    0    0    0    0    0    0    0 
  2240:    0    0    0    0   -2   -1    1    4   -1   -4 
  2250:    6    1  -10   -4   -4   -1   -3  -12   -5    2 
  2260:   -4    6  -13    4  -15    5  -10    1    3   -1 
  2270:  -11   -7    6    8   -4    0    0    0    0    0 
  2280:    0    0    0    0    0    0    0    0    0    1 
  2290:    1    0    2    1    1    9   -5    8    6   -2 
  2300:    5   -4  -23    0    9   -5    0   -2    7    6 
  2310:    2    2   10   -9   12   -4   -3   15  -14   12 
  2320:   -4    3  -12    1  -13   10   10    0    0    0 
  2330:    0    0    0    0    0    0    0   -1    0    0 
  2340:   -1    0    2    0   -1    2    0    1    1    5 
  2350:    3    5   -6    0   -3    4   -3   -4   -8   -5 
  2360:    0   -1   -6   -6   -2    1    7  -13    9   -9 
  2370:   -5    4   -7    3    1   -2    5    5   10    2 
  2380:    0    0    0    0    0    0    0    0    0   -1 
  2390:   -1   -1   11   -3   -2    0   -4   -4    2   -4 
  2400:   -1   -6   -4   -4    1   -4   -1   -2   -5    1 
  2410:    0   -2   -2   -1   -2   -2   -2   -4   -7   -2 
  2420:   -4   -1    0    6    8    5    5    4    3    5 
  2430:   -6   -9   -4    1    3    2    0    1    0    2 
  2440:    2    2    1    3    3    0    1    2    1    0 
  2450:    1    1    5    1    1    0    2    0   -4   -2 
  2460:    2    0    3   -1    0    1    2    2    2    2 
  2470:    2    1    0    1    3    4    5    4    2    1 
  2480:    5    2   -6   -8   -8   -8   -6   -2    1    3 
  2490:    5    5    2    1   -5   -2 
