     0:    0    0    0    0    0    0    0    0    0    0 
    10:    0    0    0    0    0    0    0    0    0    0 
    20:    0    0    0    0    0    0    0    0    0    0 
    30:    0    0    0    0    0    0    0    0    0    0 
    40:    0    0    0    0    0    0    0    0    0    0 
    50:    0    0    0    0    0    0    0    0    0    0 
    60:    0    0    0    0    0    0    0    0    0    0 
    70:    0    0    0    0    0    0    0    0    0    0 
    80:    0    0    0    0    0    0    0    0    0    0 
    90:    0    0    0    0    0    0    0    0    0    0 
   100:    0    0    0    0    0    0    0    0    0    0 
   110:    0    0    0    0    0    0    0    0    0    0 
   120:    0    0    0    0    0    0    0    0    0    0 
   130:    0    0    0    0    0    0    0    0    0    0 
   140:    0    0    0    0    0    0    0    0    0    0 
   150:    0    0    0    0    0    0    0    0    0    0 
   160:    0    0    0    0    0    0    0    0    0   -1 
   170:    0    0    0    0    0    0    0    0    0    0 
   180:    0    0    0    0    0    0    0    0    0    0 
   190:    0    0    0    0    0    0    0    0    0    0 
   200:    0    0    0    0    0    0    0    0    0    0 
   210:    0    0    0    0    0    0    0    0    0   -1 
   220:    2    0    0    0    0    0    0    0    0   -1 
   230:    0    0    0    0    0    0    0    0    0    0 
   240:    0    0    0    0    0    0    0    0    0   -1 
   250:    0    0    0    0    0    0    0    0    0    0 
   260:    0    0    0    0    0    0    0    0    0    0 
   270:    0   -1    0   -1    2   -1    0    0   -1    1 
   280:    2    0   -1    1    0    0    0    0   -1    0 
   290:    0    0    0    0   -1    0    0    0    0    1 
   300:    0    1    1    0   -1    0    0    0    0    0 
   310:    0    0    0    0    0    0    0    0    0    0 
   320:    0    2   -1   -4   -1    2   -2    0    0    4 
   330:   -1    0    0   -1    0    0   -1    0   -1    1 
   340:    2   -1    1    0    0    0    0    0    0    0 
   350:    0    0    0    0    0    0    0    0    0    0 
   360:    0    0    0    0    0    0    0    0    0    0 
   370:    0    0    0    0   -2    2    1    0   -2    0 
   380:    0    2   -2    1   -1    0   -1    1   -1    0 
   390:    1    2   -1    3   -2    1   -2    0   -1   -1 
   400:    1    2    0    0    0    0    0    0    0    0 
   410:    0    0    0    0    0    0    0    0    0    0 
   420:    0    0    0    0   -1    0    1    0    0    0 
   430:   -1   -1    0    0    0    0    0    0    2    0 
   440:   -1   -1    6   -5    0    0    1    0   -4    0 
   450:    1    2   -1    0    0    0    0    0    0    0 
   460:    0    0    0    0    0    0    0    0    0    0 
   470:    0    0    0    0    0    0    0    1    2    0 
   480:    1    0   -2    2   -1   -5    0    0    0   -1 
   490:    0    1    1    2   -4    1   -1    3   -3   -1 
   500:    0   -1    1    1    0   -1    1    0    0    0 
   510:   -1    0    0    0    0    0    0    0    0    0 
   520:    0    0    0    0    0    0    0    1   -2   -3 
   530:    4    1    4    1    2    1   -2    0    0   -2 
   540:   -1    0   -1   -1    0    0    3   -2    1   -1 
   550:    0    1    1    2   -1    2    1   -2    0   -1 
   560:    0    0    0    0    0    0    0    0    0    0 
   570:    0    0    0    0    0    0    0    0    0   -1 
   580:   -1    5    0    0   -2   -3   -2    0    2   -3 
   590:   -1    0    0   -1    0    0    0    0    0    1 
   600:    2    0   -2    0    0    1    2   -2    1    0 
   610:    0    0    0    0    0    0    0    0    0    0 
   620:    0    0    0    0    0    0    0    0    0    0 
   630:    0    2    3   -4   -4   -3   -2    0    1    1 
   640:   -3   -3    1    1    0   -1    0   -1    1    0 
   650:    0    1   -2    0    2    1   -1   -2    1    1 
   660:   -3    2    0    0    0    0    0    0    0    0 
   670:    0    0    0    0    0    0    0    0    0    0 
   680:    0    0    0   -1   -3    1    3    2    0    0 
   690:    0   -1    2    2    0   -1   -1   -1    1    0 
   700:    0   -1   -1    0    1    0    0    0   -1    0 
   710:    1   -1    0    0    0    0    0    0    0    0 
   720:    0    0    0    0    0    0    0    0    0    0 
   730:    0    0    0    0    0    0    3    0   -1   -1 
   740:    0   -2    0    2   -1   -1   -1    0    2    0 
   750:    0    1    0    1    0    1    0    0    0    1 
   760:    0    0    0    2    0    0    0   -1    0    0 
   770:    0    0    0    0    0    0    0    0    0    0 
   780:    0    0    0    0    0    0    0   -1   -1   -1 
   790:   -1   -1    1    1    0   -1    3   -1   -1    0 
   800:    0   -1    0    0    0    0    0   -1    0   -1 
   810:    0    0   -1    0    0   -1   -3   -2   -1    1 
   820:    0    0    0    0    0    0    0    0    0    0 
   830:    0    0    0    0    0    0    0    0    0    0 
   840:    0    4    1    1   -2    0    1    1   -1    2 
   850:   -1    0   -1   -1    0    0    1    1   -1    1 
   860:    0    0    1    0    0    0    1    1    0    1 
   870:    0    0    0    0    0    0    0    0    0    0 
   880:    0    0    0    0    0    0    0    0    0    0 
   890:    0   -2    1   -2    2   -3    3   -2    0    0 
   900:    0   -1    2   -2    1    0   -2   -1    1    1 
   910:    0    0    0    1   -1    0    1    0    0    1 
   920:    1   -4    0    0    0    0    0    0    0    0 
   930:    0    0    0    0    0    0    0    0    0    0 
   940:    0    0    0    0   -2    0   -1    2   -2    1 
   950:   -1    1    0    2   -2    2   -1    1   -1    1 
   960:    1    1    0    1    0   -2    1    1    0    0 
   970:    2    0    1    1   -1    1    0    0    0    0 
   980:    0    0    0    0    0    0    0    0    0    0 
   990:    0    0    0    0    0    0   -1    0    1   -1 
  1000:    1   -1    0    0    1   -1   -2   -1    1    0 
  1010:    0   -1   -1    1   -1    0    2    0   -1    0 
  1020:    0   -1   -2    1    0    1   -1    0    0    0 
  1030:    0    0    0    0    0    0    0    0    0    0 
  1040:    0    0    0    0    0    0    0    0   -1    0 
  1050:    0    1   -1    4    2   -2    1   -3    1    2 
  1060:    1   -1    0    1   -1    0    1   -2    1    0 
  1070:   -1   -2    2    0    2    1    0    2   -1    0 
  1080:    0    0    0    0    0    0    0    0    0    0 
  1090:    0    0    0    0    0    0    0    0    0    0 
  1100:    0   -2    0    0    0   -1    1    0   -1    1 
  1110:   -1    0   -2    0   -1   -1    0    1    0   -3 
  1120:    1   -1    2   -1    0   -1   -1   -2    0    1 
  1130:    0   -1    0    0    0    0    0    0    0    0 
  1140:    0    0    0    0    0    0    0    0    0    0 
  1150:    0    0   -2    2    0   -1    1   -1    0    1 
  1160:    0    0    2   -1    0    0   -1    0   -1   -1 
  1170:    0    1    0   -2    0    0    1    1    0    0 
  1180:    2   -1    0    0    0    0    0    0    0    0 
  1190:    0    0    0    0    0    0    0    0    0    0 
  1200:    0    0    0    0    0    0    1    1    1   -2 
  1210:    0    3   -2   -1    0   -1    1    0    0    0 
  1220:    0    1    0   -1    1    2    0   -4    0    0 
  1230:   -1    0    0    0    0   -1    0    0    0    0 
  1240:    0    0    0    0    0    0    0    0    0    0 
  1250:    0    0    0    0    0    0    0    1   -1    1 
  1260:   -1    1    0   -1    0    0   -1    2   -2    2 
  1270:    1    0    0    0    0   -1    3    1    0    1 
  1280:    3   -2    0    0    1    1    1    0    0    0 
  1290:    0    0    0    0    0    0    0    0    0    0 
  1300:    0    0    0    0    0    0    0    0    0   -1 
  1310:   -1    2    0   -1    0    1   -1    0    0   -1 
  1320:    2   -2    1   -1    0    1   -1    0    0    0 
  1330:   -1    0   -4    0   -1   -1    0   -2   -1    0 
  1340:    0    0    0    0    0    0    0    0    0    0 
  1350:    0    0    0    0    0    0    0    0    0    0 
  1360:    0   -1   -1    2    0   -1    0    0   -1   -1 
  1370:   -1   -1    0    1    0    0   -1    0    0    1 
  1380:    0   -1    0    0    1    0    0    0    0    1 
  1390:    1    0    0    0    0    0    0    0    0    0 
  1400:    0    0    0    0    0    0    0    0    0    0 
  1410:    0    0    0    1    2   -3    2   -1    4   -2 
  1420:    2    1   -1    1   -1    0    0    0    0    1 
  1430:   -1    0    1    2    0    0    0    0    0    0 
  1440:    2   -1    0    0    0    0    0    0    0    0 
  1450:    0    0    0    0    0    0    0    0    0    0 
  1460:    0    0    0    0    0   -2    3    2    0   -3 
  1470:    0    2   -2    0    0    0   -1    0    0    1 
  1480:   -1    1    0    0   -2    1    1    0    0    1 
  1490:    0    1    1   -1    0    0    0    0    0    0 
  1500:    0    0    0    0    0    0    0    0    0    0 
  1510:    0    0    0    0    0    0    0    0   -1    1 
  1520:    2    1   -2    1    0   -2   -1   -1    1   -1 
  1530:    0    0    0    0    0    0    0    0    0   -1 
  1540:    1    2   -1   -1   -1   -1    0    0    0    0 
  1550:    0    0    0    0    0    0    0    0    0    0 
  1560:    0    0    0    0    0    0    0    0    0   -1 
  1570:    1    0    1   -2   -1    2   -1    1   -1    1 
  1580:    0    0    0   -1    0    1    0    0    0    1 
  1590:    0    0    0    1    0    0    0    0    0    0 
  1600:    0    0    0    0    0    0    0    0    0    0 
  1610:    0    0    0    0    0    0    0    0    0    0 
  1620:    0    2    0   -1   -3    2   -1    1   -2    0 
  1630:    0    0    1    0   -1    1   -2    0    0    1 
  1640:   -1   -1    1    0    0    0    0    0    0    0 
  1650:    0    0    0    0    0    0    0    0    0    0 
  1660:    0    0    0    0    0    0    0    0    0    0 
  1670:    0    0    0    1   -3    0   -1   -1   -2    1 
  1680:    1    0   -1   -3    2   -1   -1    1    1    0 
  1690:    1   -1   -1    2   -2    0    1    0    2   -1 
  1700:    0    0    0    0    0    0    0    0    0    0 
  1710:    0    0    0    0    0    0    0    0    0    0 
  1720:    0    0    0    0    0    0    1    0    0    1 
  1730:    0   -1    0   -1    0    0    1    1   -2    1 
  1740:    0    0   -1   -2    1   -1    0    0    1    0 
  1750:   -2    1   -3    0    0    0    0    0    0    0 
  1760:    0    0    0    0    0    0    0    0    0    0 
  1770:    0    0    0    0    0    0    0    0    1    1 
  1780:   -1   -2   -1    1    0    0   -1    0   -2    1 
  1790:    0    0   -1   -2    3    0   -2    2    0    0 
  1800:    2    0    2   -2    1   -1    0    0    0    0 
  1810:    0    0    0    0    0    0    0    0    0    0 
  1820:    0    0    0    0    0    0    0    0    0    0 
  1830:    0   -1   -1   -1    0   -1   -1    0    0   -1 
  1840:    0    0    2    1    1    0    0    1    0   -1 
  1850:    0    0   -1    1   -1    0    1    0    0    0 
  1860:    0    0    0    0    0    0    0    0    0    0 
  1870:    0    0    0    0    0    0    0    0    0    0 
  1880:    0    1   -2    2    3   -1   -2   -2    3    0 
  1890:    0    1   -3    2   -1    1   -1    3   -3    1 
  1900:    1   -1    1    1   -1    0    0    1    0    0 
  1910:    0    0    0    0    0    0    0    0    0    0 
  1920:    0    0    0    0    0    0    0    0    0    0 
  1930:    0    0    0   -1    1   -2    0    1   -1    2 
  1940:   -1    0    1   -2    2    1    4    0    3   -2 
  1950:    1    0    0    2   -2    0   -1    0    0    1 
  1960:   -1    0    0    0    0    0    0    0    0    0 
  1970:    0    0    0    0    0    0    0    0    0    0 
  1980:    0    0    0    0    0    2   -5    1    0   -1 
  1990:   -1    1    0    0   -1    1   -3    4   -2    0 
  2000:    0   -1    0   -2    0   -3    1    0    2    0 
  2010:    0   -1    0    0    0    0    0    0    0    0 
  2020:    0    0    0    0    0    0    0    0    0    0 
  2030:    0    0    0    0    0    0   -2   -2    3    0 
  2040:    0    0    1    1   -2   -1    2    0   -1    0 
  2050:   -2    2    0    1    0    1    0    1   -1    1 
  2060:    0    2   -2    1    0    0    0    0    0    0 
  2070:    0    0    0    0    0    0    0    0    0    0 
  2080:    0    0    0    0    0    0    0    0    1    2 
  2090:    0    1   -2   -1    0    0    0   -2    0   -2 
  2100:    0    2    1   -1    2   -1   -1    2    0   -1 
  2110:    1   -2    1   -2    3    0    0    0    0    0 
  2120:    0    0    0    0    0    0    0    0    0    0 
  2130:    0    0    0    0    0    0    0    0    0    0 
  2140:   -1    0    1   -1    1   -1    0    0    1   -2 
  2150:   -1    1    0    2    0    1   -1   -2   -1    2 
  2160:    0    0    2    0    2   -2   -1   -1   -1    0 
  2170:    0    0    0    0    0    0    0    0    0    0 
  2180:    0    0    0    0    0    0    0    0    0    0 
  2190:    0    0   -1   -1    1    0    2    0    0    0 
  2200:    0    1    0    0   -1   -1    0    0    0   -2 
  2210:   -1    1    0   -1   -3    2    0   -1   -1    3 
  2220:   -1    0    0    0    0    0    0    0    0    0 
  2230:    0    0    0    0    0    0    0    0    0    0 
  2240:    0    0    0   -1    1    1    0    0   -3    1 
  2250:    0   -1    2   -1   -3    2    1   -1    0    1 
  2260:   -1    1   -1   -1    1    1   -2    0    0   -1 
  2270:   -1    0    0    0    0    0    0    0    0    0 
  2280:    0    0    0    0    0    0    0    0    0    0 
  2290:    0   -1    1    0    0    1    0    3   -1   -1 
  2300:   -2   -1    0    1   -2    0    1    0   -1    2 
  2310:   -1    2    2    1    0   -1    1    0   -2    0 
  2320:   -1   -1    0    0   -1   -2    0    0    0    0 
  2330:    0    0    0    0    0    0    0    0    0    0 
  2340:    0    0    0    1    0    0    2    2    1    1 
  2350:   -1    1    0    0    1   -3    0    2   -1    1 
  2360:   -2   -1   -1   -2   -1    2   -1    0    0    1 
  2370:   -1   -1    0    0    1   -1    0    0    0    0 
  2380:    0    0    0    0    0    0    0    0    0    0 
  2390:    0    0    0   -1    1   -1    1    0    0    0 
  2400:   -1    0    1   -1    1    0    0    0    0   -1 
  2410:    1    0    0    0    0    0    0    0    0    0 
  2420:    1    0    0    0    1    0    0    0    0    0 
  2430:    0    0    0    1    0    0    0    0    0    0 
  2440:    0    1    0    0    0    0   -1    1    0   -1 
  2450:    0    0   -1    0    0    0   -1    0    0    0 
  2460:    0    0    0    0    0    0    0    0    0    0 
  2470:    0    0    0    0    0   -1    0    0    0    0 
  2480:    1    0    0    0    0    0    0   -1    0    0 
  2490:    0    0    0    0    0    0 
