     0:    0    0    0    0    0    0    0    0    1    0 
    10:    1    1    0    0    1    0    0    0    0    0 
    20:    0    0    0    0    0    0    0    0    0    0 
    30:    0    0    0    0    0    0    0    0    0    0 
    40:    0    0    0    0    0    0    0    1    0    0 
    50:    0   -1    1   -1    0    0    0    0    0    0 
    60:    0    0    0    0    0    0    0    0    0    0 
    70:    0    0    0    0    0    0    0    0    0    0 
    80:    0    1    0   -2   -1    2    1    0    1   -1 
    90:    1   -1    0    0    0    0    0    0    0    0 
   100:    0    0    0    1   -1    0    0    0    0    0 
   110:    0    0    0    0    0    0    1    0    0    0 
   120:    0    1    0   -2   -1    0    1    0    0    0 
   130:   -1    1   -1    0   -1    0    0    0    0    0 
   140:   -1   -1    0    0    0    0    0    0    0    0 
   150:    0    0    0   -1    0    0    0    1   -1    0 
   160:   -1    2    0    0    0    0   -1    0    0    0 
   170:    0    1    0   -1   -1    0    1    0    1    1 
   180:    0    0    0    0    0    0    0    0    0    0 
   190:    2   -2    2    1   -2    1   -1    0    0   -1 
   200:    0    0    0    0    0   -1    0    1    0    0 
   210:    1    1    0    0    0   -1    0   -1    0    0 
   220:    0    0    0    0    0   -1   -1    1   -1   -1 
   230:    0    0    1    1    0    0    1    0    0    0 
   240:    0    0    1    0    0    0   -1    0    0    0 
   250:    1    1    0    0    0    0    0    0    0    0 
   260:    0    0    0    0    0   -1    1   -2    1   -1 
   270:    0    0    1    1   -1    0    1   -2    0    0 
   280:    0    1    1    1    0    0    0    0   -1    0 
   290:    2    1   -1    0    0    0    0    0    0    0 
   300:    0    0   -1    1    0    0    1   -1    2    0 
   310:   -1    0   -1    0    0   -1    0    0   -1    0 
   320:    1    0    0    1    0    0    0    0    0    0 
   330:    0    0    0    0    0    0    0   -1    1   -1 
   340:   -1   -1    0    2   -1    2   -3    3   -1    1 
   350:    0    1    0   -1    0    0   -1   -1   -1   -1 
   360:    0    1    0    0    0   -2    1    0    0    0 
   370:    0    0    0   -1    0    1   -1    0    0    0 
   380:   -1    0    0    0    0    0    0    1    0   -1 
   390:    0    0    0    0    1    1    0   -1    1   -1 
   400:    0    0    0    0   -1    0    0    0    0    1 
   410:    0    0   -1    1    0    0    0   -1    0    1 
   420:    0   -1    1    0    0    1    1    0    0    0 
   430:    0    0    0    0    0    0    0   -1    0    0 
   440:    0    1    0    0    0    0    0    1   -1    1 
   450:    0    0   -1    0    0    1    0    0    0    0 
   460:   -1    0   -1    0    0    0    0    1    0    0 
   470:    0    0    2    0    1    0    0    0    0    1 
   480:    0    0    1    0    0    1    1   -1    0    0 
   490:    0    0    0    0    0    0    0    0    0    0 
   500:   -1    0   -1    0   -1    0   -1    0    1   -1 
   510:    1    0    0    0    0   -1   -1    0    0    0 
   520:    0    0   -1    0    0    0    0    0    0    0 
   530:    0    0    0   -1    0    0    0    0    0    0 
   540:    1    0    0    0    1    0    0    2   -1    1 
   550:   -1    1   -1    1    0    0   -1    0   -1    0 
   560:   -1    0    0    0    0   -1    0   -1    0    0 
   570:   -1    0    0    1    0   -1    1    0    0   -1 
   580:   -1    0   -1   -1    0   -1    1   -1    0    0 
   590:    0    0    0   -2    0   -1    0   -1   -1    0 
   600:    0    0   -1    0    0    1    0    0    0    0 
   610:    0    0    0    0    1   -1    0    2    0    1 
   620:   -1    1    0   -1    1   -1    1    0    0    0 
   630:    0    1    1    1    1    0    1    0    0    0 
   640:    0    1    1    0    0    1    0    0    0    0 
   650:    0   -1    2   -1    0    0   -1    1   -1    0 
   660:    0   -1    0    0    1    0    0    0    0   -1 
   670:    0    0    1    0    1    0   -1   -1    0    1 
   680:    2    1    2   -1    1   -1    0   -1    0   -1 
   690:    0    1   -1   -1    0    0    0    0    0    0 
   700:   -1    1    0    0   -1   -1    0   -1    1    0 
   710:    0   -1    0    0    1   -1    0    0    0    1 
   720:   -2    1    1    0    0    0    0    0   -1    1 
   730:    1    0    0   -1   -1    1    1    0    0    0 
   740:    0    0    0    0    0    0    0    0    0    0 
   750:    3    1    0   -2    0   -1   -3    2   -1   -1 
   760:    1   -1   -1    0   -1    0    0    1    0   -1 
   770:    0   -2    1    0    0    0    0    0    0    0 
   780:    2    0   -1    0    0   -1    0   -2   -3   -1 
   790:    3   -1    0   -1    1   -2    1    0    0   -1 
   800:    0    0    0   -1   -1    0    1    0    1   -1 
   810:    1   -1    0    0    0   -1    0    0   -1    0 
   820:    0    1   -1    0    0    2    0   -1    0    0 
   830:   -1   -1    0    0    1    1   -1    0    0    0 
   840:    0    1   -1    1   -2    0   -1    1    0    0 
   850:    0    0    0    1    1    1    0    0   -1    0 
   860:    0    1   -2    2    0    0    0    0    0    0 
   870:    1    0   -1    0    0    0    0    0    0    0 
   880:   -1    1   -1    0   -2    0    0    0    0    0 
   890:   -1    0    0    1   -1    1    0    1    1   -1 
   900:   -1    1    0    1   -1    0    1    0    1    1 
   910:    0    0    0   -1    0   -1    0    0    0    0 
   920:    0    1    0    0    0    0    0    0    1    0 
   930:    0    0    1    0    0    1    1   -1    0   -1 
   940:    0    1   -1   -1    1    0    0    0    0    0 
   950:    1    1    0    0    0    0    0    0    0    0 
   960:    0    0    0    0    1    0    0    0    0    1 
   970:   -2    0    1    0    0    0    0    0    0    1 
   980:    1    0    1    0    0    0    0    0   -1    0 
   990:    1    0    0   -1    0    1    0    0    0    0 
  1000:    0    0    1   -1    0    1   -1    2    0    0 
  1010:    0    1   -1    1   -1   -1   -1    0    2    0 
  1020:    0    1    1    0    0    0    0   -1    0    0 
  1030:    1    0    1    0    0    0    0    0    0   -1 
  1040:    1    0    1    0    0    0    0    0    0   -1 
  1050:   -1    0   -1    0    0    0    0   -1    0   -1 
  1060:    0    0    0    0    1    1    1   -1    0    0 
  1070:    0    0    0    0    0    0    0    0    0   -1 
  1080:   -1   -2    0   -1    0    0    2    0   -1    1 
  1090:   -1   -1   -1    0    0    0    0    0   -1    1 
  1100:    0    0    0   -1    0   -1    0    0    0    0 
  1110:    0    0    0    0    0    0    0    1   -1    0 
  1120:   -1   -1    1   -1    1   -2    1    0    0    2 
  1130:    1    0    0    0    0    1    1   -1    1    0 
  1140:    0    0    0    0    0    0    0    0    0    0 
  1150:    0    0    0    0    1   -1    0    2    0    1 
  1160:    0    0   -1    0    0   -1   -1    0    0    0 
  1170:    0    0    0    0    0    0   -1    0   -1    0 
  1180:    0    0    0    0    0    0    0    0    0   -1 
  1190:    0    0    0    0    0    0   -1    0    0    0 
  1200:    0    0    0    1   -2    1    0    0    1    0 
  1210:    1    0   -1    0    1    0    0    0    0    0 
  1220:    0    0    0    0    0    1   -1    2    1    0 
  1230:    1    0    0    1   -1    1    0    0    1    0 
  1240:    0    0    0   -1    1   -1   -1   -1    1    0 
  1250:    0   -1    0    0    0    0    0    0    0    0 
  1260:    0    0    0    1    0   -1    0    0    0   -1 
  1270:    1   -1    0    0    0    1   -1    0    0    0 
  1280:    1   -1    0    0    1   -1    0    0    0    0 
  1290:    0    0    0    0    0    0    0    0    0   -1 
  1300:    0    0    2   -1    0    0    1   -1   -1   -1 
  1310:    1    0    1    0    0    0    0    0   -1    0 
  1320:    0    0    0    0    0    0    0    0    0    0 
  1330:    0    0    0    0    0    0    0    0    0    0 
  1340:    0    0    0    0    0    0    0    0    0    0 
  1350:    0    0    0    0    0    0    1    0    0    0 
  1360:    0    0    0    0    0    0    0    0    0 
