     0:    0    0    0    0    0    0    0    0    0    0 
    10:    0    0    0    1    0    0    0    0    0    0 
    20:    0    0    0    0    0    0    0    0    0    0 
    30:    0    0    1    1    0    0    0    0    0    0 
    40:    0    0    0    0    0    2    0    3    2    0 
    50:   -2   -1    0    0    0    0    0    0    0    0 
    60:    0    0    0    0    0    0    0    0    0    0 
    70:    0    0    0    0    0    0    0    0    0    0 
    80:    0    0    0   -2    0   -1   -1    0    1    1 
    90:    1    0    0    0    0    0    0    0    0    0 
   100:    0    0    0    0   -1    0    0    0    0    0 
   110:    0    0    0    0    0    0    0    0    0    0 
   120:    2    1    0   -2    0    0    1    0    0    1 
   130:    0    0    0    0    0    0    0    0    0    0 
   140:   -1    2    2    0    0    0    0    0    0    0 
   150:    0    0    0   -1    1    0    1    0    0   -1 
   160:   -1   -2   -2   -1    0    0   -1    0    1    0 
   170:    0    1    0    0    2    2    1   -2   -2   -1 
   180:   -1    0    0    0    0    0    0    0    0    0 
   190:    1    0   -1    0   -1    1   -1    0    0   -1 
   200:    0    0   -1   -1    0   -1    0    1    1    0 
   210:    0    2    0    1    0    0   -1   -1    0    0 
   220:    0    0    0    0    0    0    0    1    0   -2 
   230:    0    0   -1   -1    0    0    0    0    1    0 
   240:    0   -1    0   -1    0    0   -1   -1    0    0 
   250:    2    1    1    1   -2   -1    0    0    0    0 
   260:    0    0    0    1    0   -1    0    0    0    1 
   270:    0    0    1   -1   -1    1    0    0    0    0 
   280:    1    0    0    0    0    0    0    1    2    0 
   290:    0   -2   -3    0    0    0    0    0    0   -1 
   300:    0    1    0   -2   -1    1    2    0    0    0 
   310:    2    0    0    0    0   -1    0    1    0    0 
   320:    0   -1   -1   -1    1    2    1    2    2   -1 
   330:    0    0    0    0    0   -1    1   -2    1   -1 
   340:   -3    2    2    0    0    0    1    0    2    2 
   350:    0    0    0    0    1    1    0   -1    0    0 
   360:    0    2    1   -1   -1    0   -2    0    0    0 
   370:    0    1    0   -1    1    1    1    0   -5    1 
   380:    0    0    0    1    0    0    1    1    0   -1 
   390:    0    0    1    1    0    0    0    0   -1    0 
   400:    1   -1   -1    0    0    0    0    0   -2   -1 
   410:    1   -2    0    0   -3    0    0    0    1    0 
   420:   -1   -1   -1    0    1    0    1    0    0    0 
   430:    1    1    0   -2   -1    1   -2    1   -1   -2 
   440:    0    0    0    0    0    2    0   -1    0    2 
   450:   -1    0    2   -1    0    0    0    1   -1   -1 
   460:   -1    0   -4    0    1    0   -2    0    1   -1 
   470:   -2    0    2    0   -2    1    2    2    1    0 
   480:    0    0    0    1    0   -1    2    0   -6   -5 
   490:    1   -2    1    0   -1    1   -2   -1    3    2 
   500:    1    0    1    0    0   -1    0    2    1    1 
   510:    1    2    0    3    2    2    0    0   -1   -1 
   520:   -1    0    1   -2   -2    6    4    0    3    2 
   530:   -3    2    3    0    2    1   -1   -1    1    0 
   540:   -1    0   -1    0    1    0    1    1   -1    0 
   550:    0    0    0    1    0    0   -1    0    0   -2 
   560:    3    3   -1   -4   -1   -7   -4   -7   -3   -2 
   570:    1    0   -2   -2    1    1    1   -1    0    1 
   580:   -1    0    1    0   -1   -1   -2    0   -2    0 
   590:    0    0    0    0    1    1    0    0    2    3 
   600:   -4    3    2    0   -4    0    0   -1    1    0 
   610:    3    0    0    1    0    0    0    0   -1    0 
   620:    1    0    1    0   -2    0    2    1    0    2 
   630:    2   -1   -1   -1    1    0   -2    4    2   -1 
   640:   -1    2    4    0    0    0    0   -1   -1    0 
   650:    1    0    1    1   -1   -1   -2    0    0    1 
   660:    0    1   -1    0    2    0   -1    0    1    0 
   670:   -2    0   -2   -8    9   10    0    1    2   -1 
   680:   -1    0    1    0    0   -1    0    0    1    1 
   690:    0    0   -1   -3    2    2   -1   -2    0   -1 
   700:    0    0    0   -1   -2   -1   -1    1    0   -2 
   710:   -3   -1   -2    4    5    0    0    1   -1   -1 
   720:    0    1   -1   -2    1    0    0   -1    0    2 
   730:    1    0   -1   -1    0   -3   -1    0    0    0 
   740:    0   -1    0   -1   -1    1    0    2    5    1 
   750:    0   -1   -4    0    0   -1    0    1    1    1 
   760:    1   -2   -1    0    1    2    1    1    0   -1 
   770:    1   -1    0    0   -1    0    0   -1    1    0 
   780:    0    0    0   -1    0    2    0    1    2    1 
   790:    0    2    1    0   -1   -1   -1    0   -1   -1 
   800:    0    0   -1    0    0   -1    0    1   -2    0 
   810:    1    0    0    0    0    0    0    0   -1   -2 
   820:    0    0    2    1   -1    0   -1   -1   -1    0 
   830:    0    0    0    2    0    1    1    0    0    0 
   840:    1    0    2    1   -1    0    0    0    2    0 
   850:    0    0   -1    1    0    1    0    0   -2    0 
   860:   -2    1    1    0    1    1    0    0    0    0 
   870:    1    0   -2   -1    0   -1   -2    0    0   -1 
   880:    0    2    2    3    1    1    0    0    0    0 
   890:    0    0    2    0   -1    1    0    0    2    1 
   900:   -1   -1    0   -1    0    2    0   -1    1    0 
   910:    2    1    0    0    3   -1   -1   -1    0    0 
   920:    0    0    1    0    0    0   -1    0    1    1 
   930:    1    1    0    0   -1   -2    0   -1   -3    2 
   940:    1    0   -1    0    1    1    0    0    0    0 
   950:    3    5    0   -1    2   -1    0    0    2    0 
   960:    0    0    0    3    1    0   -2   -4   -1    1 
   970:    0    2    2    1   -1    1   -1    1   -1    1 
   980:    0    1    1    3   -1   -1   -1    1    1    2 
   990:    1   -1    2   -2   -2   -2    0    0    0    0 
  1000:    0   -1   -2    0    1    2    1    0   -2    1 
  1010:    0    1    1    0   -2    0    2    1    0   -1 
  1020:    1   -2    1    2    1    1    2   -2    0   -1 
  1030:    0    3    2    0    0    0    0    0   -1   -2 
  1040:    1   -1   -1    0    1    2    3    2    0   -2 
  1050:   -2   -3   -1    3   -3   -2    1    2    0   -2 
  1060:    1    1   -2   -1    0   -1    1    0    2    0 
  1070:    0    0    0    0    0    0    0    0    0   -1 
  1080:   -2   -1    0   -1   -1    2    3    2    3    0 
  1090:    3    3    1   -3   -1    0    0    1    0    1 
  1100:    4    2    2   -2   -2   -2    0    0    0    0 
  1110:    0    0    0    0    0    0    2    1    1   -4 
  1120:   -5    5    3    2    5    3   -4   -1    1    0 
  1130:    0    0    1    0   -1    0    2    2    0   -3 
  1140:   -2    0    1    0    0    0    0    0    0    0 
  1150:    0    0    0    0   -1    1    0    2    0    2 
  1160:    2    0    2    2   -1   -1   -3   -4   -1   -3 
  1170:   -1    1    2    0   -2   -2   -2    0   -1    0 
  1180:    0    0    0    0    0    0    0    0    1    2 
  1190:    2    2    1   -3   -1    0    0    0    0    1 
  1200:   -1   -2    1    2    1    0    0    1    0    0 
  1210:    0    0   -3   -4   -1   -2    0    0    0    0 
  1220:    0    0    0    0    0   -1    0   -1    2    0 
  1230:   -1    1   -1    0    1   -2    2    2    0   -2 
  1240:    0   -2    0   -3   -3   -2    0   -1    3    2 
  1250:    1   -2    0    0    0    0    0    0    0    0 
  1260:    0    0    1    1    0    0   -1   -4    0    0 
  1270:    0   -1   -2   -1    0   -1    2    2    2    0 
  1280:   -2   -1   -1    0    0    3    2    0    0    0 
  1290:    0    0    0    0    0    0    0    0    1    2 
  1300:   -1   -3    1    2   -3   -1    1    0   -1   -3 
  1310:    2    5    0    0    2   -1    0   -2   -1    0 
  1320:    0    0    0    0    0    0    0    0    0    0 
  1330:    0    0    0    0    1    2    1    0   -1   -2 
  1340:    2    2    1    1    0    0   -2   -1    1    0 
  1350:    1    1    0    1    1    1   -2    0    0    0 
  1360:    0    0    0    0    0    0    0    0    0    1 
  1370:    0    1    0   -1   -1    0    0    0    0    0 
  1380:    0    0    0    0    0    0    0    0    0   -1 
  1390:    0    0    0    0    0    0    0    0    0    0 
  1400:    0    0    0    0    0    0 
