     0:    0    0    0    0    0    0    0    0    0    0 
    10:    0    0    0   -1    0    0    0    0    0    0 
    20:    0    0    0    0    0    0    0    0    0    0 
    30:    0    0    0    0    0    0    0    0    0    0 
    40:    0    0    0    0    0    0    1    1    0    0 
    50:    1    0    0    0    0    0    0    0    0    0 
    60:    0    0    0    0    0    0    0    0    0    0 
    70:    0    0    0    0    0    0    0    0    0    0 
    80:    0    0   -1    1    0   -1    1   -1    0    0 
    90:    0    0    0    0    0    0    0    0    0    0 
   100:    0    0    0    0    0    0    0    0    0    0 
   110:    0    0    0    0    0    0    0    0    0    0 
   120:    0    0    0    0    1   -1    0    0    0    0 
   130:    0    0    0    0    0    0    0    0    0    1 
   140:    0    1   -1    1    0    0    0    0    0    0 
   150:    0    0    0    0    0    0    0    0    1    0 
   160:    0    0    0    0    0    0    0    1   -1    0 
   170:    0    0    0    0    0    0    0    0    0    0 
   180:    1    0    0    0    0    0    0    0    0    1 
   190:    0    0    1   -1    0    0    0    0    0    0 
   200:    0    0    0    0   -1    0    0    0    0   -1 
   210:    0    0   -1    1   -1    1   -1    0    0    0 
   220:    0    0    0    0    0    0   -1    0    0    0 
   230:    1   -1    0   -1    0    0    0    0    0    0 
   240:    0    0    0    0    0    0    0    0    0    1 
   250:    0   -1    1   -1    0    0    0    0    0    0 
   260:    0    0    0    0    0   -1    0    0    0    0 
   270:    0    0    0   -1    0    0    0    1    0    0 
   280:    0   -1    0    0    0    0    0    1    0   -1 
   290:    0   -1    0   -1    0    0    0    0    0    0 
   300:   -1    1    0    0    0    0   -1    0    0    0 
   310:   -1    0    0    0    0    0    0    0   -1    0 
   320:    0    0    0    0    1    0    0    0    0    0 
   330:    0    0    0    0    0    0    0    0    2   -1 
   340:    1    0   -1    0    0    0    0   -1    0    0 
   350:    0    0    0    0    0   -1    0    0    0   -1 
   360:    0    0    0   -1    0    0    0    0    0    0 
   370:    0    0    0    0    0   -1    0    0    2    0 
   380:   -1    1    0    0    0    0    1    0    0    1 
   390:    0    0    1    0    0    0    1    1    0    0 
   400:    0    0    1   -1    0    0    0    0   -1    0 
   410:    0    0    1    0    0   -1    0    0    0    1 
   420:    0    0    0    0   -1    0    0    0    0    0 
   430:    0    0    0    0    0   -1    0    0    0    1 
   440:   -1    0    0    0    0    0   -1    1    0    0 
   450:    0    0   -1    2    0    0    0   -1    1    1 
   460:    0    1    0    1   -1    1    0    0    0    0 
   470:    0    1    0    0    0   -2    0   -1    0    0 
   480:    0    0   -1    0   -1    1    0    0   -1    1 
   490:    1    0    1   -2    2    0    0    4    0    0 
   500:    0    0   -1    1    0    0    0    1    0    0 
   510:    0    0    0    2   -1    0    0    0    0    1 
   520:   -1    0    0   -1    0    1   -1    2    0   -2 
   530:    1   -2    0    0    0    0    1    1    0   -1 
   540:    0    0    0    0   -1    0   -1    1    1    0 
   550:    0    0    0   -1    0    0    0   -1   -1    1 
   560:    1    0   -1    3   -1    4   -2    2    0    2 
   570:    0    0    0   -1    0   -1    0    0    0    0 
   580:    0    1   -1    0    0    0    2   -1    1    0 
   590:    0    0    0    0    0    0    0    1    0   -2 
   600:    2    0   -3    0    1   -3   -2    0    0    1 
   610:    0    1    0    0    0   -1    0    0    0    0 
   620:   -1    0    0   -2    0    0   -1    0    0    1 
   630:   -1   -1   -1   -1    0    1   -1   -1   -1    0 
   640:   -1   -1   -1    1    0    1   -1    1    0    0 
   650:    1    0   -1    0    0    0    0    0    0    0 
   660:    0    1    0    0    0    0    0    0    0   -1 
   670:    1   -1    0   -2    2   -2    0    1    0   -1 
   680:    0    0   -1    0    0    0    0    0    1    0 
   690:    0   -1    0    0    0   -1    2    0    1    0 
   700:    0    0    0   -1    0   -1    0    0   -1    0 
   710:    0    0    2   -1   -2    0    0    0    1    0 
   720:    0    0    0    0   -1    0   -1    0    1    0 
   730:    0    0   -1    2    1   -1    0   -1    0    0 
   740:    0    0    0    1    0    1    0    0    0    1 
   750:    0   -1    1    0    0    0    0    0    0    0 
   760:   -1    0    0   -1    0   -1    0    1    0    0 
   770:    0   -1    0    1    1    0    0   -1    0   -1 
   780:    0   -1    0    0    0   -1    1    0   -1    0 
   790:    1    0    0    0    0    0    0    0    0    0 
   800:    0    0   -1    0    0    0    1    0    1    0 
   810:    0    1    0    0    0    1   -1    0    1    0 
   820:    0    0    2    1    0   -1    0    0    0    1 
   830:    0    0    0    0   -1    1    0    0    0    0 
   840:    1    1    0   -1    1   -1   -1    1    0    0 
   850:    0    0    1    0    0   -1    0    0    1    0 
   860:    0    0   -1   -1    0    0    0    1    0    0 
   870:    0   -1    0   -1   -1    0    0    0    0   -1 
   880:    1    0    1    0    0   -1    0    0    0    0 
   890:    0    0   -1    0    1   -1    1    1    1    0 
   900:    0    0    0    1    0    0    0    0    1    0 
   910:    0    1    0    0    1    0    1    0    0    0 
   920:    0    0   -2    0    0    0    0    0    0    0 
   930:   -1    0    0    0    0    2   -1    0   -1    0 
   940:   -1    0    0    0    0    0   -1    1    0    1 
   950:    1    0    0    0    1    0    0    0    1    0 
   960:    0    0    0    1    0    0   -1   -1   -1    1 
   970:    0    0    0   -1    0    0    0    0    0    0 
   980:    0    0    0    0   -1    0    1    0    0    2 
   990:   -1    2    0   -1    1    0    0    0    0    0 
  1000:    0    0    0    0    0    0    1    0    1    1 
  1010:    2    0    1    0   -1    0    0    0   -2    1 
  1020:    0    0    0    0   -1    0   -2   -1    1    1 
  1030:    0    0    1    0    0    0    0    0    0    1 
  1040:    0    0    0    0    0    0   -1    0   -1    2 
  1050:    0    0    0    0    0    0    0   -1    1    0 
  1060:    0   -2    0   -1    1    0    0   -1   -1    0 
  1070:    0    0    0    0    0    0    0    0    0    0 
  1080:    1    2   -1   -1    1   -1   -1   -1   -1    1 
  1090:   -1   -1    0   -1   -1   -1    0    0    0    1 
  1100:   -1    1    0    1   -1    1   -1    0    0    0 
  1110:    0    0    0    0    0    0    0   -1    1    0 
  1120:    0    1   -2    1    1    0    0    0   -1    0 
  1130:    0    0    0   -1    0    0    1   -1   -1    0 
  1140:    0   -1   -2    0    0    0    0    0    0    0 
  1150:    0    0    0    0    0    0    0    0   -2    1 
  1160:    0   -2    2   -2    2   -1    0    0   -1    0 
  1170:   -1   -1   -1    1   -1    0    0    1   -1    0 
  1180:    0    0    0    0    0    0    0    0    0    0 
  1190:    0   -1   -2    0    0    1   -1    2    0    0 
  1200:    1   -1    0    1   -1    0    0   -1   -2    0 
  1210:    0    0    2    1    0   -1    1    0    0    0 
  1220:    0    0    0    0    0    0   -1   -1    0   -1 
  1230:    1    1    1   -1    0    1    0   -1   -2    1 
  1240:   -1    0    0   -1    1   -1    0    1    0   -1 
  1250:    0   -2    1    0    0    0    0    0    0    0 
  1260:    0    0   -1    0    0    1    0   -1    0    0 
  1270:    0    0    0    0    1    0    0    1   -3   -1 
  1280:   -1    1    0   -1   -1    1    0    1    0    1 
  1290:    0    0    0    0    0    0    0   -1   -1    0 
  1300:    0   -1    1   -1    0    0    0   -1    0    1 
  1310:   -1    1    0    1   -2    2    0    0    0    0 
  1320:   -2   -1    0    0    0    0    0    0    0    0 
  1330:    0    0   -1   -1   -2   -1    0   -1    0    0 
  1340:   -1    0    0    1    0    0    0    0    0   -1 
  1350:    0    1    0    1    0    1    1   -2    0    0 
  1360:    0    0    0    0    0    0    0    0    0   -1 
  1370:    0    0    0    0    0    0    0    0    0    0 
  1380:    0    0    0    0    0    0    0    0    0    0 
  1390:    0    0    0    0    0    0    0    0    0    0 
  1400:    0    0    0    0    0    0 
