     0:    0    0    0    0    0    0    0    0    0    0 
    10:    0    0    0    0    0    0    0    0    0    0 
    20:    0    0    0    0    0    0    0    0    0    0 
    30:    0    0    0    0    0    0    0    0    0    0 
    40:   -1    0    0    0    0    0    0   -2    0    0 
    50:    0    1    0    0    0    0    0    0    0    0 
    60:    0    0    0    0    0    0    0    0    0    0 
    70:    0    0    0    0    0    0    0    0    0    0 
    80:    0    0    0    0    0    0    0    0    0    0 
    90:    0    0    0    0    0   -2    0    0    0    0 
   100:    0    0    0    0    0    0    0    0    0    0 
   110:    0    0    0    0    0    0    0    0    0    0 
   120:    0    0    0    0    0    0    0    0    0    0 
   130:    0    0    0    0    0    0    0    0    0    0 
   140:    0    0    0    0    0    0    0   -1    0    0 
   150:    0    0    0    0    0    0    0    0    0    0 
   160:    0    0    0    0    0    0    0    0   -2    8 
   170:   -6    2   -1    0    0    0    0    0    0    0 
   180:    0    0    0    0    0    0    0    0    0    0 
   190:    0    0    0    0    0    0    3   -1   -1   -1 
   200:    0    1   -2    1    0    0    0    0    0    0 
   210:    0    0    0    0    0    0    0    0    0    3 
   220:    3   -9   17   -9    5    0    7    1    2   -4 
   230:  -12   -1    2   -2    1   -1    1    0    0    0 
   240:    0    0    0   -1    1    0   -1    2   -1    0 
   250:   -3   -1    2   -2    1   -1    0    0    0    0 
   260:    0    0    0    0    0    0    0    0    0    1 
   270:   -5   12   -6    3    1    6  -12   18   -3   -3 
   280:   -7    7   -4    0    4   -2    3    0  -10    5 
   290:   -5    2    0   -3    4    7    3    0    3   -1 
   300:    0    1   -2    0    3   -1   -2    0    0    0 
   310:    0    0    0    0    0    0    0    0    0    0 
   320:    0    2   -7   16   -8    2   -5   14   -5    5 
   330:    2    0   -8   13   -6    2    5    3   -3    8 
   340:   -4    3    0   -4    9   -1    9   17   -9    4 
   350:   -1    1    0    0   -2    0   -3   -1    1    4 
   360:    0    0    0    0    0    0    0    0    0    0 
   370:    0    0   -1    5  -11    4    4   -4    2  -11 
   380:    5   -6    3    2    1    1    2   -2   -3    4 
   390:   -5    2    0   -5    6   -7   15   -1    6  -10 
   400:    6    4   -4    7   -2    0    1    1    2    0 
   410:    0    1    0    0    0    0    0    0    0    0 
   420:    0    0    0    1   -4   13   -2   -8   -3  -10 
   430:   -6   -7    3   -7   17    5    1    4   -4    6 
   440:   -7    2    5   -7   -5    4  -12   14   -3  -10 
   450:   -7   -8   16   -4   19   -3    1    0   -1    2 
   460:   -2    0   -1    0    0    0    0    0    0    0 
   470:    0    0    0    0    0    0    2    4   -6    2 
   480:   -6  -11   -1  -23   -7    1   12    1  -25   18 
   490:   -8    7   -4    4    2   -7    0    6    4   21 
   500:  -25    2  -15   13   -5  -20   15   -9   -3    1 
   510:    1   -3    0    0    0    0    0    0    0    0 
   520:    0    0    0    0    0    0    0   -2   11  -10 
   530:    8   -1   -6    4   -8   -4    0  -16   -3    4 
   540:   -4   17   -4   -1    1   -1  -16   -7   10  -18 
   550:   30  -15  -28    3   -9   24  -11   -9   19   -7 
   560:   -1    0   -3   -1    0    0    0    0    0    0 
   570:    0    0    0    0    0    0    0    0    0   -2 
   580:   10   -7   -1   17  -14   24  -22   12   -8   18 
   590:   -8    1   25   -4    6    7    3  -16  -36   15 
   600:   22  -34   44  -26  -37    7   15   -3   -5   -8 
   610:    9   -6    0    0   -1    0    0    0    0    0 
   620:    0    0    0    0    0    0    0    0    0    0 
   630:    0   -1   -3    4  -17   10   -9    6   -8   -1 
   640:   -5   11    6  -12   28  -11   -7    2  -22   27 
   650:  -20   -5   23  -13   -6   26  -41  -44   13   26 
   660:   -4   10  -10    8    0    0    0    0    0    0 
   670:    0    0    0    0    0    0    0    0    0    0 
   680:    0    0   -1    4  -12    6  -14   -6   -2  -13 
   690:   11    6   -4    6   -9   20  -34    9    7   14 
   700:    9   -7    6   -1  -15   20  -15    1   37    2 
   710:  -38  -25   29  -13  -12   20   -4    1    0    0 
   720:    0    0    0    0    0    0    0    0    0    0 
   730:    0    0    0    0    0   -2    9  -16   13   -3 
   740:   -1   15  -12    8   -2   -2   -1    2   12   11 
   750:   -7   -6   -9    3    1   -9   13   -5    2  -34 
   760:  -17   18   27   -3  -10    0    3  -15    3    0 
   770:    0    0    0    0    0    0   -1    0    0    0 
   780:    0    0    0    0    0    0   -1    1  -15   -9 
   790:    0    6  -12   -3   -3   -2    0   -8    7  -18 
   800:    6   -6   10   -5   12   -5    6    9   -8   -1 
   810:    5   29  -17  -26  -21   11  -16   33  -26   25 
   820:   -4    1    0    0    0    0    0    0    0    0 
   830:    0    0    0    0    0    0    0    0    0   -1 
   840:    2    6    6   -4   16  -10   10   -9    6   -8 
   850:   -8  -20    4    0   -9    0  -24    8   -9   -7 
   860:    1  -16    6  -26   35   15   18  -12   13  -20 
   870:    5   10    1    1    0    0    0    0    0    0 
   880:    0    0    0    0    0    0    0    0    0    0 
   890:    1   -3    7    5    4   -2    7    2   -4   -2 
   900:    6   -5    5    1   34  -18   10   21   -6    0 
   910:   22   11   -5    7    0   -4  -27    5  -11    1 
   920:   -9  -10   27  -18    3   -1    0    0    0    0 
   930:    0    0    0    0    0    0    0    0    0    0 
   940:    0    0    0    0    4   -5    1    2   -9   10 
   950:   -2    7    5    2   -7   43  -18   20   10  -14 
   960:   -1    2   -1   -6   32   18   -8    0   19  -18 
   970:    0   -3   -9    2   13   12   -4    1    0    0 
   980:    0    0    0    0    0    0    0    0    0    0 
   990:    0    0    0    0    0   -1    6    2    2    0 
  1000:    2    9   -3   -7    2   12  -13   26  -20    7 
  1010:    3   -8    0   -3    5  -22  -17    4   10   -7 
  1020:  -22   22   -4   -1    1   -4   -1   -1    9   -1 
  1030:    0    0    0    0    0    1    0    0    0    0 
  1040:    0    0    0    0    0    0    0    0    4    0 
  1050:    5   -6    2  -14    9   -2   10    6   -5   -5 
  1060:   -9    0   -1    0   -2    0    6  -17   14  -48 
  1070:   43   23   19   10    2   -6   -3    1    1  -12 
  1080:    8   -1    0    0    0    0    0    0    0    0 
  1090:    0    0    0    0    0    0    0    0    0    0 
  1100:   -1   14   -1   -1    3  -11    1   13   -1    5 
  1110:    2    7    0    3   -4   12   -7    2    2   -6 
  1120:    8  -33   22   -7  -13    6   -9   12  -17    2 
  1130:    7    1    2    0    0    0    0    0    0    0 
  1140:    0    0    0    0    0    0    0    0    0    0 
  1150:    0    0    0   -5   10   -4    0   -6    6   -1 
  1160:   -5   -1    4    2   -2    3    1    3   -6    0 
  1170:    1    1    5   -3   30  -11   13    1  -15   10 
  1180:   -3   -2   -5    2   -1    0    0    0    0    0 
  1190:    0    1    0    0    0    0    0    0    0    0 
  1200:    0    0    0    0    3   -3   -6   -1    0   -9 
  1210:    3  -11    3    0    2   -4   -7    9   -5   -1 
  1220:    5    0    0   -2   -5    9    5   -8    6    2 
  1230:   -4    7   -1    2   -8   16   -4    0    0    0 
  1240:    0    0    0    0    0    0    0    0    0    0 
  1250:    0    0    0    0    0    0   -2    1    4   -2 
  1260:    0   -4   -2    4   -2    0   -8   -4    0   -6 
  1270:    3    4    0   -4    0    2   -3   -3    2    1 
  1280:   -2    0    1   -3   -2   -5  -10   15   -3    1 
  1290:    0    0    0    0    0   -1    0    0    0    0 
  1300:    0    0    0    0    0    0    0    0   -3    5 
  1310:    5  -11   -1  -10    9    3    3   -2    6   -4 
  1320:    4   -4    3   -4    1   -3    3    2    6   -9 
  1330:    6   -4   -3    1   -1   -2    6    9    1   -3 
  1340:    0    0    0    0    0    0    0    0    0    0 
  1350:    0    0    0    0    0    0    0    0    0    0 
  1360:    0    1  -15   -5  -10  -11   -7    7    1    7 
  1370:    0    0   -1   -3   10   -9    3  -13   13   -6 
  1380:    4   -7   -1   -2    2    1    3    1   -1   -3 
  1390:   -5   -5    0    0    0    0    0    0    0    1 
  1400:    0    0    0    0    0    0    0    0    0    0 
  1410:    0    0    0    3   -6    6   -5   -2    8   -4 
  1420:    4    0    4    1  -11    8    1    5    3   -4 
  1430:   -3    3   -1    2    1    0    4  -12    2   -1 
  1440:    3  -15    5   -1    0    0    0    0    0    0 
  1450:    0    0    0    0    0    0    0    0    0    0 
  1460:    0    0    0    0   -1    4   -6   -4    0   -4 
  1470:   13    1    5    0    6   -4    1    1    0    1 
  1480:    0    2   -4    1   -5   -1   -3    0   -5    5 
  1490:   -1    8    2   -3   12   -2    0    0    0    0 
  1500:    0    0    0    0    0    0    0    0    0    0 
  1510:    0    0    0    0    0    0    1   -2   13   -5 
  1520:    6    4    5   -6    6   -7   -1   -4   -2    3 
  1530:   -2    4   -4    0   -1    0    0   -1   -5   -2 
  1540:    9    4    0   -3   -6   15    1    0    0    0 
  1550:    0    0    0    0    0    0    0    0    0    0 
  1560:    0    0    0    0    0    0    0    0    0    0 
  1570:    4    0    6   -6   -2   -9   16  -15    0  -17 
  1580:   12    2   10   -2    1   -3   11    1    7    0 
  1590:    2    0   -1   -1   -2    0    8    1   -1    0 
  1600:    0    0   -1    0    0    0    0    0    0    0 
  1610:    0    0    0    0    0    0    0    0    0    0 
  1620:    0   -1    6   10   -1    8    7   -1   -9   -4 
  1630:   -1    3  -11    5   -5   -6   -2   -4   -4  -10 
  1640:    5   -3    6   -1    2   -1    1    0   -1    0 
  1650:    0    0    0    0    0    0    0    0    0    0 
  1660:    0    0    0    0    0    0    0    0    0    0 
  1670:    0    0    0   -3    5    3  -10    1    0   10 
  1680:   -5   17   -8    2    0    4    0  -21   10    3 
  1690:    6   -8    2   -9    5   -3  -11    2   -9    7 
  1700:  -12    9    1    0    0    0    0    0    0    0 
  1710:    0    0    0    0    0    0    0    0    0    0 
  1720:    0    0    0    0    0    3   18   -4   -2    3 
  1730:   -1    0  -10    0   -2    0    1    3   -4    7 
  1740:   -8   18   -4    1   -4    6   -1    0    0   -6 
  1750:   -8    7    4    0    0    0    0    0    0    0 
  1760:    0    0    0    0    0    0    0    0    0    0 
  1770:    0    0    0    0    0    0    0    1  -11  -14 
  1780:  -10   -7   10    4   -1   16    3   -1   -1   15 
  1790:    2    1    1    0    4  -13    3   -5    0    0 
  1800:    1    3   -4    5    3    0   -1    0    0    0 
  1810:    0    0    0    0    0    0    0    0    0    0 
  1820:    0    0    0    0   -1    0    0    0    1   -9 
  1830:    4   -8  -10    3   -2    0   -4   -5    0   -6 
  1840:    0   11    8    2  -16   -5   -4   17   -2    5 
  1850:   -3   -5    5    7   -5    3    1    5    0    0 
  1860:    0    0    0    0    0    0    0    0    0    0 
  1870:    0    0    0    0    0    0    0    0    0    0 
  1880:    0    4    2    1   -6   -1    3   -5    9    0 
  1890:    0   -4    3   10  -11   15    3    7    1    6 
  1900:   -9  -13    6   -6    7    0    7   -3   -1    4 
  1910:   -1    0    0    0    0    0    0    0    0    0 
  1920:    0    0    0    0    0    0    0    0    0    0 
  1930:    0    0    2   -9    8   -1   -1    4    2   -2 
  1940:   -8   -1   -8    8   -8    5   -7    2   17    1 
  1950:   -5    4  -12    0   -3    2   -2   -8    1    6 
  1960:   -4    0    0    0    0    0    0    0    0    0 
  1970:    0    0    0    0    0    0    0    0    0    0 
  1980:    0    0    0    0    2    7   -3    9    4    2 
  1990:   -6    8   -8    5  -11   17   -2    1   -4    1 
  2000:   -9    2    2    1   -2   14    6    0   -8    1 
  2010:    1    2    5    0    1    0    0    0    0    0 
  2020:    0    0    0    0    0    0    0    0    0    0 
  2030:    0    0    0    0    0   -1    3  -19    0    3 
  2040:    9   12    1   -1    5   10    8   -6  -10   -1 
  2050:   -3   -9    7   -4    2    0   -3    1   -6   -8 
  2060:   -8    5   -4   -1    2   -4    1    0    0    0 
  2070:    0    0    0    0    0    0    0    0    0    0 
  2080:    0    0    0    0    0    0    0    0   -1  -12 
  2090:  -12    1   -4   -5  -11   -6   -1    5   -4    1 
  2100:    8  -12   -4   -9   -5    9  -12  -14   -9   -7 
  2110:   -6   11  -21    4   -9    3    6    6   -1    0 
  2120:    0    0    0    0    0    0    0    1    0    0 
  2130:    0    0    0    0    0    0    0    0    0   -1 
  2140:    8   11    5    0    6   -4   -5   -4    7   -3 
  2150:    7   -4    5    3   -3    3    5   -1    7  -10 
  2160:    6   -4    0    8   15   -1   -6   -8  -10   -2 
  2170:    0    0    0    0    0    0    0    0    0    0 
  2180:    0    0    0    0    0    0    0    0    0    0 
  2190:    0   -2  -14   16   -8   15   -7   17   -3    1 
  2200:    3    1    5   -2    3   19   -1    4   -6    4 
  2210:   -4   16    4    8    4   -1    8   -9   -6   -7 
  2220:  -16    3   -2    0    0    0    0    0    0    0 
  2230:    0    0    0    0    0    0    0    1    0    0 
  2240:    0    0    0   -3   -7   19   -6    3   -6    1 
  2250:    3    0   -1    4   11   -3    4    0    4  -11 
  2260:   11   -1   -2   -2  -15   -2    2   -2   -1    1 
  2270:  -13   15   -2   10   -7    1    0    0    0    0 
  2280:    0    0    0    0    0    0    0    0   -1    0 
  2290:    1   -1   -1    4    2   -5  -10   11   -5   -1 
  2300:    5   -1    0    0    2   -5    7    6    7   -1 
  2310:   -9  -11   -1   11   -2   -3  -11   -3    1  -11 
  2320:    2    3   -4   -1   -6    8   -7    3   -1    0 
  2330:    0    0    0    0    0    0    3   -2    1   -1 
  2340:    3    3   -1   -1    1   -1  -10    7   -1  -11 
  2350:   -1    5   -1    4   -5    5    8   -2   -2    1 
  2360:    8    4    0   -1   -3    7    2    2   -1    3 
  2370:   -2    5    6    0    1   -1   -3   -2    0   -1 
  2380:    0    0    0    0    0    0    0    0    1   -2 
  2390:    0    1    4    0   -3   -6    2    1    3    4 
  2400:   -4    2    2    3    0    6   -2   -1   -3   -1 
  2410:   -1    1   -2   -1    0    0    0   -3   -2    0 
  2420:    2   -3    4   -2    0    2    2   -3    0   -1 
  2430:   -1    0    0    3   -2    0    0    0    0    0 
  2440:    1   -4    4   -4   -4    5    3   -4    2   -3 
  2450:    4   -4    3   -5    7    0    2   -3    9    1 
  2460:   -4    2   -3    1   -1   -1    0    0    0   -2 
  2470:    1   -2   -1    0    2   -1    1    1    2   -2 
  2480:    0    0    2    0    1   -2    2    3   -1    0 
  2490:    0    0   -2    8  -10    1 
