     0:    0    0    0   -1    0    0    0    0    0    0 
    10:    0    0    0    0    0    0   -1    0    0    0 
    20:    0    0    0    0    0    0   -1    0    0    0 
    30:    0    0    0    0    0    0    0    0    0    0 
    40:    0   -1    3   -2    0    0    1   -8    0    0 
    50:    0    0    0    0    0    0    0    0    0    0 
    60:    0    0    0    0    0    0    0    0    0    0 
    70:    0    0    0    0    0    0    0    0    0    0 
    80:    0    0    0    0    0    0    0    0    0    0 
    90:    0    0    0    0    1    0    0    0    0    1 
   100:    0    0    0    0    0    0    0    0    0    0 
   110:    0    0    0    0    0    0   -1   -4    0    0 
   120:    0    0    0    0    0    0    0    0    0    0 
   130:    0    0    0    0    0    0    0    0    0    0 
   140:    0    0    0   -1    0    0   -1    0    0    0 
   150:    0    0    0    0    0    0    0    0    0    0 
   160:    0    0    0    0    0    0    0    2   10   18 
   170:    1    0    0    0    1    2   -3    2    1   -2 
   180:   -1    1   -1   -1    1    0    0    0    0    0 
   190:    0    0    0    0    2    2  -10    2   -6    1 
   200:   -1    4   -5    2    0    0    0    0    0    0 
   210:    0    0    0    0    0    0    0    0    0    9 
   220:   21   12   -8   -4    2   -7  -23    6    3    7 
   230:    0    6   10   -5    9    7   -7   -2   -1    0 
   240:    0    0    0    2    2    0    1    3  -12    5 
   250:   -1   -3   -5    8    0    1    0    0    0    0 
   260:    0    0    0    0    0    0    0    0    0   -1 
   270:    7    1   10    8   -4  -10   17   -6   -9  -16 
   280:    3    2   -7    0   -2   10  -14    0   -3    1 
   290:   26    1   -3   -7    2   10    8   -2   -1    1 
   300:    1    2    2    0    1    0    2    0    0    0 
   310:    0    0    0    0    0    0    0    0    0    0 
   320:    0    6    3    1    9    6   -2    8   -3  -14 
   330:  -10  -10  -15    4    1    0    4    3   -5    1 
   340:    5   -7   -2    5    1  -10  -11  -16   -3    6 
   350:    0   -1    0    0    1    1    0   -1    0    0 
   360:    0    0    0    0    0    0    0    0    0    0 
   370:    0    0    0    3   13    9    8    9   14    4 
   380:  -20  -12  -11    7   31   21   -3  -18    5    6 
   390:    7   -6   -5   -7    9   -6    1   -8  -22   -6 
   400:    7    1   -3    1    0    0    0   -1   -2    2 
   410:    4    1    0    0    0    0    0    0    0    0 
   420:    0    0    0    0   -1  -10    1   16   11   11 
   430:   24   16  -15  -18    1   10    9  -10  -28    8 
   440:   -9   -9    2    3  -12   -9   10    5   -6  -14 
   450:    1   11   10  -13   -8   -2    0    1   -1    1 
   460:   -3    1    2    0    0    0    0    0    0    0 
   470:    0    0    0    0    0    0   -4   -3   -6    5 
   480:    0    4    6    9   -6   -8  -13   -4   -7   -9 
   490:  -26  -31   23   14    6    0   -7    0    0    8 
   500:   -5  -11    5    8   -9   -5    6   -4   -4   -1 
   510:   -2    0   -1    0    0    0    0    0    0    0 
   520:    0    0    0    0    0    0    0    0   -9   -2 
   530:    0    3   -4    3    1   -4   14    8  -10    0 
   540:  -16   -8    2  -35  -27   -1    6    2   -1    5 
   550:   -6    4    7    2    3    0  -13    2   20    0 
   560:    0   -6   -2    0    0    0    0    0    0    0 
   570:    0    0    0    0    0    0    0    0    0    2 
   580:    0   -2    3    1    0   -2    8   -8    1    2 
   590:    2    1  -10    3    3   -2  -19   -1    3    5 
   600:    6    5  -10    4    3   -5   -3   -1   -9   13 
   610:   10    3   -1    0    0    0    0    0    0    0 
   620:    0    0    0    0    0    0    0    0    0    0 
   630:    0    3    2   -3    0    0   -2   -6    3    9 
   640:   -2  -10    4   11    3   -1    2    2   -1   -6 
   650:    2    1   -9   -9    0    0   -3   -7   -5   -7 
   660:   -3    3   -5   -1    0    0    0    0    0    0 
   670:    0    0    0    0    0    0    0    0    0    0 
   680:    0    0    0    2   -5    1    4   -1    7    7 
   690:   -4   -4    6    6    8    2   -2    7   -2   -5 
   700:    2    4    1   -6    1   -5    1   -4   -3    1 
   710:   -1   -1    8   -4    1   -2    0    0    0    0 
   720:    0    0    0    0    0    0    0    0    0    0 
   730:    0    0    0    0    0    1    6   -2    2   10 
   740:    5   -2    8    5    1   -3    5    1   -1    2 
   750:    2   -6    1    3    0    0    3    1    0   -1 
   760:    1    0    6    4    2   -2    0    5    0    0 
   770:    0    0    0    0    0   -1    0    0    0    0 
   780:    0    0    0    0    0    0    0   -2   -5   11 
   790:   -4    5   -1    1    5    2    5    3    8   -1 
   800:    8   -7   -1    3   -2   -1    0    4    2    0 
   810:    0    2    2    0    1    0   -3    2   -3    6 
   820:    1    0    0    0    0    0    0    0    0    0 
   830:    0    0    0    0    0    0    0    0    0    2 
   840:   -4    6    8    0   -9    0    4    2    0    1 
   850:   -5    4    2    0  -12   11    6    4   -2    1 
   860:   -1    2    0    1    5    1    1   -5    0   -3 
   870:   -6    0    0    0    0    0    0    0    0    0 
   880:    0    0    0    0    0    0    0    0    0    0 
   890:    0    4    1    2   -4    4   -3  -11   10   13 
   900:    7    0  -12   -3    0   -1   -5    1   14   11 
   910:    0   -7    1    6   -5   -4   -1    2   -8  -20 
   920:   -6    5    0   -5    0    0    0    0    0    0 
   930:    0    0    0    0    0    0    0    0    0    0 
   940:    0    0    0    1  -10   -7   -7    0   -7  -14 
   950:    0    7    8    9    1    2    4    0   -4  -26 
   960:   -4   22    1   -2    0   -2    5   -3   -6   -3 
   970:    0   -9   -1   14    8    6    1    0    0    0 
   980:    0    0    0    0    0    0    0    0    0    0 
   990:    0    0    0    0    0   -1   11   12   -7   -4 
  1000:   12    0  -11  -11  -14   11    1   11   22   -9 
  1010:  -23  -26    8   18    5   34    9    0   -3  -11 
  1020:    7   13    1  -14   -5   16   -6    1    1    0 
  1030:    0    0    0    0    0    0    0    0    0    0 
  1040:    0    0    0    0    0    0    0   -1    1   24 
  1050:   11    7    3   12   -8  -16  -19   13   13  -16 
  1060:  -11  -29  -37  -22  -19   11   21   10   18   -3 
  1070:   -3   -3   17   -8   -3  -13  -17   21    7  -14 
  1080:    1    0    0    0    0    0    0    0    0    0 
  1090:    0    0    0    0    0    0    0    0    0    2 
  1100:  -15  -10   26    8  -10   -2  -11  -23   11   16 
  1110:   20  -25  -54   16  -17   10    3   -8    0  -17 
  1120:  -39   -4   23   25   38   19   24   32  -11   -6 
  1130:   19   18    6   -1    0    0    0    0    0    0 
  1140:    0    0    0    0    0    0    0    0    0    0 
  1150:    0    0   -4   -4   -8    1  -17  -15   34   -3 
  1160:  -27   -2  -22   28   -2  -32   18    4  -10    6 
  1170:   11  -19   28    1   -5  -16   17   39   22  -19 
  1180:  -49  -41  -35  -19    1    0    0    0    0    0 
  1190:    0    0    0    0    0    0    0    0    0    0 
  1200:    0    0    0    0   -4    6   12  -12   10   -6 
  1210:  -11   32  -27  -32   13  -34   34   11    1  -12 
  1220:   17    5  -10   15   -2  -10   -4   -8  -11  -44 
  1230:  -25  -16   21   13  -32   -3    0    0    0    0 
  1240:    0    0    0    0    0    0    0    0    0    0 
  1250:    0    0    0    0    0   -1    9   -9  -12   -2 
  1260:    1    2  -13    8    0   -3    9    9   -4   -2 
  1270:   -8    5   -2    1    1    6  -17  -44   33   63 
  1280:   26   14   29   11   33  -15  -19   -8    1    0 
  1290:    0    0    0    0    0    0    0    0    0    0 
  1300:    0    0    0    0    0    0    0    0    3    0 
  1310:  -13   -5   -2   -1    4   -3    2    3  -11    1 
  1320:   -1    4    9   -3   13   -3    5   -8  -23   28 
  1330:   64  -38  -57  -11  -54   -5  -13  -50  -26    4 
  1340:    0    0    0    0    0    0    0    0    0    0 
  1350:    0    0    0    0    0    0    0    0    0    0 
  1360:   -1  -14    4   -8   -2   -7  -10   -4   11   15 
  1370:  -25   -2    4   -3  -11    1   14   10   -8   -3 
  1380:   -2   33  -25  -44   48  -31   25   47  -32    5 
  1390:   14    2    0    0    0    0    0    0    0    0 
  1400:    0    0    0    0    0    0    0    0    0    0 
  1410:    0    0    0    1    0    4   12    2   -6    6 
  1420:    0   -9    4    1   -7    1  -19    4    6    5 
  1430:   -2    9    3   -1  -14   52  -44    0   44  -19 
  1440:  -12  -32   -1    0    0    0    0    0    0    0 
  1450:    0    1    0    0    0    0    0    0    0    0 
  1460:    0    0    0    0    0    3   -8   -9    0    3 
  1470:   14   -5    6  -10   -7    0    3   -5    1    2 
  1480:   -1   -5    5   -3    4    3   21   -3  -15   42 
  1490:  -36   -2   -1   26    8   -1    0    0    0    0 
  1500:    0    0    0    0    0    0    0    0    0    0 
  1510:    0    0    0    0    0    0    1  -10   -3   -3 
  1520:   -8    2  -12    8    1    2   12   -1   -2    4 
  1530:  -10    6    8   11   -8    1    1    0   -2   -3 
  1540:   26    2    4   -4   12  -23   -8    1    0    0 
  1550:    0    0    0    0    0    0    0    0    0    0 
  1560:    0    0    0    0    0    0    0    0    0    2 
  1570:    1    6   18    1  -14    8    6   -5   -2   -1 
  1580:  -10    6   -6   -5    7    4    5   -8    0    7 
  1590:   -8    0   -2    0    1    2   -6    0    0    0 
  1600:    0    0    0    0    0    0    0    0    0    0 
  1610:    0    0    0    0    0    0    0    0    0    0 
  1620:   -1   12  -12   20    6  -18   11  -14   -5   -5 
  1630:  -12   12    8    6  -10   -5    1    1   15    1 
  1640:    4   -1    1    4   -7    7   -7   -1   -8    0 
  1650:    0    0    0    0    0    0    0    0    0    0 
  1660:    0    0    0    0    0    0    0    0    0    0 
  1670:    0    0    0    0    2  -27    4    2   -8    8 
  1680:  -22   -4    0    9   -4  -15    5   17    5    5 
  1690:    4    5   -1  -10    5    9    8  -11    3   -4 
  1700:  -15    9    1    0    0    0    0    0    0    0 
  1710:    0    0    0    0    0    0    0    0    0    0 
  1720:    0    0    0    0    1   -9    7   -5    8    2 
  1730:   11  -14  -11    0    5   -3   -8    3   -7  -12 
  1740:  -24    0    1   -6    3  -22    4   -7    8   12 
  1750:   18   -3    7    6    0    0    0    0    0    0 
  1760:    0    0    0    0    0    0    0    0    0    0 
  1770:    0    0    0    0    0    0    2    3   -5   -9 
  1780:   -5    3   -3   -2    4    2   18  -22   -6    9 
  1790:    4    1    5   -1   -6   -4   -2   -2  -17    8 
  1800:    3    4    2  -15   -3    6    0    0    0    0 
  1810:    0    0    0    0    0    0    0    0    0    0 
  1820:    0    0    0    0    0    0    0    0    0    1 
  1830:  -12   -2   -8    5   -7    4  -15    1   -6  -10 
  1840:   14   13   -2    5    3    2    1    3  -10   -1 
  1850:  -14    0   14   -7  -13    9    2   -8    0    0 
  1860:    0    0    0    0    0    0    0    0    0    0 
  1870:    0    0    0    0    0    0    0    0    0    0 
  1880:   -2   -4    3   13    6    2    4   -2  -14   -4 
  1890:    3   15  -20  -20  -19   18  -15  -23  -10    7 
  1900:   -5    6  -18    7   -5   -6   -2  -10   -7    1 
  1910:    0    0    0    0    0    0    0    0    0    0 
  1920:    0    0    0    0    0    0    0    0    0    0 
  1930:    0    0    1  -25   17   12   15   -2   -7   -1 
  1940:    6   -7   25   -6   25  -20   15   20    4    9 
  1950:   31   -8   -3   -7    2   -2   -5    7   -1    3 
  1960:  -18    5   -1    0    0    0    0    0    0    0 
  1970:    0    0    0    0    0    0    0    0    0    0 
  1980:    0    0    0   -1    8   -9    6    9   -4   23 
  1990:   -8    2  -17   20    9   -3   19  -17   20    7 
  2000:  -18  -21  -26   22    1    3   15   -3    4    1 
  2010:   -6    6    0  -10    1    0    0    0    0    0 
  2020:    0    0    0    0    0    0    0    0    0    0 
  2030:    0    0    0    0    0   -1    6  -14   -2   22 
  2040:    6    1   25  -11   11  -11   -4    7    0   21 
  2050:   15  -29  -45   21   16  -13   -5    2   13    3 
  2060:    7    3   -1   -4    1    2    0    0    0    0 
  2070:    0    0    0    0    0    0    0    0    0    0 
  2080:    0    0    0    0    0    0    0    0  -11    6 
  2090:   -4    0    8  -31    4    7   14   12    3   12 
  2100:   -3    2  -19  -14   23   15   15  -13  -14  -23 
  2110:  -16   14    8  -10    3   -3   12   -2    0    0 
  2120:    0    0    0    0    0    0    0    0    0    0 
  2130:    0    0    0    0    0    0    0    0    0   -2 
  2140:    8   10    9  -11   -4   -7   -4    0   -1    6 
  2150:   10  -11    1    6  -12  -12   20  -48   -9    3 
  2160:   -1   19   13  -25   -1    7   -5    2   -1    6 
  2170:    0    0    0    0    0    0    0    0    0    0 
  2180:    0    0    0    0    0    0    0    0    0    0 
  2190:    1  -12  -23    8   14   17  -18   20  -29  -15 
  2200:    2   -7   -5    3    1  -12   -3    9  -25   24 
  2210:  -17   -3   -3   -5  -20   11  -11    7   -7   -7 
  2220:    3  -25    2    0    0    0    0    0    0    0 
  2230:    0    0    0    0    0    0   -1   -2    0    0 
  2240:    1    2    0   20   -1  -24  -17  -32    4    7 
  2250:   -2   -3    0    1    0    3  -11    9  -12    6 
  2260:   -2  -12   10    8   11   -5    8   11   -1   20 
  2270:  -28    6  -10   13   -7    0    0    0    0    0 
  2280:    0    0    0    0    0    0   -1    0    6   -4 
  2290:    0    9    0   13  -11   -7   22   -3   -2    5 
  2300:    8  -13   -3   20   -8   -1    2    1   -6  -13 
  2310:   12   17   -7   -5   -8    5   -1  -13    7   -4 
  2320:   12  -31   28  -19    0   -1   12    1    0    0 
  2330:    0    0    0    0    0    0    7   -1    4   -4 
  2340:   15   -3    0    6   -5   17   -6   -5    4    7 
  2350:  -12    7   10   -5    8   13    4  -18    4    9 
  2360:  -15    4    3   -7    0   -3    4   -4    4   -5 
  2370:   -2   13   -7    4    8  -11    1    0   -3    1 
  2380:    0    1    0    0    0    0    0    0   -8   -1 
  2390:    7    0    5   -5    0    0    1   12    4    4 
  2400:    4   -9   -6   -2    2   -1    3    2    3   -5 
  2410:   -2   -4    0    1   -1    1    0    1    1    3 
  2420:    0    1    0   -1    0   -1   -2    4   -1   -7 
  2430:    0    0    0   -1    2    1   -1    0    0   -4 
  2440:   -2   -1    5   -3   13   -4   -3   -5    1   33 
  2450:  -10    4   -8  -10  -28    9    2    9   16   15 
  2460:    2  -18    5    3    3    0    0   -1   -1    2 
  2470:    0   -2   -1   -1    2    2    2    0   -2   -3 
  2480:   -1    9   -2    0   -1    3   -6    0    1    0 
  2490:    0   -3    0   -1    0    0 
