     0:    0    0    0    0    0    0   -1    1    0    0 
    10:    0    0    0    0    0    0    0    0    0    0 
    20:    0    0    0    0    0    1    0   -1    0    0 
    30:    0    0    0   -1    0    0    0    0   -1    0 
    40:    0    0    0    2    0   -1    1    0    0    0 
    50:    0    0    0    0    0    0    0    0    0    0 
    60:    0    0    0    0    0    0    0    0    0    0 
    70:    0    0    0    0    0    0    0    0    0    0 
    80:    0    0    0    0    0    0    0    0    0    0 
    90:    0    0    0    0    1    0    0    0    0    0 
   100:    0    0    0    0    0    0    0    0    0    0 
   110:    0    0    0    0    0    0   -1    0    0    0 
   120:    0    0    0    0    0    0    0    0    0    0 
   130:    0    0    0    0    0    0    0    0    0    0 
   140:    0    0    0    0    0    0    0    0    0    0 
   150:    0    0    0    0    0    0    0    0    0    0 
   160:    0    0    0    0    0    0    0    1    4   11 
   170:    7   -1   -1    0    0   -1    0    0    0    0 
   180:    1    0    0    0    0    0    0    0    0    0 
   190:    0    0    0    0    0    0   -1    2    0    1 
   200:   -1    1    0   -2    0    0    0    0    0    0 
   210:    0    0    0    0    0    0    0    0    1   18 
   220:   50   -9  -19    8    9   -1   -6    8    2   -5 
   230:   11    1   -9   -1    0    4    1    0    0    0 
   240:    0    1    2    1   -1    1    4    0   -1    2 
   250:    6   -3    0    4   -3    0    0    0    0    0 
   260:    0    0    0    0    0    0    0    0    0    1 
   270:  -14   23   18   -1  -48   -7    1  -30   -1    5 
   280:    2    0   10   -1   -7    3   -2   -1    4   -2 
   290:    2   -2    2  -10  -18   -9    1    0   -1   -2 
   300:    1    5   -2    2   -1    3    0    1    0    0 
   310:    0    0    0    0    0    0    0    0    0    0 
   320:    0    3  -29   -7   19   20  -14    4    4  -52 
   330:   -8    3    3    2   -5  -10    3   14   -3   -3 
   340:   -8    6    6  -28  -22   -6   -4   33  -10   -9 
   350:   -1   -1    0   -1    0    0    0   -5   -4   -2 
   360:    0    0    0    0    0    0    0    0    0    0 
   370:    0    0   -1   19   27   17   18   15    4   -2 
   380:  -19  -27  -13   10   15    6    6    0   -4   -2 
   390:    5   10    0   10    7    1  -11   30   57   27 
   400:  -59   -1    5   -3    1    0    3   -1   -1    0 
   410:    5    0    0    0    0    0    0    0    0    0 
   420:    0    0    0    1  -14  -16   15    3   12   28 
   430:   23    5  -29  -23  -12   32    7   -6  -10  -18 
   440:   -3    0   21    5   -1    2   -5   -4  -23   48 
   450:   22  -50  -21   49    1    2   -1    1    1   -2 
   460:    2    4    1   -1    0    0    0    0    0    0 
   470:    0    0    0    0    0    1    4  -32  -11   25 
   480:  -23   20    9   30  -20  -30  -44   35   12   -9 
   490:   -6   -1   -9  -32    8   -8    6    8    0   -1 
   500:  -15   43  -21  -50   51   33  -16   -4    1    1 
   510:   -3    0    0    0    0    1    0    0    0    0 
   520:    0    0    0    0    0    0    1   -6    9    3 
   530:  -28   16  -22   14  -19   33   27   13  -45  -15 
   540:  -25  -28    4    6   -1  -14   -6    7   -8   25 
   550:  -11  -13   -7   34  -51    3   66  -22  -23    5 
   560:    2   -9   -5    0    0    0    0    0    0    0 
   570:    0    0    0    0    0    0    0    0    1   -5 
   580:    5   31  -25   11  -11    7  -16  -36    3   50 
   590:   25  -33    0  -36  -30   -5   28   -7  -15   10 
   600:    2    1    2   11    2   -2  -28   53   13  -56 
   610:  -19    3    0   -1    1    0    0    0    0    0 
   620:    0    0    0    0    0    0    0    0    0    0 
   630:    1   -6  -34   16   13  -11    5   -5   16   11 
   640:  -31  -31   23   26  -36   37    7  -24    7    4 
   650:    2    5   16  -13   24   -8    9   -6    7   30 
   660:  -50  -41   32    1    0    0    0    0    0    0 
   670:    0    0    0    0    0    0    0    0    0    0 
   680:    0    0   -1   12    3  -22   16  -17    6    8 
   690:  -29   -6   38   29  -41   18   13  -40   18   10 
   700:   -4   -5    1    0   -2    9    4   17    8   -4 
   710:    5   -3  -22   54    9  -12    1    0    0    0 
   720:    0    0    0    0    0    0    0    0    0    0 
   730:    0    0    0    0    1   -4   11  -14    7   18 
   740:   -2    9   19  -18  -24   -9   30  -29   14   -8 
   750:  -13    3   -2    3    1    4    6   11   11   -6 
   760:   -2    0    6  -32   45  -39  -26    7    0    0 
   770:    0    0    0    0    0   -2    0    0    0    0 
   780:    0    0    0    0    0    0   -1    4   12    9 
   790:  -23    1   14  -21   10   30   38    4  -11   28 
   800:  -36    2   -2   -6    8   -2    9    0    0   -4 
   810:   -3   -2   10   -2  -10   32  -32   13   21  -10 
   820:    2    0    0    0    0    0    0   -1    0    0 
   830:    0    0    0    0    0    0    0    0    0   -5 
   840:    1   21   16  -22    6   11  -24  -24  -29  -16 
   850:    6   10   29  -20    3    7  -20  -12    1   -2 
   860:   -5  -22   -2    4  -15    1    9  -23  -12   29 
   870:  -41    2    2    0    0    0    0    0    0    1 
   880:    0    0    0    0    0    0    0    0    0    0 
   890:    1  -10  -14    5   16   -2  -15   15   27    6 
   900:    2  -25  -34    6  -24   15  -10    8   44  -22 
   910:    6    1   -1   -3    9   -4    6   -6   -6   11 
   920:   45  -27   13    6   -2    0    0    0    0    0 
   930:    0   -1    0    0    0    0    0    0    0    0 
   940:    0    0    0   -1   -3  -10    6   20  -17  -26 
   950:   20   30   35   39  -27   26  -15  -40   11  -23 
   960:   27   43  -18    8   -3  -10   -5    7    6   -7 
   970:    9   53   15  -34  -23  -14    2    0    0    0 
   980:    0    0    0   -1    0    0    0    0    0    0 
   990:    0    0    0    0    0   -3    4    5   -3    6 
  1000:   19  -11  -23  -10  -14   43    8   -5   27  -25 
  1010:  -46  -21    7   26   15  -18  -22   17    5   10 
  1020:  -11   18    6   35   -1  -43    1   27   -1    0 
  1030:    0    0    0    0    0   -1    0    0    0    0 
  1040:    0    0    0    0    0    0    0    0   12   -2 
  1050:    8   -2    8    8  -26  -25  -20   21    9  -10 
  1060:    1  -21  -36  -16   -3   11    1  -26  -13   11 
  1070:  -21  -12  -30   32  -17   28    4  -47   -4   24 
  1080:   -1    0    0    0    0    0    0    0    0    0 
  1090:    0    0    0    0    0    0    0    0    0    1 
  1100:   -4   -4    9    2   -3   -3  -22  -27    0   15 
  1110:   -4  -26  -18  -22  -19  -11    1   -2    0  -14 
  1120:    2    7  -38  -17  -30   12  -12    8   29  -15 
  1130:  -16    3    0    0    0    0    0    0    0    0 
  1140:    0    0    0    0    0    0    0    0    0    0 
  1150:    0    0   -1   -6    6    9   -2    8    3  -12 
  1160:   16   10    5   -5  -10  -11    1    5    5   -7 
  1170:    3   -1    5    0  -12   23  -29  -18  -13    1 
  1180:   27   22    7   -1    0    0    0    0    0    0 
  1190:    0    0    0    0    0    0    0    0    0    0 
  1200:    0    0    0    0   10    4   13   -3    1   12 
  1210:    7    1  -11  -10   -4   12    4   -9    0   -2 
  1220:   -6   -5   -3   -1   -3    4    1   21   -7    2 
  1230:  -12  -19    6   40   19  -10    1    0    0    0 
  1240:    0    0    0    1    0    0    0    0    0    0 
  1250:    0    0    0    0    0    0   -6   -3    4    8 
  1260:    0    6  -13   -6   -7    0    6   -1    5    6 
  1270:   -2   -3   -2    3   -9    1    5  -15   -1   -9 
  1280:    0   11    4  -14   -7   22   -6  -10    1    0 
  1290:    0    0    0    0    0    0    0    0    0    0 
  1300:    0    0    0    0    0    0    0    1  -10   -7 
  1310:   -1   -5  -10    1    7    4   12   -1   -3   -1 
  1320:    4   -1   -9   -7   -4   -2    3   -1    4  -11 
  1330:  -15    5   11   24    9   -3   13   20    6    2 
  1340:    0    0    0    0    0    0    0    0    0    0 
  1350:    0    0    0    0    0    0    0    0    0    0 
  1360:    0   -2   -1    3    3   -7   12    0  -11   -5 
  1370:    6   -3    2    6   -5    0   -2  -21    0    8 
  1380:    4  -16    0    6    3   21   -6  -14   16   16 
  1390:   -5    1    0    0    0    0    0    0   -1    0 
  1400:    0    0    0    0    0    0    0    0    0    0 
  1410:    0    0    1   20    1    0  -10    3    3   -3 
  1420:   -2    1   -4    3   13   10    5   -2   -9    2 
  1430:    6    8   -2    3    2    0    4   -8   -9    0 
  1440:   24   11   -7    0    0    0    0    0    0    0 
  1450:    0    0    0    0    0    0    0    0    0    0 
  1460:    0    0    0    0   -2    2    1    4   -6   -1 
  1470:    1  -11   -8    7    3   -5   -9    7    1    0 
  1480:    0    5    0    4  -14  -29   -9    6   -3   -9 
  1490:    6    6    3    5   -6    1    0    0    0    0 
  1500:    0    0    0    0    0    0    0    0    0    0 
  1510:    0    0    0    0    0    0    2   -9  -17   -2 
  1520:   -7    6    7    4    3   -3    2    0    5   12 
  1530:    4   -1   -1   -3    1    0    0    1    0   -1 
  1540:   -4    2  -12    4   -2    0   -1    0    0    0 
  1550:    0    0    0    0    0    0    0    0    0    0 
  1560:    0    0    0    0    0    0    0    0    0    0 
  1570:    9   -9   -6   -3    1  -15   -6   -3    1    3 
  1580:    4  -17  -10    3    1   -1    8   -1   -9   10 
  1590:    2    0    0    0    3    3    0   -4    0    0 
  1600:    0    0    0    0    0    0    0    0    0    0 
  1610:    0    0    0    0    0    0    0    0    0    0 
  1620:    1   -5   -9    2    7    1    5    3   -3   11 
  1630:    0   12    5   -3  -11  -14   -5    1   -4  -10 
  1640:    0   11   -3   -4   -8    6    1   -1    1   -1 
  1650:    0    0    0    0    0    0    0    0    0    0 
  1660:    0    0    0    0    0    0    0    0    0    0 
  1670:    0    0    1   -6    1    4    2    2   -3    8 
  1680:   -6   -5   -3   23    6   -5   -1   -2   -2    2 
  1690:   13    9    7   11   -3   -7   -6   -3   -1   24 
  1700:   11    7    0    0    0    0    0    0    0    0 
  1710:    0    0    0    0    0    0    0    0    0    0 
  1720:    0    0    0    0    0    3    3  -13    1   -4 
  1730:    2   16    8   -7    2   -9    5   -3   -7   10 
  1740:   11    9    2    3   -7   -7    4    3   -3    6 
  1750:    7   15    3    2    0    0    0    0    0    0 
  1760:    0    0    0    0    0    0    0    0    0    0 
  1770:    0    0    0    0    0    0    1   17    7   -5 
  1780:   -9   -2   -3    9    6   -4    8   13   -8   13 
  1790:  -13    9    4    3   -4  -14   -2   12  -10   -5 
  1800:  -20  -10    4   -5  -15   -5    0    0    0    0 
  1810:    0    0    0    0    0    0    0    0    0    0 
  1820:    0    0    0    1    0    0    0    0    5   -3 
  1830:    2    5    0   -1   -2    7    4   -3    9    5 
  1840:    2    5    0  -13   15    9   15    3    0    0 
  1850:  -18    5    9    7    0   -5    4   -1    0    0 
  1860:    0    0    0    0    0    0    0    0    0    0 
  1870:    0    0    0    0    0    0    0    0    0    0 
  1880:   -1    7   -9    8    8   16    1   -2   -4    2 
  1890:    1    8  -17    7   -4    8    5   -1   -4   14 
  1900:    4   -8   -4   11    1    2    9   -1    3   -2 
  1910:    0    0    0    0    0    0    0    0    0    0 
  1920:    0    0    0    0    0    0    0    0    0    0 
  1930:    0    0    5   -7   -3  -21    6    1   17    0 
  1940:    0   -4    6   -4   -6   14   -2  -13   12   15 
  1950:   -1   -9    3    0   10  -10   -5  -14    6   -3 
  1960:   -7   -1    0    0    0    0    0    0    0    0 
  1970:    0    0    0    0    0    0    0    0    0    0 
  1980:    0    0    0    0    4  -13    2   13   20   11 
  1990:   -5   -4    3    4   -1  -13    2    5   14   -3 
  2000:    4    6   -8   -6    1   -4   -7   -8    1   -4 
  2010:    5   13   25    4   -1    0    0    0    0    0 
  2020:    0    0    0    0    0    0    0    0    0    0 
  2030:    0    0    0    0    0   -2    7   10    5   19 
  2040:    7   -9  -19    3   14  -15    7   -3    5   -5 
  2050:   -8   20   10    1   -4    2    3    0   -2   13 
  2060:    0   -4   21   -1   -4    2    0    0    0    0 
  2070:    0    0    0    0    0    0    0    0    0    0 
  2080:    0    0    0    0    0    0    0    0   -3   -7 
  2090:    5   17    2    5    9    6    1   -5    1    1 
  2100:   17    7    7   21  -14  -10    9    2   -4  -10 
  2110:   -9   18    6   -5    3    8   14   -2    0    0 
  2120:    0    0    0    0    0    0   -1   -1    0    0 
  2130:    0    0    0    0    0    0    0    0    0   -4 
  2140:    8   17    3   -4   11   -3   12   -5   -4   -4 
  2150:    1   -4  -16    6   -7    2    6    3   14    8 
  2160:  -18    9   -6   -6   -2   10    0   -6   11   -1 
  2170:    0    0    0    0    0    0    0    0    0    0 
  2180:    0    0    0    0    0    0    0    0    0    0 
  2190:   -1   -4    9   13    1   12   -4  -11    6   -5 
  2200:   -6   -4    9    8   14    7    1   -1   -5  -15 
  2210:    2   -4    1  -10   10    0    4   15    3    2 
  2220:    5   -9    0    0    0    0    0    0    0    0 
  2230:    0    0    0    0    0    0    0    0    0    1 
  2240:    0    0   -1    5  -13  -21  -20   -7    2    2 
  2250:  -10    0    5  -14   13   10    5   -6  -11    4 
  2260:   10    7  -14    3  -12   -6    6   21   -8    8 
  2270:   19    5    5   -9    4    0    0    0    0    0 
  2280:    0    0    0    1   -1    0    0    0   -4    0 
  2290:    2    1   -7   -2    7   11  -15  -14   -8   -9 
  2300:    9   -2    0    4   -1    5   -4   -2    6   -2 
  2310:    7  -11    0   -6   -7   -2    2    3   -5    1 
  2320:   -8   -6   -2  -12   -6   11   11   -1    0    0 
  2330:    0    0    0    0    0   -1    8    3    0    0 
  2340:   10    3    2    4   -3   -1  -17   -5    9   20 
  2350:    0   -7   -1   20   10    0   10   20   -2    6 
  2360:    5    9   -2    0    3   -3   -2    6    8    0 
  2370:    2    0    2    7    3    6    0    2   -3    0 
  2380:    0    0    0    0    0    0    0   -1    4   -4 
  2390:    5    4   10    4    8   -8    7    8    9    6 
  2400:    1    6    1   -1   -7  -15   -2   -1    1   -5 
  2410:   -3   -3   -5   -1    0    0    1    6    0   -3 
  2420:   -1   -4   -3    2    2    0    0    2   -3   -7 
  2430:    1    2   -4   -6    2    0   -1    1   -1   -6 
  2440:   11    6   -2    3  -18  -12   -3    5    6    3 
  2450:   -3  -10   14    9  -12    7   18   11    0    7 
  2460:   -3  -11   -9   -2    2    1    0    0    1    1 
  2470:    3   -1    0   -2   -1    0    0   -2   -1   -1 
  2480:   -3   -2    0    1   -1    2    0    0    0    0 
  2490:    0    3   -6    3   -9   -9 
