     0:    0    0    0    0    0    0    0    1    1   -6 
    10:    6   -3    6    0    2   -1    0    0    0    0 
    20:    0    0    0    0    0    0    0    0    0    0 
    30:    0   -3    6   -1   -4    1    0    0    0    0 
    40:    0    0    0    1   -4    5  -26   23   -7    6 
    50:    4   -1    2   -3    2   -1    0    0    0    0 
    60:    0    0    0    0    0    0    0    0    1    0 
    70:    0    0    0    0    0    0    0    0    0    2 
    80:   -1  -29  -23  -42   12   12  -20   14    5   -2 
    90:   -8    6  -12   -3   -2    0    0    0    1    1 
   100:    1    1    1    5   -7   -7    1    0    0    0 
   110:    0    0    0    0    0   -1  -11  -33  -35  -24 
   120:  -19  -19  -14  -24    5   -2   10   -3   -3    1 
   130:   -6  -16    6    7    7  -10   -6   -5  -15   -8 
   140:    8   30    4   -7    0    0    0    0    0    0 
   150:    0    0    9   -4  -31  -29   -3    0   -8   -5 
   160:    1   -6   -8   -2    2   -3   -4    4  -18   19 
   170:   13    6   -7  -26  -38  -21  -24   -8   15   41 
   180:   21   -1    0    0    0    0    0    0    1   23 
   190:    8  -11  -14  -19   -9    9   15   16    8    8 
   200:  -11    3   -3    4  -17   -7   33   12  -10  -18 
   210:  -21  -36  -29  -16  -26  -29    2   21    2    0 
   220:    0    0    0    0    2   -2  -11   -2    7    3 
   230:  -15   -9   16   13    7   16    9    0   -1    1 
   240:    4  -25    8   42   13  -19  -23  -17  -15  -35 
   250:  -36  -31  -36  -29   14    7   -1    0    0    0 
   260:    0   -5   -5    5    4    4   15    1   -8    7 
   270:   -3  -12    1   -2    2   -4    5  -13  -16    5 
   280:   35   36    5  -20  -15  -22  -31  -18   -5    2 
   290:   -6   -8    1    0    0    0    0    1    5   -9 
   300:   -3   -8  -15  -10    0   11   -1  -12    1    5 
   310:   -1    1   -5   -6  -16    0   -3   15   43   30 
   320:   16    9    3  -23   -7   16   26   29   11  -11 
   330:   -7    1    0    0   -2    5    9   -1   -1  -17 
   340:   -3    0   -8   -5   -2    6   -3    2   11   -3 
   350:    1    5   -9  -15   -2   19   35   30   27   -5 
   360:  -11   15   32   23    8   -2   15    4   -1    0 
   370:    0    1   -5    0    1    1   -1   -3    9    3 
   380:  -16  -11    2    1   -1   -8   -7   15   -5  -26 
   390:  -36  -33  -35  -23  -20  -20  -29  -10    4  -10 
   400:  -22  -18  -18    4    1    0    0    0   -6    2 
   410:   -1   -8    5    2   -1    4   -1   -2   -1   -2 
   420:    0    3    1  -10   16   10    3  -24  -26  -26 
   430:  -25  -23  -12    6   11   -3   -9   -4   12   25 
   440:   39    8   -2    0   -1    1   -4    4    6    4 
   450:   -2   -1   -5    1    0   -2    0   -3    0    2 
   460:   -8    5   22   -5   -1   19   30   22   26   11 
   470:  -11   -7   -2   18   35   28   24   36   30    1 
   480:   -1    0   -2    0   -4   -5   -2    0    0    1 
   490:    1   -1   -3   -2   -3   -6    3   12    5  -14 
   500:  -13   21   11    4   25   23    8   -8  -13   -9 
   510:   14   -6  -15   -6   26   28    8   -2   -1   -8 
   520:   -4    6    5    4   -9    2   -1    0    3   -1 
   530:    0    3   -2    2    0   -4    4   14    2  -18 
   540:    1   35   -5    8   19    8   -2    1   -6  -22 
   550:  -26   -1    0    1    0    2    3    8    1   -6 
   560:   -2    4    0   -1    2   -3    2   -4    7   -2 
   570:    2   -2    9   15   -3  -21  -16    9   14    3 
   580:    7   26   15    3   11    5  -13  -36  -22    1 
   590:   -5    0    6    8   -3    3    8    4    4   -2 
   600:   -1    8    0    2   -4   -5   -5    1    1   -2 
   610:  -13   -5  -10  -21   -8   11   14   24   27   13 
   620:    9    4   15   13   -9   -8   20   -4   -2   -2 
   630:   -3   -3  -20   -4    3    3    0   -6    3   -3 
   640:    0   -2    4    3    2    6   -3    6   10  -16 
   650:  -36  -12   33    4   11   22    0   -7  -10   -3 
   660:    8   10   14   25   -4   -2   -1   -8    9   -3 
   670:    2   -3   -3   -5   -4   -1   -2    1   -2   -5 
   680:   -3   -2    7   -9    1   10   -6  -30   -2   36 
   690:  -21   14   18  -20  -24  -20  -12  -12   -2   19 
   700:   23  -13   -1   -7  -10   10   20    5    6    0 
   710:    3   -5    3   -5   -1    0   -3   -3    0    3 
   720:   -3   -1   18    4  -24    8   21  -13   18   -3 
   730:  -15  -30  -20   -6   -3   -9   22   14    0    0 
   740:   -7  -18   -7   -1   -7    1    9    1   -2   -2 
   750:   -2   -3   -1    0    1   -2   -3   10    6    5 
   760:  -15    0   23  -15    5   -9  -11   15  -22  -17 
   770:    8    6    0    7  -18   -2    1   -7  -14  -17 
   780:  -12  -11   -7    1   -1   -6    3    0    3   -1 
   790:   -9    3    2   -2    4    2   -8  -17   11    1 
   800:   -5    4  -11    1    4  -17   -9    3   -2   -9 
   810:   -3   -6   13   -3   -3   -3  -13  -17  -16  -18 
   820:    1   -4   -4   -2    3    2    3    1    2    0 
   830:   -7   -4    5   -3    3   -2    6   -4   -2   -2 
   840:    7    0   -7   23    1   -6   -9   -3   -2    0 
   850:    0   -2  -12  -11   -8    3  -10    2   -2    1 
   860:   -4   -4   -2    0    3   -2    3   -5    5    3 
   870:    9    2    3    0   -4    4    1   -4   -6    3 
   880:   13   -7   -5   -8    3    0    0    0    0    0 
   890:  -21  -13    2   -4   -1   -1    7    3    3   -5 
   900:    2   -5    2  -11   -6    2    0    1   -8    0 
   910:    3    2   -1    3   -3   -6   -8    5   -7    1 
   920:    2  -10   -2    0    0    0    6  -15    2    0 
   930:    1   -4  -12   -5    5    2    4    2  -10  -10 
   940:  -10    3    0    2    1    4   -9   -2    2    4 
   950:    0    4    4    0    7    2   -5   11   -9   -2 
   960:    0    0   -1    8    2  -12  -11    7    0   -5 
   970:   -5    1   -3    7    4    6   -4    5    0    5 
   980:   -4    6   -6   -4  -10   -4   -5   -9    3    0 
   990:  -13   -8   -4    2    1    0    1    0    0    0 
  1000:   -1    7   -7  -23   -6    0    1   -7    5    3 
  1010:    1    0    7   -3    6    7  -12    1   -7   -7 
  1020:   -7    1   10   -6   -9   -6  -10    6  -13  -13 
  1030:   -6   -7   15    0    0    0    0    0   -1    5 
  1040:    2   -9   -4    2   14  -18    8    2   -6   -1 
  1050:    0   10   -8    6   -8  -16    8  -12   -1   -1 
  1060:  -11    6    7    5   -4  -15  -12    5    1    0 
  1070:    1    0    0    0    0    0    0    4    2   -2 
  1080:   -5    3    0    6   12    4   -2    8   -9   -6 
  1090:   -4   -5    1   11    1    0   -2   -2    0    1 
  1100:    7  -11   -9  -13   -3    1    0    0    0    0 
  1110:    0    0    0    0   -1    5   -9  -10   -9  -16 
  1120:  -10   10   -4   -2   -6   12    8    4   34   -4 
  1130:   -8    0    6    2   11   -2  -16   -3   -7    2 
  1140:    2   -4   -5    1    0    0    0    0    0    0 
  1150:    0    1   -3    8    8    1   -2    2    6  -14 
  1160:   -5  -10   12    5   -5    3   -8    1    4   -9 
  1170:   -2    3   -1   -5    6   -7   -3    1    2   -6 
  1180:    1    0    0    0    0    0    0    0    0    6 
  1190:   11   18    3    3    5  -11  -12   -1   -3    4 
  1200:   -4    2   -3   -7   -7    4    9    8  -17    5 
  1210:    0   -4    8   -1  -11    6   -3    0    0    0 
  1220:    0    0    0    1    4  -18   21    0    0   13 
  1230:   -8    9   -4   -7    4  -10    2   -6    0   -4 
  1240:   10  -17   -1   -8   15  -11  -13   13   -1   10 
  1250:   -4    1   -3    0    0    0    0    0   -1    0 
  1260:    0  -13  -18    5  -16    2   17   -9   11    4 
  1270:    8   -8   -4    6   -4    1    6    6   -5    7 
  1280:   -4    1    5  -14    5    6    1    0    0    1 
  1290:    0    0    0    0    0    0   -1   -8   -2   10 
  1300:   -4   15   14   -3   -8  -16    5    3  -17   14 
  1310:    3    1    2    9    6   10   18   -4   -4   -3 
  1320:    0   -6    1    2    0    0    0    0    0    0 
  1330:    0    0   -1    2   13    3   -2   -2   19    3 
  1340:    3  -11    3    6  -13    1   16   -8   -7   -8 
  1350:    9  -15    9    7   15    3    1    3   -2    0 
  1360:    0    0    0    0    0    0    0    0    0    8 
  1370:    8    4   -6    1    0    4   -5   -1    2    1 
  1380:   -1    0    1   -2    0    0   -1   -1    1   -2 
  1390:   -1    0    1    0    0    0    0    0    0    0 
  1400:    0    0    0    0    0    0 
