     0:    0    0    0    0    0    0    0    0    0    2 
    10:    0    2   -1   -2    2    0    0    0    0    0 
    20:    0    0    0    0    0    0    0    0    0    0 
    30:    0    0    0    0    0    0    0    0    0    0 
    40:    0    0    0    0    0    0    0    0   -1    1 
    50:    0    0    0    1    0    0    0    0    0    0 
    60:    0    0    0    0    0    0    0    0    0    0 
    70:    0    0    0    0    0    0    0    0    0    0 
    80:    0   -1    1    0    0   -1    0    1    1    0 
    90:   -2   -1   -1   -1    0    0    0    0    0    0 
   100:    0    0    0    0    0    0    0    0    0    0 
   110:    0    0    0    0    0    0   -1    3    0   -1 
   120:   -1    0    1   -1    1   -2   -1    0    0    1 
   130:    0   -1    0    0    0    0    0   -1    1    0 
   140:    1   -1    1    0    0    0    0    0    0    0 
   150:    0    0    2    0   -3    2    2    2    1    0 
   160:   -2   -1   -1    1    0   -1   -1    1    1   -1 
   170:    1    1    1    1    0    1   -2    1    3    0 
   180:   -1    0    0    0    0    0    0    0    0   -1 
   190:   -1    0    1   -1   -1   -2    0   -1    1   -1 
   200:   -3    0    0    1    0    0    1    1    1    4 
   210:    4    0    0   -3   -3   -3   -2    1   -1    0 
   220:    0    0    0    0    0    3    0    0    3   -2 
   230:    3    2    0    0    0    0   -1   -1    0    0 
   240:   -1   -1    0    0   -1    1    2    3    2    4 
   250:   -1    4   -1    1   -4    2    0    0    0    0 
   260:    0    0   -2    1   -1    0    2   -2    2   -2 
   270:   -2    0    0    0   -1    1   -1    0    0    1 
   280:    2   -2    0    3    4    2    2    4    0    0 
   290:   -3   -1    0    0    0    0    0    0    1    0 
   300:   -2    1   -1   -2   -1   -1    0    1    1    0 
   310:   -1    0   -2   -1    1   -2    0    1    0   -6 
   320:   -4   -2   -1    0    1   -1    1    3    0   -2 
   330:    0    0    0    0    0   -1    1   -1    2   -2 
   340:    3   -2    3   -1   -2    1    0   -2    2   -1 
   350:    0    0    0   -2    1    4    1    0    2    2 
   360:   -1   -1    0   -1    0    0   -1    0    0    0 
   370:    0    0    0    2   -1   -1    0    0    0    0 
   380:    0   -1    0    1    0    2    0    1    3    3 
   390:   -1   -5   -6   -2   -2   -2    0    1    1   -1 
   400:   -1   -1    0   -1   -3    0    0    0    0   -2 
   410:    0   -1    1   -1   -1   -2    0    0    0    0 
   420:   -1    0   -1   -2   -2    0    0    1    4    5 
   430:    4    4    4    0    0   -2    4    0    0    2 
   440:    1   -2    0    0    0    0    4   -1    1   -1 
   450:   -1    1   -1    1    2    0    1    1    0   -1 
   460:    1    1   -2    0    3   -4   -4   -3   -4    0 
   470:   -4   -3    3    0   -3   -1   -2   -1    0    0 
   480:    0    0    1    2    3    0    0    0    0   -1 
   490:   -1    0    0    0   -2   -1   -1    4    4    2 
   500:    0   -2    2    0   -2   -1   -1    3    2    0 
   510:    0    0    0   -1   -2    3    0    0    0    0 
   520:   -2   -2    0    0    0    1    0    1    1    0 
   530:   -1   -1    1    1    1   -1    2    1    2   -4 
   540:    0   -2   -1    2   -2   -2   -1    1    1    0 
   550:    2    1    1    0    0    1    2    1    0    1 
   560:   -2    0    0    0    1    0    2   -1   -1   -1 
   570:   -2    1    0   -2   -1   -4   -1    0    3    0 
   580:   -2    1   -2   -2    0   -1   -2   -3    1    0 
   590:    0    0   -2    1    1   -2    2    2    0    0 
   600:    0    0    1   -1    1   -1    0    1   -2    1 
   610:   -1    1    0    0    3    1    2    2    1    0 
   620:    2   -2   -1   -2    3    0    0   -2    1    0 
   630:   -3    0   -1    0    0   -1    0    1    0   -2 
   640:    0   -1    2    1   -2    3   -1    0    0   -2 
   650:   -1   -4    0    1    1   -1    0    0   -1    1 
   660:    3    1    0   -1    0    0    0    0    0    0 
   670:    0    1    0    0    0   -1    3    0   -1    1 
   680:   -1    0   -1    1    0    2   -3    0   -1    0 
   690:    1    0   -2    1    1    0   -3   -1   -2    1 
   700:   -1    1    0    1   -4    3    0   -2    0    0 
   710:    0   -2   -1   -3    2   -3   -1    4    3    1 
   720:   -1    1    0    2    4   -2    1    0    0    1 
   730:   -1    1    0   -1   -1   -1    0   -2    0    0 
   740:    1   -2   -5    2    0   -1    1   -1    2    0 
   750:    4    0   11   -2   -6  -11   -5    1    2    1 
   760:    0    0    1   -1    1    1    1   -1   -1    0 
   770:    1    0    2   -1    0   -1    0   -2    5   -2 
   780:   -3    3   -2   -1    2    0    1    2   -1  -10 
   790:    4   -3    6    8    2    0    0    0    1    0 
   800:    0    0   -1   -2    0    0   -2    1    1   -1 
   810:    0    3    0    0    0    3    3    2    1    0 
   820:    0   -2    0    1    0    5    7  -10   -6    2 
   830:   -3    0    1   -1   -3   -1    0   -1    0    0 
   840:    0    0    0    0    1    0    2    1    0    1 
   850:    0   -1    2    3    3    2    1    1    2    0 
   860:    2   -1   -3    1    2   -4   -2    0    0   -1 
   870:    0    1    0    0   -2   -1    0    1   -1   -2 
   880:   -1    0    1    0    1   -1    0    0    0    1 
   890:    1    0   -1    0    0    0    0    2    2    0 
   900:    1   -2    0   -2    0   -1    1    1   -2    0 
   910:    0    2   -1    1    0    2    1    1   -1   -1 
   920:   -1    0   -2    0    0    0   -1    0    3    1 
   930:    1    0    0   -1   -1    0    0    0    2   -1 
   940:    0    0    1    1    0    1   -2    4   -1    2 
   950:    1    1    0   -1    0    1    3    0    1   -1 
   960:    0    0    0    0   -1    0   -2    0    0    0 
   970:   -1   -1    1   -1    0   -1   -1   -1    0   -3 
   980:    0    0    2   -3   -2    0   -1    2   -2    0 
   990:    1    0    0    0    0   -1   -1    0    0    0 
  1000:    0   -1    1    0    1    0   -2    0   -1    1 
  1010:    0   -1    0    0   -3    0    1   -2   -1   -2 
  1020:    2    1    1    0   -2    2    0   -3    0    1 
  1030:    1    0   -1    0    0    0    0    0    0    0 
  1040:   -1   -1    0    0   -1    1    1   -1    1   -1 
  1050:    2    1   -2   -1    2    2    1   -3    0   -2 
  1060:   -2    0   -1    0    2   -1    0    2    0    2 
  1070:    0    0    0    0    0    0    0    2    0   -3 
  1080:    3    1    1   -2    0    0   -1    0   -1    1 
  1090:    2    0   -1   -1    0    0    0    0   -1    1 
  1100:    2    0    2   -3   -4    1    0    0    0    0 
  1110:    0    0    0    0    0    0   -1    0   -2   -2 
  1120:   -1    0    3    1   -1    2    0   -2    0    4 
  1130:   -1    0    0   -1    0   -1    0    2   -2    1 
  1140:   -4    1    0    0    0    0    0    0    0    0 
  1150:    0    0    0    1   -1    1   -1    2    0    3 
  1160:    1   -1    0    1    0   -1   -3    0    0    0 
  1170:   -1    1   -2    1    0    0    1    0    0    3 
  1180:    0    0    0    0    0    0    0    0    0   -1 
  1190:   -2   -2   -2    1    0    0   -1    1    2   -3 
  1200:   -2   -1    0    4    0   -1    0   -1    1    1 
  1210:   -5    1    1   -1    0    1   -1    0    0    0 
  1220:    0    0    0    0    0    1    0    2    2   -3 
  1230:    0    1   -1    2   -2   -2    0    2    3   -2 
  1240:   -1   -1    0    2    2    2   -2    0   -1   -2 
  1250:    0    0    0    0    0    0    0    0    0    0 
  1260:    0    0    1   -2    1    2    0    1   -3   -1 
  1270:   -1    0    0    0    0    0   -1    1    0   -2 
  1280:    0    0   -2    0    1    0    0    0    0    0 
  1290:    0    0    0    0    0    0    0   -2   -2    0 
  1300:    1   -3   -3    1   -2   -2    0    1    2    2 
  1310:   -1    2    2    0    2    2    1   -1    1   -1 
  1320:    1    0    0    0    0    0    0    0    0    0 
  1330:    0    0    0    1   -2    0    0    3    2    1 
  1340:    0    0    1    0    0    0   -1   -3    1    1 
  1350:    2    0   -2   -1    2    0    1    1    0    0 
  1360:    0    0    0    0    0    0    0    0    0    0 
  1370:    0    0    0    0   -1    0    0    0    0    0 
  1380:    0    0    0    0    0    0    0    0    0    0 
  1390:    0    0    0    0    0    0    0    0    0    0 
  1400:    0    0    0    0    0    0 
