     0:    0    0    0    0    0    0    0    0    3   -1 
    10:   -1   -1   -1   -1   -1    1    0    0    0    0 
    20:    0    0    0    0    0    0    0    0    0    0 
    30:    0    0   -1    0    0    0    0    0    0    0 
    40:    0    0    0    0    0   -1   -3    0   -1    1 
    50:   -3   -1   -1   -1    0    0    0    0    0    0 
    60:    0    0    0    0    0    0    0    0    0    0 
    70:    0    0    0    0    0    0    0    0    0    0 
    80:    1   -4   -1   -2    5    1   -1    0    0   -1 
    90:    0   -2    0    0    0    0    0    0    0    0 
   100:    0    0    0    3    2    0    0    0    0    0 
   110:    0    0    0    0    0    0   -2    0    1   -1 
   120:   -1   -1   -4   -4   -4    0    0    0   -1    0 
   130:    0    0    0    0    1    0    0    0    0    0 
   140:    0    1   -1    0    0    0    0    0    0    0 
   150:    0    0    1   -4    0    0    2    8    1    0 
   160:   -2   -1    1    1    0    0    0    2    0   -1 
   170:    0   -1   -2    0   -1    1    1    0    0    0 
   180:    0    0    0    0    0    0    0    0    0   -1 
   190:    2   -2    1   -5   -3    0    0    0    0    0 
   200:    0    0    0    1   -3    1    1    0    1    0 
   210:   -1    2    3    3    1   -2   -1    2    0    0 
   220:    0    0    0    0    0    2    0    0    1   -1 
   230:    0    2    0    1    2    2    2    1    1   -1 
   240:    0    2   -2    3    0    0    0    0    0    0 
   250:    1    1    0    0   -1    0    0    0    0    0 
   260:    0    0   -1    0    0   -2    0   -1    0    0 
   270:    1   -3   -6   -3    1    0   -1   -6    1    0 
   280:   -1    0    1    1    0   -1    1   -1   -3   -2 
   290:    2    0    0    0    0    0    0    0    0   -1 
   300:   -1    0   -1    0   -2   -2    2    1    2    1 
   310:   -7   -5   -1    3    4   -1    1   -1    2    1 
   320:    1   -2    0    0    1    0    0    0    0    0 
   330:    0    0    0    0    0    0    0   -1   -1    0 
   340:   -1    0    2    1    1   -2    1    6    2    0 
   350:   -1    1    4   -1    0   -1    1    1    0    0 
   360:    0    0    2    1    0    2   -1    0    0    0 
   370:    0   -1   -1    2    1    1    0   -1    1    0 
   380:    0   -1    0    2   -3    1   -1    5    1   -1 
   390:    0    1    1    0    0    1    0    0   -1    0 
   400:    0   -1   -1    0   -1    0    0    0    1    0 
   410:    0    1    0    0   -1   -1    0    0    0    0 
   420:    0    0    2    0   -3    0   -1    1    0    0 
   430:    0    1    0    0   -2    2   -1    2    0    1 
   440:    1   -1    0    0    0    0    0    0    0    1 
   450:    1    0    1    0    0    0    0    0    0   -1 
   460:   -3    0    3    1   -2   -1    0    1    0   -2 
   470:    0    1    0    1   -3   -1    2    0   -2    0 
   480:    0    0    2    2    1    0    0   -1    0    0 
   490:    0    0    0    0    0   -1    1   -1    4    2 
   500:   -1    1    0    0    0   -1    1    0    3   -2 
   510:    2    1   -1    2    1    0    1    0    0    1 
   520:    0    1    0    0   -1   -1    2   -1    1    0 
   530:    0   -1    1    0    1    2    1   -1    0    3 
   540:    3    2   -1   -3    3    1    0    0    0    1 
   550:   -1    0    0    0    0    0    0    0    0    0 
   560:    0    0    0    1    3    0   -1    0    0   -3 
   570:    0    0    1   -1   -3    0   -3   -1   -2   -2 
   580:    1    0    0   -2    0    2   -1    0   -2    0 
   590:    1    0    0    0    0    1    1   -1    0    0 
   600:    0   -1    0    0    2   -2    0    0    0    0 
   610:    0    0    0    1    2    0   -1    0   -1    0 
   620:    1    1    1    0   -4    1    1   -1    0    0 
   630:    0    2    1   -1    0    1    0   -1    0    0 
   640:    0    1    0   -1    1   -1    0    0   -1    1 
   650:    0    2   -1    1    1    1    0   -1   -1   -1 
   660:    0    0    0    1    0    0    1    1    0    2 
   670:    0    1    1    1    1    0   -1    0    0    0 
   680:    0    0    0    1    0    1    2    1    0    4 
   690:   -1   -2   -1   -2    2    1    0    1   -1   -1 
   700:    0   -1    0    0    0    0    0    0    0    0 
   710:    1    0    0    0    1    1    0    0    0    0 
   720:    2    0   -2    2    2   -1    0    0    0    1 
   730:    3   -1   -1    3    2   -1    0    1    0    0 
   740:    0    0   -1    0    0    0   -1    0    0    1 
   750:    1    0    0    0    1   -1   -1   -4   -4    6 
   760:    0   -1    2   -1   -3   -1    0    0    2   -1 
   770:   -4   -1   -1   -1    0   -1    0   -1   -1   -1 
   780:    3   -1    1    2    1    1    0    0   -1    1 
   790:    0   -2    4    1    2    7    4   -1   -2    0 
   800:    1    1    0    1   -1   -1    0    0    1    3 
   810:    2   -1    0    0    0    1    1    1    0   -4 
   820:   -2    1    5    0   -4    0    0    0    2   -1 
   830:   -5    4    0   -1    0   -3   -1    0   -1   -1 
   840:   -1    0   -1    0   -1    1    2   -1    0    0 
   850:    0   -1    2    0    0   -1    2    0   -1    1 
   860:   -6   -8   -4    0    7   11   -5   -4    1    2 
   870:   -1    0    1    2   -1    1    2    0   -3   -1 
   880:    0    0    0    1    0    0    0    0    0   -1 
   890:   -1    0    0   -3    0    2   -2   -1   -2   -3 
   900:   -8   -7   -5    0   -6    0    2    1    1    1 
   910:   -1    0    2    0    0    0    0    0   -1    0 
   920:    0   -1    0    0    0    0    4    1   -1   -2 
   930:    0   -2    0    2   -1    0   -1   -1   -2   -7 
   940:    0    0   -1    1    2   -1    1    1    2    0 
   950:    0    0   -1    1    1    0    0    0    0    0 
   960:    0    0    0   -4   -2    0    3    2   -2   -2 
   970:    2   -1   -2    0   -2   -1    2    2   -1    0 
   980:   -1    0    0   -1    1   -1    0    1    1    1 
   990:    2    0    0    1    0    0    0    0    0    0 
  1000:    0    0    2    0    0   -2    1    0    0   -1 
  1010:    1    3    1   -2   -1    2    0    0    1    2 
  1020:   -1    0   -2    0    2   -1    2   -1    2    0 
  1030:    0    2    1    0    0    0    0    0    0    1 
  1040:   -1    0   -2    0    1    0    1    1    6    2 
  1050:    2   -4    0    2   -1   -1    2    2   -3   -3 
  1060:    2    2   -1    2   -1    0    0    1    0   -2 
  1070:    0    0    0    0    0    0    0    1    1   -3 
  1080:    3    0    1   -1   -1    0   -3    0   -1    0 
  1090:    0    1    0    0    0    0    0    0   -2    1 
  1100:    4   -1   -2   -1   -1   -1    0    0    0    0 
  1110:    0    0    0    0    0    1    0   -2    1    1 
  1120:   -2   -3    0    0   -1   -1   -2   -3    3    0 
  1130:    0    0   -1   -1    1    0    1    0    0    0 
  1140:   -2   -3    1    0    0    0    0    0    0    0 
  1150:    0    0    0    2   -1    2   -1   -1   -2    1 
  1160:    1    4    2    1    2   -1    0   -2    0    0 
  1170:   -2   -1   -3   -4    6    3   -1    0    0    0 
  1180:    0    0    0    0    0    0    0    0    1    0 
  1190:    3    0    1    2    1    1    2   -1   -3   -1 
  1200:    1    1   -1    0    0   -1    0    0   -2    1 
  1210:    3    1    0    0    0    1    0    0    0    0 
  1220:    0    0    0    0    1    2    1    3   -1    1 
  1230:    2   -1    1    0    1    2    1    0   -2   -3 
  1240:   -2   -1    0    2   -1    1    1    0    2    0 
  1250:   -2    0    0    0    0    0    0    0    0    0 
  1260:    1    2    3   -2   -1    2    2    0   -1   -2 
  1270:   -3    0   -1    0    2    1    0    1    0   -1 
  1280:    1   -2   -1   -1   -2    0    1    0    0    0 
  1290:    0    0    0    0    0    0   -1    0   -2   -3 
  1300:   -1   -3   -3    2    1    2   -5    0    1    1 
  1310:   -1    4    2   -2    0   -1    0    3   -2   -2 
  1320:    2    2    0   -1    0    0    0    0    0    0 
  1330:    0    0    0    0   -1    0    2    1    0    0 
  1340:    4    0    1   -1    2   -1    1    0    5    3 
  1350:   -1    1    1   -5    0   -2   -3   -4    0    0 
  1360:    0    0    0    0    0    0    0    0    0    0 
  1370:    0    2    0   -1    0    0   -1   -1    0    0 
  1380:    0    0    0    0    0   -1    0    0    0    0 
  1390:    1    0    0    1    1    0    0    0    0    0 
  1400:    0    0    0    0    0    0 
