     0:   -1    0    0    1   -1    0   -1    1    0    0 
    10:   -1   -1    0    0    0    0    0    0    1    0 
    20:    0    0    0   -1    1    1    0    0    1    0 
    30:    0    0    0    0    0    0    1    0    0    0 
    40:    0    0    0    2    0    0   -1    2    0    0 
    50:    0   -2    0    0    0    0    0    0    0    0 
    60:    0    0    0    0    0    0    0    0    0    0 
    70:    0    0    0    0    0    0    0    0    0    0 
    80:    0    0    0    0    0    0    0    0    0    0 
    90:    0    0    0    0    0    0    0    0    0   -2 
   100:    0    0    0    0    0    0    0    0    0    0 
   110:    0    0    0    0    0    0   -1   -2    0    0 
   120:    0    0    0    0    0    0    0    0    0    0 
   130:    0    0    0    0    0    0    0    0    0    0 
   140:    0    0    0    0    0    0    0    0    0    0 
   150:    0    0    0    0    0    0    0    0    0    0 
   160:    0    0    0    0    0    0    0    0    3    7 
   170:    1    0    0    0    1    1   -1    0    0   -1 
   180:    0    0    0    0    0    0    0    0    0    0 
   190:    0    0    0    0    0    1   -2   -1   -1    2 
   200:    0    1   -2    1    0    0    0    0    0    0 
   210:    0    0    0    0    0    0    0    0    0    0 
   220:   -5  -14   -2    0    0   -2   -7    3    5   -1 
   230:   -1    3    3   -1    3    2   -2   -1   -1    0 
   240:    0    0    0    0    0    0   -1   -6    6    0 
   250:    2    0    2    0   -1    0    0    0    0    0 
   260:    0    0    0    0    0    0    0    0    0    0 
   270:    1   -1    2    6    3    1    0    1   14   20 
   280:  -15    6   -3  -11   -8   15  -18  -13    7    2 
   290:    8    0   -1   -1    1    0   -1    0   -1    2 
   300:   -3   -2   -2    0    0    2    0    0    0    0 
   310:    0    0    0    0    0    0    0    0    0    0 
   320:    0    3    2    3    0   -5  -10   -5    0   -1 
   330:  -12  -10    2    6    3   -2  -13   32   20  -26 
   340:  -29  -24  -10    0    3   -1   -7    1    0    2 
   350:    1   -1    1    0   -1   -1    0    0   -1   -1 
   360:    0    0    0    0    0    0    0    0    0    0 
   370:    0    0    0   -3    5    0   -1    2    7    1 
   380:    0    8   10    8    7   28    5   -2  -18    7 
   390:   15    8   23   20   14    5   -2    1    2    3 
   400:   -2  -12    0    3    0    0    1    0    0    1 
   410:    1    0    0    0    0    0    0    0    0    0 
   420:    0    0    0    0    0    1   -4   -3   -1   -1 
   430:   -6   -1    0  -10   -3   -3   -7  -13  -30   -3 
   440:  -23   -7  -19   12    2    1  -10   -1    5   -3 
   450:    0    2   -2    2    1   -1    0    0   -2   -1 
   460:   -1    0   -1    0    0    0    0    0    0    0 
   470:    0    0    0    0    0    0   -1    5    5    2 
   480:   -2   -3   -2   -6   -7   11    3    2    3    3 
   490:    2    9    1  -12    6   -3    5   -1    0    0 
   500:    3    7    4   -5    2   -1   -1    0   -1   -1 
   510:    1   -1    0    1    0    0    0    0    0    0 
   520:    0    0    0    0    0    0    0    0    4    0 
   530:   -1    6    0    0    3    0    2   -5    9    4 
   540:    3    3   -5    0   -9   -2   -3    4    2    7 
   550:    5   -2   -1   -4    1    0    1    1   -2    1 
   560:    2    0   -1    0    0    0    0    0    0    0 
   570:    0    0    0    0    0    0    0    0    0    0 
   580:   -4    0    0   -2   -1    2   -2    0   -3   -5 
   590:    0    0    3   -1    2    8    4    1   -1   -5 
   600:   -1   -6    1    0   -2    0    1    1    1   -1 
   610:    1    1    2   -1    0    0    0    0    0    0 
   620:    0    0    0    0    0    0    0    0    0    0 
   630:    0   -1   -4    3   -1   -2    2    2   -1    1 
   640:    6   10    1    0    2    4   -2   -4   -1    1 
   650:    0    1    6   -3    1    0    4    2    5   -3 
   660:    4   -2   -2   -1    0    0    0    0    0    0 
   670:    0    0    0    0    0    0    0    0    0    0 
   680:    0    0    0   -1    2   -2    3    1    2    0 
   690:    0   -2   -1    0   -1    2   -2    3    4    4 
   700:   -2    1   -1   -4   -3   -1   -5   -2    0   -3 
   710:    4    0   -2    6    6    1    0    0    0    0 
   720:    0    0    0    0    0    0    0    0    0    0 
   730:    0    0    0    0    0    1   -2   -3    1    0 
   740:    5    0    0    6   -2    1    0    2    1   -4 
   750:   -2   -4    0    3    2    0    0    2    3    0 
   760:   -3    1    1   -1    0    2    0    1    0    0 
   770:    0    0    0    0    0    0    0    0    0    0 
   780:    0    0    0    0    0    0    0   -1   -3    6 
   790:    1   -1    1    5   -1   -4   -4   -8    1   -5 
   800:    2    1    1    2    1    1   -4    0   -3    1 
   810:    0    2    0   -3   -1    5    3   -4   -1   -3 
   820:    0    0    0    0    0    0    0    0    0    1 
   830:    0    0    0    0    0    0    0    0    0    3 
   840:    5   -5   -5   -2   -3    0    3    8   -4   -4 
   850:    1   -5    2    1    2   -4    2    1    0    0 
   860:    0    3   -1    0    4    2    1   -7    0    3 
   870:    4    2    0    0    0    0    0    0    0    0 
   880:    0    0    0    0    0    0    0    0    0    0 
   890:    0   -4   -5    0    1    0    0   -3   -2    3 
   900:    7    2    3    2    1    2    4    5   -5   -6 
   910:    5    2   -2   -2   -3   -1    0   -1   -7   -7 
   920:    0   -1   -3    5    0    0    0    0    0    0 
   930:    0    0    0    0    0    0    0    0    0    0 
   940:    0    0    0    1    1    1   -2    0    1    0 
   950:    3    5    3   -4   -2   -8    0    4   -2   -2 
   960:    4    6   -6   -1    0    2   -1   -4   -2   -1 
   970:    2    0    7    0    0   -1    0    0    0    0 
   980:    0    0    0    0    0    0    0    0    0    0 
   990:    0    0    0    0    0    0   11    4    1   -3 
  1000:    6    2   -2   -6   -1   -1    2    4    5   -5 
  1010:    4   -1    4   -5   10    7    1   -1   -4    0 
  1020:    1   -1    7    3   -1    3    6    6   -1    0 
  1030:    0    0    0    0    0    0    0    0    0    0 
  1040:    0    0    0    0    0    0    0    0   -4  -13 
  1050:    1    1    0   -5    2   -1   -5    0    5   -1 
  1060:   -6    2   -2    1  -18    3  -15   -4   -2   -2 
  1070:    6    1   -2    2   -2   -4   -1   -5    1    1 
  1080:    1    0    0    0    0    0    0    0    0    0 
  1090:    0    0    0    0    0    0    0    0    0    0 
  1100:    3    0   -2    1    0    4    1    1    4    1 
  1110:    5    2   -1    8    3    1    1    6    5    3 
  1120:  -11    0    2    3    1   11    2    5    4   -5 
  1130:    3    6   -1    0    0    0    0    0    0    0 
  1140:    0    0    0    0    0    0    0    0    0    0 
  1150:    0    0    1    6   11   -2    1   -5   -7   13 
  1160:  -13   -6  -22   -8   19   -1   -2    4   -1   -3 
  1170:   -1   17   22    4  -14  -14   -7  -11  -15  -22 
  1180:  -13   -3    1    2    2    0    0    0    0    0 
  1190:    0    1    0    0    0    0    0    0    0    0 
  1200:    0    0    0    0   -3   -9   10   -5    5    0 
  1210:   -3   -8   16    5   29    8  -27   22    3   -2 
  1220:   -1   14    1  -16  -22   -1    3   11    7   -6 
  1230:   15   27   23   18    7    4   -1    0    0    0 
  1240:    0    0    0    0    0    0    0    0    0    0 
  1250:    0    0    0    0    0    0    1   14  -10    5 
  1260:   -5  -14   13    9   -2    5  -12    4   16  -30 
  1270:   -2    8    0    0    5   21  -24   -9    7  -11 
  1280:  -20    6  -10  -16  -25   -9  -13   -4    1    0 
  1290:    0    0    0    0    0    0    0    0    0    0 
  1300:    0    0    0    0    0    0    0    0   -3  -27 
  1310:   17   -5   10    5  -17    3   -9   -4    1    0 
  1320:   10  -16   17   -6    3   -1   -3  -20   27   15 
  1330:  -11    3   14   -1   10   34   37   12   11    0 
  1340:    0    0    0    0    0    0    0    0    0    0 
  1350:    0    0    0    0    0    0    0    0    0    0 
  1360:    1   -4  -19   10    0  -10   10   -1    5    0 
  1370:    4    1   -1    0   -3    4   11    1   -2   15 
  1380:  -39   19  -12   21   16  -26    7  -31  -18    6 
  1390:  -25   -8    1    0    0    0    0    0    0   -1 
  1400:    0    0    0    0    0    0    0    0    0    0 
  1410:    0    0    1  -11    0   -8    4   -3    8   -5 
  1420:    9    1  -15    4   -2   -2   -5    3   -9  -26 
  1430:    9  -13   22  -16   32  -16  -16   25  -17  -10 
  1440:   -9    9   26    0    0    0    0    0    0    0 
  1450:    0    0    0    0    0    0    0    0    0    0 
  1460:    0    0    0    0   -1    9    2    6    0  -11 
  1470:   -8    1   -4    6    0   -1   -1    3   -7   -2 
  1480:    0    4   -2    9   -8   -7  -34   15   21  -22 
  1490:   24   25  -15   13  -17    1    0    0    0    0 
  1500:    0    0    0    0    0    0    0    0    0    0 
  1510:    0    0    0    0    0    0    1   -6   -2   -5 
  1520:    8   -5    7   -5   -5   -6   -7   -2    5    3 
  1530:    1    3    2    1   -1    0    2   -6    5    0 
  1540:  -17   20  -29   17  -12   -5    6    0    0    0 
  1550:    0    0    0    0    0    0    0    0    0    0 
  1560:    0    0    0    0    0    0    0    0   -1    6 
  1570:    3    5   -4   -2   -8  -13   -7    6    2   -6 
  1580:    4  -20    7    6   -8  -11   12   -4   -3    3 
  1590:   -4   -1    9    0    0   -2   13   -8   -2    0 
  1600:    0    0    0    0    0    0    0    1    0    0 
  1610:    0    0    0    0    0    0    0    0    0    0 
  1620:    0   -5    7    0   -2   14    7    4    5    0 
  1630:   -2    6  -11   11  -11    1    2    3  -14    0 
  1640:    8  -17    6    1   -3    2   -2    0   -5    0 
  1650:    0    0    0    0    0    0    0    0    0    0 
  1660:    0    0    0    0    0    0    0    0    0    0 
  1670:    0    0   -1    7    0    3    9   -1   -3   -1 
  1680:   16   10   -2    1    5    6    3    3    6  -11 
  1690:   12    4  -12   20  -18   -1    1  -11   10    1 
  1700:    3    0    0    0    0    0    0    0    0    0 
  1710:    0    0    0    0    0    0    0    0    0    0 
  1720:    0    0    0    0    0    0    4    2  -11   -6 
  1730:   -2    0    6   -3   -9    4   17   -3   -6   19 
  1740:   -5    9    4   -1   -2  -17   20    4  -11   16 
  1750:   -5    7  -12    4    1    0    0    0    0    0 
  1760:    0    0    0    0    0    0    0    0    0    0 
  1770:    0    0    0    0    0    0    0    5   -2    2 
  1780:    1    1   -1    3   12    0    2    1    7    9 
  1790:    0   19   -8   -9   -1   15    2   -2   -3   -1 
  1800:    1   -5    8   -4   13   -8   -1    0    0    0 
  1810:    0    0    0    0    0    0    0    0    0    0 
  1820:    0    0    0    0    0    0    0    0    0   -4 
  1830:    1   -3    0    1    6   -3   -5   -3   -7    9 
  1840:    0   -8  -15  -20   -3    6   -3    2    5    5 
  1850:    7   -3   -7   -1   -7    8  -12    1    0    0 
  1860:    0    0    0    0    0    0    0    0    0    0 
  1870:    0    0    0    0    0    0    0    0    0    0 
  1880:    0    0    7   -3   -6    4   -8    5   -5   21 
  1890:   -8    0   -3   11   14   17  -28  -22   22  -10 
  1900:    6   -3    9  -12    7    5    2   -8   11   -9 
  1910:    1    0    0    0    0    0    0    0    0    0 
  1920:    0    0    0    0    0    0    0    0    0    0 
  1930:    0    0    0   -4   -8   12    1    0   -2   -4 
  1940:   25   -6   16  -11    9  -12   -7   11   33    0 
  1950:   -3   -7   11    3   -6    5   -2   -4   -9   -2 
  1960:    1    1    0    0    0    0    0    0    0    0 
  1970:    0    0    0    0    0    0    0    0    0    0 
  1980:    0    0    0    0   -1    4   22   12  -13    7 
  1990:    2    5   -5    2  -16    8   -8    0    4    8 
  2000:  -15    1   -1   30  -16    5  -15  -14    2  -10 
  2010:    3   -8   -1   -2    0    0    0    0    0    0 
  2020:    0    0    0    0    0    0    0    0    0    0 
  2030:    0    0    0    0    0    0   -2   -5  -17   -7 
  2040:   11   -6    4   18   -2   -9    7  -14    1    7 
  2050:   -4   -3    7    7   -9  -30   21  -10    0    6 
  2060:    1    9   11    0   -4    2    0    0    0    0 
  2070:    0    0    0    0    0    0    0    0    0    0 
  2080:    0    0    0    0    0    0    0    1  -10   -4 
  2090:    6   -9    1    0   -1  -14  -13    5    0    8 
  2100:   -6   -9    7   -3   -2   11   26    4  -41  -14 
  2110:    8   17   -6   -5   -9  -10    0   -6    1    0 
  2120:    0    0    0    0    0    0    0    0    0    0 
  2130:    0    0    0    0    0    0    0    0    0   -1 
  2140:    6    3    2    4   -4   -9    2    3    7   -2 
  2150:    1    0   -1   -5   -6    8  -10  -19    1   23 
  2160:   19   -5  -24  -10    5   -9    4   -1  -16    5 
  2170:    0    0    0    0    0    0    0    0    0    0 
  2180:    0    0    0    0    0    0    0    0    0    0 
  2190:    1   -1  -13   -8  -13   -1   -6   -4   12    0 
  2200:  -10   -1    2    4   -6    0    4    0   10   13 
  2210:  -37   -4   20   23   28    2  -15   12   -3   -6 
  2220:   23    2    0    0    0    0    0    0    0    0 
  2230:    0    0    0    0    0    0    0   -1    0    0 
  2240:    0    0   -1    6   10    5    7    2   10   -2 
  2250:   -3    2   -3    5    8   -2    9    4    0   -7 
  2260:    3  -12   20  -35  -17   -1   18   37   -5  -13 
  2270:    7    1  -20   11   -2    0    0    0    0    0 
  2280:    0    0    0    0    0    0    0    0    1    2 
  2290:    0    0   -1   -1   -3   -5  -19    0   -3   -4 
  2300:    9    7   -2    7    1   -5   -1  -10   -9    7 
  2310:    9   -1  -12    2    0    2    2  -23   20    9 
  2320:    8  -14   20  -11    7  -16    2    1    0    0 
  2330:    0    0    0    0    0    0    2   -1    0   -1 
  2340:   -6   -2    0  -10    3   -3    2    1   11   -7 
  2350:   -2   -3   -7    7  -12   -3   -6   11    4    0 
  2360:   15   -9   -3   13    3    1  -10   10   -7    7 
  2370:    6  -19   17  -14   -6   17    0   -2    8   -1 
  2380:    0    0    0    0    0    0    0    0   -1    2 
  2390:   -8    0    1    1   -3   -2    0   -3   -6   -1 
  2400:   -3    1   -1    4    0   -2    3    1   -4   -1 
  2410:    1    2   -3    2    1   -2   -1    2    1   -4 
  2420:    1   -2   -1    3   -3    3    1   -4    0    0 
  2430:    0    0    0   -1    0    0    0    0    0    0 
  2440:    3    0    0   -3   -1    1    0    0   -2    5 
  2450:    4    0   -2    2   -2   -3   -1    0    2    3 
  2460:    4   -1    1    1    0    0    0    1    0    2 
  2470:    0    2    0    1    0    0    2   -1   -1    2 
  2480:   -1    2    1    1   -1    1   -3    0    1    0 
  2490:    0    1    0    5    1    1 
