     0:    0    0    0    0    0    0    0    0    0    0 
    10:    0    0    0    0    0    0    0    1    1    1 
    20:    1    1    1    2    1    2    2    2    3    3 
    30:    3    3    3    3    3    3    3    3    3    4 
    40:    3    4    4    2    3    4    4    3    2    4 
    50:    4    4    0    0    0    0    0    0    0    0 
    60:    0    0    0    0    0    0    0    0    0    0 
    70:    0    0    0    0    0    0    0    0    0    0 
    80:    0    0    0    0    0    0    0    0    0    0 
    90:    0    0    0    0    0    0    0    0    0    0 
   100:    0    0    0    0    0    0    0    0    0    0 
   110:    0    0    0    0    0    0    0    0    0    0 
   120:    0    0    0    0    0    0    0    0    0    0 
   130:    0    0    0    0    0    0    0    0    0    0 
   140:    0    0    0    0    0    0    0    0    0    0 
   150:    0    0    0    0    0    0    0    0    0    0 
   160:    0    0    0    0    0    0    0    0    0    1 
   170:    0    0    0    0    0    0    0    0    0    0 
   180:    0    0    0    0    0    0    0    0    0    0 
   190:    0    0    0    0    0    0    0    0    0    0 
   200:    0    0    1    1    0    0    0    0    0    0 
   210:    0    0    0    0    0    0    0    0    0    0 
   220:    0    1    0   -1    0    0   -1    0   -2   -1 
   230:    0    0    1    0   -1    0    0    0    0    0 
   240:    0    0    0    0    0    0    0    0    0    0 
   250:    0    1    0    0    0    0    0    0    0    0 
   260:    0    0    0    0    0    0    0    0    0    0 
   270:    1    0    0    0    1    0   -1   -1   -1    0 
   280:   -2   -1    3    2    2    0    0    1    1    0 
   290:    0    1    0   -1    1    0   -1    0    0    1 
   300:    0    0    1    0    1    0    0    0    0    0 
   310:    0    0    0    0    0    0    0    0    0    0 
   320:    0    0    1    0    0    0    1    0   -1    0 
   330:    0    1   -2    1    2    0    2   -1    0    1 
   340:    1    0    1    0   -1   -1    0    0    0    0 
   350:    0    1    0    0    0    0    0    0    0   -1 
   360:    0    0    0    0    0    0    0    0    0    0 
   370:    0    0    0    0    0    0    0    0    0    0 
   380:   -1    1    1    0    0   -1   -1    0   -1    0 
   390:   -1    0    2   -1    0    1   -1    0    1    0 
   400:    1    0    0    0    0    0    0   -1    0    0 
   410:    0    0    0    0    0    0    0    0    0    0 
   420:    0    0    0    0    0    0    0    1    1    0 
   430:    0    1    0    0    0    1    1    0   -1    2 
   440:    2    0   -1    0    1    0   -1    0   -1    0 
   450:    0   -1    0    1    0    1    0    0   -1    0 
   460:    0    0    0    0    0    0    0    0    0    0 
   470:    0    0    0    0    0    0    0    0   -1    0 
   480:    0   -1    0    0    0    0    0    0    0    0 
   490:   -1    0    2    0   -1    0   -1   -2   -1    0 
   500:   -1    0    0    0    0    0    0    0    0    0 
   510:   -1    0    0    0    0    0    0    0    0    0 
   520:    0    0    0    0    0    0    0    0    0    0 
   530:    0    0    1    1    0    0    0    0    0    0 
   540:    0    0   -1    0   -3    0   -1    0   -1    0 
   550:    0    0   -1    0   -1    1    0    0    0    1 
   560:    0   -2    0    0    0    0    0    0    0    0 
   570:    0    0    0    0    0    0    0    0    0    0 
   580:   -1    0    0    1    1    1    0    0    0    0 
   590:    0    0   -1    0    1    1    1   -1   -1    0 
   600:    0    0    0    0    0   -1   -1    0   -1    0 
   610:    0    0    0   -1    0    0    0    0    0    0 
   620:    0    0    0    0    0    0    0    0    0    0 
   630:    0    0   -2    0    0    1    0    0    0    0 
   640:    0    0    0   -1    0    0    0    1    0    0 
   650:    0    0    1    0    0    0    0    0   -1    0 
   660:    0   -1    1    0    0    0    0    0    0    0 
   670:    0    0    0    0    0    0    0    0    0    0 
   680:    0    0    0    0    0    0   -1    0    0   -1 
   690:   -1    0   -1    1    0   -1   -1    0   -1    0 
   700:    0   -1    0   -1    0    0    0    0   -1   -1 
   710:    0    0    0    0    0    0    0    0    0    0 
   720:    0    0    0    0    0    0    0    0    0    0 
   730:    0    0    0    0    0    0    0    0    0   -1 
   740:    0    0    0    0    0    1    1    0    0    0 
   750:    0    0    0    0    0    0    0    0    0    1 
   760:    0    0    0    0    0    0    0    0    0    0 
   770:    0    0    0    0    0    0    0    0    0    0 
   780:    0    0    0    0    0    0    0    0    1    0 
   790:    1   -1    0    0    0    1    1    0    0    0 
   800:    0   -1    1    1    0    1    0   -1    0    0 
   810:    0    0    0    0    0    0   -1    0    0   -1 
   820:    0    0    0    0    0    0    0    0    0    0 
   830:    0    0    0    0    0    0    0    0    0    0 
   840:    0   -1   -1   -1    0    0   -1   -1    0   -1 
   850:   -1    0    0   -1    0    0   -1    0   -1   -1 
   860:    1    0    0    0   -1   -1    0    0   -1    0 
   870:    0   -1    0    0    0    0    0    0    0    0 
   880:    0    0    0    0    0    0    0    0    0    0 
   890:    0    0    0    0    0    1    0    1    0    1 
   900:    0    1    1    0    0    1   -1    0    0    0 
   910:    0    0    0    0    0    0    0    0   -1    0 
   920:    0    0    0    0    0    0    0    0    0    0 
   930:    0    0    0    0    0    0    0    0    0    0 
   940:    0    0    0    0    0    0    0    0   -1    0 
   950:    0    0    0    0    1    0    0    0    0    0 
   960:    0    0    0    0    0    0    0    1    0    1 
   970:    0    2    0    1    0    0    0    0    0    0 
   980:    0    0    0    0    0    0    0    0    0    0 
   990:    0    0    0    0    0    0    0   -2   -1   -1 
  1000:   -1    0   -2    1    0    0    0   -2    0    0 
  1010:   -1    0   -1   -1   -1   -1    0    0   -1    0 
  1020:    1    0    1    0    0    0    0    0   -1    0 
  1030:    0    0    0    0    0    0    0    0    0    0 
  1040:    0    0    0    0    0    0    0    0    0   -1 
  1050:    2    0    0    1   -1    0    0   -1    0   -1 
  1060:   -1    0   -1    1    0   -1    2   -1    0    0 
  1070:   -1   -1    0   -2    0   -1    0    0   -1    0 
  1080:   -1    0    0    0    0    0    0    0    0    0 
  1090:    0    0    0    0    0    0    0    0    0    0 
  1100:    0    1    0    0    0    2   -2    1    1    0 
  1110:    1    0    1   -1    2    1    0    0   -1   -1 
  1120:    0    0    0    0    1    0    0    0    0    0 
  1130:   -1    0    0    0    0    0    0    0    0    0 
  1140:    0    0    0    0    0    0    0    0    0    0 
  1150:    0    0    0    0   -3   -1    2    1   -2   -1 
  1160:    1    0    0    0    1    1    0   -1   -3    1 
  1170:    1   -3   -1   -1   -1    0    0    0   -1   -1 
  1180:    0    0   -1    1    0    0    0    0    0    0 
  1190:    0    0    0    0    0    0    0    0    0    0 
  1200:    0    0    0    0    0   -2   -2    2   -2    1 
  1210:    0   -2    1   -3   -2    2   -3    0   -1    0 
  1220:   -1    0    2    2    1   -1   -2    0    0    0 
  1230:    0    0    0    0   -2    0    0    0    0    0 
  1240:    0    0    0    0    0    0    0    0    0    0 
  1250:    0    0    0    0    0    0    0   -1    2    0 
  1260:   -3   -1   -1   -2   -2   -2    4    0    0    1 
  1270:    0    0   -2    1    1    0    0   -2    0   -1 
  1280:    0    0    0    0   -1    0    0   -2    0    0 
  1290:    0    0    0    0    0    0    0    0    0    0 
  1300:    0    0    0    0    0    0    0    0    0   -1 
  1310:   -1   -3   -1    0    0   -4   -1    5    3   -1 
  1320:   -2    0   -1    0   -2   -4   -1    2   -1   -1 
  1330:   -1   -3    1    0   -1    1   -1    0   -1    0 
  1340:    0    0    0    0    0    0    0    0    0    0 
  1350:    0    0    0    0    0    0    0    0    0    0 
  1360:    0    1   -5   -2   -3    1    0    0    4    1 
  1370:    0    0   -2   -2   -3    0    1    1   -2   -1 
  1380:    0    1   -2    1    1   -2    1    0   -1    0 
  1390:    0    0    0    0    0    0    0    0    0    0 
  1400:    0    0    0    0    0    0    0    0    0    0 
  1410:    0    0    0    0   -1    0   -3    0    0    2 
  1420:    1    0    1    0    0    0   -2    0    0    1 
  1430:    0    0    0    0   -1    3    0    1    1   -1 
  1440:    1    2    1    0    0    0    0    0    0    0 
  1450:    0    0    0    0    0    0    0    0    0    0 
  1460:    0    0    0    0    0    0    0    1    0    0 
  1470:    0    2    1    2    0    0    2    0    0    0 
  1480:    0    0    0    0    1    0   -1    0    1    2 
  1490:    2    0   -1    0   -1    0    0    0    0    0 
  1500:    0    0    0    0    0    0    0    0    0    0 
  1510:    0    0    0    0    0    0    0    0   -1   -1 
  1520:    1    5    2    4    3   -1   -4   -3    0    2 
  1530:   -1    1    0    2    0    0    0    1    0   -1 
  1540:    2   -1    0    0   -1    0   -2    0    0    0 
  1550:    0    0    0    0    0    0    0    0    0    0 
  1560:    0    0    0    0    0    0    0    0    0    0 
  1570:    1    0    3    2    0    2   -1    0    0    2 
  1580:   -3    3    1    0   -1    1    3    1   -1    1 
  1590:    1    0    0    0   -1    0    0    0    0    0 
  1600:    0    0    0    0    0    0    0    0    0    0 
  1610:    0    0    0    0    0    0    0    0    0    0 
  1620:    0    0   -1    0    0    0   -2    1   -3    1 
  1630:    2    1    2   -1    2    1    3    0    2    3 
  1640:   -3    0    1   -1   -1    1    1   -1    0    0 
  1650:    0    0    0    0    0    0    0    0    0    0 
  1660:    0    0    0    0    0    0    0    0    0    0 
  1670:    0    0    0    0   -1    1   -2   -1   -3   -1 
  1680:    0   -1   -1   -1    0   -2    0    1    3    0 
  1690:    0    0   -1    1    0    1    1   -1    0    0 
  1700:    2    1    0    0    0    0    0    0    0    0 
  1710:    0    0    0    0    0    0    0    0    0    0 
  1720:    0    0    0    0    0    0   -1    1   -2   -1 
  1730:    0   -2   -1    0   -1   -2    0    0   -1   -1 
  1740:    2    1    3    0    2   -1    1   -3    1   -1 
  1750:   -1    0    1    1    0    0    0    0    0    0 
  1760:    0    0    0    0    0    0    0    0    0    0 
  1770:    0    0    0    0    0    0    0    0    1    0 
  1780:    0   -2   -1    2   -1   -2    1   -1   -1    0 
  1790:    0   -2    1    0    2    0   -2    0   -1    0 
  1800:   -2    0   -1    0    0   -2    0    0    0    0 
  1810:    0    0    0    0    0    0    0    0    0    0 
  1820:    0    0    0    0    0    0    0    0    0    0 
  1830:    1    2   -2   -1    0    1   -1   -1    0   -2 
  1840:    0    0   -1    0    0    0    0    0   -2   -2 
  1850:   -1   -3    0    0   -3    1    1    0    0    0 
  1860:    0    0    0    0    0    0    0    0    0    0 
  1870:    0    0    0    0    0    0    0    0    0    0 
  1880:    0    0   -2    1   -1    1    1    1    1    0 
  1890:    0    1   -1   -1    0   -2    0    1    1   -1 
  1900:    0    0    1   -3   -1    1    0    0    0    0 
  1910:    0    0    0    0    0    0    0    0    0    0 
  1920:    0    0    0    0    0    0    0    0    0    0 
  1930:    0    0    0    0    0    1    4    1    2    0 
  1940:    2    2    3    1    2    0    3    0    1    1 
  1950:    1   -1    0    0    0    2   -1    0    0    2 
  1960:    0   -2    0    0    0    0    0    0    0    0 
  1970:    0    0    0    0    0    0    0    0    0    0 
  1980:    0    0    0    0    0   -1   -1   -1    1    0 
  1990:   -1   -3    0   -1    0    0   -1    1    1    1 
  2000:    0    3   -1   -1    0    2   -2    1   -2   -4 
  2010:    1    2    0    0    0    0    0    0    0    0 
  2020:    0    0    0    0    0    0    0    0    0    0 
  2030:    0    0    0    0    0    0    0   -2   -1    0 
  2040:   -1    1    0    1   -1   -1    0    2   -3    1 
  2050:   -1    2   -1    2   -1    0   -1    1    1    1 
  2060:    1   -2   -1    2    1   -1    0    0    0    0 
  2070:    0    0    0    0    0    0    0    0    0    0 
  2080:    0    0    0    0    0    0    0    0    0    1 
  2090:   -1    0    0    0   -2    0   -4   -2   -2    1 
  2100:    3    0    1    1    1    0    0    1    0    0 
  2110:   -1   -1   -1   -1    1    0    0    0    0    0 
  2120:    0    0    0    0    0    0    0    0    0    0 
  2130:    0    0    0    0    0    0    0    0    0    0 
  2140:    0    2    0   -2    0   -1   -3   -2    0    2 
  2150:    3    2    2    3    1   -2    0    0   -1    1 
  2160:    1    1    0   -3   -2   -1   -2   -6    0   -2 
  2170:    0    0    0    0    0    0    0    0    0    0 
  2180:    0    0    0    0    0    0    0    0    0    0 
  2190:    0    0    1    0    1    0   -3    0    1    2 
  2200:    1   -1    0   -2    1    0    0    1   -1    1 
  2210:    0    0    0    0    1   -1    0    2    1    2 
  2220:    1    0    0    0    0    0    0    0    0    0 
  2230:    0    0    0    0    0    0    0    0    0    0 
  2240:    0    0    0    0    3   -3    0    0   -1    1 
  2250:   -1   -1   -2   -2   -3   -1    3    0   -4    2 
  2260:    1   -2    2   -1    0    1   -1    0    1    0 
  2270:   -1    3    0   -2    1    0    0    0    0    0 
  2280:    0    0    0    0    0    0    0    0    0    0 
  2290:    0    0    0   -1    0    0    3   -1   -1    0 
  2300:   -1    0    0    0   -4    0   -1    0   -1    0 
  2310:   -4   -1    1    4    1    0    0    0   -1   -1 
  2320:    1   -1    0   -1    0    0    1    0    0    0 
  2330:    0    0    0    0    0    0    0    0   -1    0 
  2340:    0    0    1    0    1   -1   -1    0    0    0 
  2350:   -1    0   -2   -1    0    1   -1   -2   -2    0 
  2360:   -2   -1   -2   -1   -1    2    0   -1    1   -3 
  2370:   -1   -1   -1   -2    0   -1    0    0    1    0 
  2380:    0    0    0   -1    0   -1    0    0    0    0 
  2390:    0    0   -2    3    4    1    3    2    0    3 
  2400:    2    2    2    1    1    2    2    2    1    0 
  2410:    0    1    1    0    1    0    0   -1   -1   -1 
  2420:    0    0    0    0   -1    0    0    0    0   -1 
  2430:    2    4    2    0    1    1    1    1    1    1 
  2440:    0    0    0    0    0    1    2    1    3    2 
  2450:    2    2    3    1    3    2    2    2    0    1 
  2460:    2    2    2    1    1    1    2    1    1    0 
  2470:    0   -1    1    1   -1    0    1    0    0   -1 
  2480:   -2    0   -2   -1   -1   -1    0    1    2    2 
  2490:    3    3    0   -1   -2   -2 
