     0:    0    0    0    0    0    0    0    0    0    0 
    10:    0    0    0    0    0    0    0    0    0    0 
    20:    0    0    0    0    0    0    0    0    0    0 
    30:    0    0    0    0    0    0    0    0    0    0 
    40:    0    0    0    0    0    0    0    0    0   -1 
    50:    0    0    0    0    0    0    0    0    0    0 
    60:    0    0    0    0    0    0    0    0    0    0 
    70:    0    0    0    0    0    0    0    0    0    0 
    80:    0    1    1    0   -1    0   -1   -1   -1    0 
    90:   -1    0    0    0    0    0    0    0    0    0 
   100:    0    0    0   -1    0    0    0    0    0    0 
   110:    0    0    0    0    0    0    0    1    2    1 
   120:    1    0    1   -1    0    0    0    1    0    0 
   130:   -1   -1    0    0    0    0    0    0    0    0 
   140:    0    0    0    0    0    0    0    0    0    0 
   150:    0    0    0    1    1    2    0   -1    1    1 
   160:    0    1    0    0    1    0    1    0   -1    0 
   170:    0    2    0    0   -1   -1    0    0    0    0 
   180:    0    0    0    0    0    0    0    0    0    0 
   190:    0    0    0    0    1    0   -1    0    0    0 
   200:    0    0    0    0   -1    0    1    0    0    0 
   210:    0    0   -1   -1   -1    0    0   -1    0    0 
   220:    0    0    0    0    0    0    0    0    1   -1 
   230:    0    1   -2   -2   -1   -1   -1    0    0   -1 
   240:    0   -1   -1    1    1   -1   -1    1   -1    0 
   250:    0   -1    0    0    0    0    0    0    0    0 
   260:    0    0    0    0    0    1   -1    0    0   -2 
   270:    0    2    0   -1    1    0    1    0   -1   -1 
   280:    0    1    0    0    1    0    0    0    0    1 
   290:    0    1    0    0    0    0    0    0    0    0 
   300:    0    0    0    0    0    1    0    2    0   -1 
   310:    0    1    0    2    0   -1   -1   -1    0    0 
   320:    0    0   -1    0    1    1    1    0    0    0 
   330:    0    0    0    0    0    0    1    1   -1    0 
   340:    1   -1    0    0    1   -1    0   -1    0   -1 
   350:    1    0    0   -1    0    0    0    1    0   -2 
   360:    0    1    0    0    0    0    1    0    0    0 
   370:    0    0    0    0    1   -1    0    1    0    0 
   380:   -1    0    0    0   -1    1   -1    0    0   -1 
   390:    0    0    0    0    0    0    0    0    1    0 
   400:    0    0    0    1    0    0    0    0    0    0 
   410:    0    1    0    0    0    0    0    0   -1    0 
   420:    0    0    0    0    1    1   -1    0    1    0 
   430:    0    0    0    1    0    0    1    0    1    0 
   440:    1    0    0    0    0    0    0    0    0    0 
   450:   -1    0    0    0    0    0    0    0    0    0 
   460:   -1    1    0    0    0    1    1    1    1   -1 
   470:   -1    0    1    0   -1    0    0    0    0    0 
   480:    0    0    1    0    0    0    0    0    0    0 
   490:    0    0    0    0    0    0    0    0    0    0 
   500:    1    0   -1    1    0    1    0    0    0    1 
   510:    0   -1   -2    0   -1   -1    0    0    0    0 
   520:    0    0    0    0    0    0   -1    0    0    0 
   530:    0    0    0    0    0    0    0    0   -1    0 
   540:   -1   -1   -1    0   -1    0    0    1   -1   -1 
   550:   -1   -1   -1    0    0   -1    0    0    0    0 
   560:    0    0    0    1   -1    0    0    0    1    1 
   570:    0    0    0    0    0   -2    1    0    0   -1 
   580:    1    0    0   -1    1    0    0   -1   -1   -1 
   590:    0    0    0    0    0    0    0    0    0    0 
   600:    0    0    0    0    0    0    0    0    0   -1 
   610:    0    0   -2   -1    0    1    1    2    1    1 
   620:   -1    1    1    1    1    0    0    0    0    0 
   630:    0    0    0    0    0    0   -1    0    0    0 
   640:    0    1    0    0    0    0   -1    2   -1   -2 
   650:   -1    0    1    0    1    1    1   -1    0    1 
   660:    1    2    1    1    0    0    0    1   -1    0 
   670:    0    0    0    0    0    0    0    0    0    0 
   680:    0    0    0   -1    1    0   -1    0   -1    0 
   690:    0    0    0    0   -1    0    0    0    0    1 
   700:    2    1    0    1    1    0    0    0    0    0 
   710:    0    0    0    1    0    0    0    0    0    1 
   720:   -1    0    1    0    0    0   -1    0    0    0 
   730:    0   -1   -1   -1    0    0    0    0    0    0 
   740:    0    1    1   -1    1    0   -1   -1    0    0 
   750:    0    0    0    0    0    0    1    0    0    0 
   760:   -1    0    0   -1    0    1   -1    0    0   -1 
   770:    0    1    0    0   -1    0    0    0    1    0 
   780:    0    1    0    0    0    0    0    0    1    0 
   790:    0    1    0    0    1    0    0    0    0    0 
   800:   -1    0    0    0    0    0   -1    0    1   -1 
   810:    0    0    0    0   -1    0    1    1    0    0 
   820:    1    0    0    1    0    0    1    0    1    0 
   830:   -1    0    1    0    0   -1    0    0    0    0 
   840:    1    0    0    0    0    0    0    0    0    0 
   850:    0    0    0    1    2    0    0   -1   -1    0 
   860:    1   -1    0    0   -1    0    0    0    0    1 
   870:   -1   -1    0    0    0    0    0    0    0    0 
   880:    0    0    0   -1    0    0    0    0    0    0 
   890:    0    2    0    0    0   -1    0    0    0   -1 
   900:    1    2    0    0    1    0    0    0    0    0 
   910:    0    0    0    0    0   -1    0    1    0    0 
   920:    0    0    0    0    0    0    0    0    0   -1 
   930:   -1   -1    0    0   -1    0    0    0    0    0 
   940:    0    0    0    0    1    0    0    0    0    0 
   950:    0    0    0   -1    0    0    0    0    1    0 
   960:    0    0    0    0    1    0    0    0    0    2 
   970:   -1    0    0    1    0    0    0   -1    0    0 
   980:    0    0    0    0    1    0    0    0    0    1 
   990:    0    0    0    0    0    0    0    0    0    0 
  1000:    0    0    0    1    0    0    0   -1   -1    0 
  1010:    0    1    0    0   -1    0    0    0   -1    0 
  1020:    0    0    0    0    0    0    1    0    0    0 
  1030:   -1    0    0    0    0    0    0    0    0    0 
  1040:    1   -1    0   -1    0    0    0   -1    0   -1 
  1050:    0    0    1    0    1    0    0    0    0    0 
  1060:    0    0    0    1   -1    0    0   -1    0    0 
  1070:    0    0    0    0    0    0    0    0   -1    1 
  1080:   -1   -1    0    0    0    0   -1    0    0    0 
  1090:    0    0    0    0    0    0    0    0    1    0 
  1100:    0   -1    1    0    0    0    0    0    0    0 
  1110:    0    0    0    0    0    0    1    0    0    0 
  1120:    0    0    0    0    0    0    0    0    0   -1 
  1130:    0    0    0    0    0    0    0    0    0    0 
  1140:    0    1    0    0    0    0    0    0    0    0 
  1150:    0    0    0    0    0   -1    0    0    0   -1 
  1160:    0   -1    0   -1    0    0    0    0    0    1 
  1170:    1    0   -1    1    0    0    0    0    1    0 
  1180:    0    0    0    0    0    0    0    0    0    1 
  1190:    0    0    0    0   -1    0    1    0    0   -1 
  1200:   -1   -1   -1    1    0    0    1    0   -1   -1 
  1210:    1    0    0    0    0    0    0    0    0    0 
  1220:    0    0    0    0    0    1    0   -1    0    0 
  1230:    0    0    1    1    0    0    0    0    1   -1 
  1240:    1    0    0    0    0    0    0   -1    0    0 
  1250:    0    0    0    0    0    0    0    0    0    0 
  1260:    0    0    1    0    1    0    0    0    0    0 
  1270:    2    0    0    0    0    0    0    0    0    0 
  1280:    0   -1    0    0    0    0    0    0    0    0 
  1290:    0    0    0    0    0    0    0    0   -1    0 
  1300:    0    1    0    1   -1    0    0    0    0    0 
  1310:    0    0    1    0    1    0    0    1    0    0 
  1320:    0    0    0    0    0    0    0    0    0    0 
  1330:    0    0    0    0    0    0    0    0    0    0 
  1340:    1    0    0    0    0    0    0    0    1    0 
  1350:   -1    0    0   -1    0    0    0    0    0    0 
  1360:    0    0    0    0    0    0    0    0    0    0 
  1370:    0    1    0   -1    0    0    0    0    0    0 
  1380:    0    0    0    0    0    0    0    0    0    0 
  1390:    0    0    0    0    0    0    0    0    0    0 
  1400:    0    0    0    0    0    0 
