     0:    0    0    0    0    0    0    0    0    3    0 
    10:   -1    0    2    2    1    0    0    0    0    0 
    20:    0    0    0    0    0    0    0    0    0    0 
    30:    0   -2    0    0    0    0    0    0    0    0 
    40:    0    0    0    0   -3    5    4    1    2    1 
    50:    1    0    1   -1   -1    0    0    0    0    0 
    60:    0    0    0    0    0    0    0   -1    0    0 
    70:    0    0    0    0    0    0    0    0    0    2 
    80:    2   -9    0   -2   -7    0   -2    1   -3    1 
    90:    3   -1    3   -2   -1    0    0    0    0    1 
   100:    0    0    2   -4   -7    4    0    0    0    0 
   110:    0    0    0    0    0   -2  -11    5    5    4 
   120:    1    3   -3  -11   -7   -9   -7    2   -1    1 
   130:   -2   -1    2    3    0   -3   -5   -5   -1    0 
   140:  -10    6   10    1    0    0    0    0    0    0 
   150:    0    3  -10  -16    4   24   14   -4   15   13 
   160:   -1    2   -1   -5    0    0    1    5    1    2 
   170:    9   10    5    3   -5  -10   -3  -28  -11    3 
   180:   -6    0    0    0    0    0    0    0    6   16 
   190:  -14    7   -6    6    3   18   17   13    9   11 
   200:    1   -1    3    0    3   -9    2   19   18   14 
   210:    9   -1   -7   -6  -18  -24  -20  -19    2    0 
   220:    0    0    0    0    1   -5   23  -13    6  -37 
   230:  -20   24    5   -4   -1   -1    5    9    3    0 
   240:    1   -8  -15    6   21   19   15   22   14    5 
   250:   -2    5   13    9   -2   -4    0    0    0    0 
   260:   -2    3   22   -7  -11   38   -4  -31   14  -17 
   270:  -11    3   -2   -5    0   -1    1    2  -17  -24 
   280:   -3   16   20   20   25   21   10   22   29   28 
   290:   32   10   -6    1    0    0    0    6  -27   -1 
   300:   28  -20   14    5   -2   13   -9    4   14   -9 
   310:   -3    1    2    0   -1  -20  -25  -12    5   20 
   320:   27   20  -18   13   38   22   13    6   20   19 
   330:    0    0    0   -1    0   24  -32   11  -13   -5 
   340:    5   -9    6    9   24  -10    0   -3    0   -4 
   350:   -1    4  -14  -27  -25  -19  -12   -6  -30  -28 
   360:   20   25  -19  -24  -23    8   19    3   -1    0 
   370:    1   -1   -8   12    3   -3   -5    5    3   -5 
   380:   -9   23   -8   12  -18    3   -5    7   19    2 
   390:  -16  -13  -16  -21  -26  -21   13   37    6  -31 
   400:   -9    4   24   23    0    0    0   -3    5    8 
   410:  -10   11   16   -7    9   -3    0    5   -7    0 
   420:   15  -14    1   -3   16   28   -7    8   30   26 
   430:   23   22   26   28   -3    8   12   27   27   17 
   440:    9    4   -1    0    1  -23    5   -3    4   -8 
   450:    2   -4    3    2    2   -3    4   -3    4   -1 
   460:   14   26  -20  -12   40   14   16   23   18  -25 
   470:  -17  -14   26    5  -17  -18  -15   -5  -15    0 
   480:    0   -2    8   -7    6   -8    6   -6    0    1 
   490:   -2   -3    3    2    3    4   -4   10  -21  -19 
   500:   34   -4  -35   23   19   -2   -7    7   12   27 
   510:  -12  -33  -32  -20  -25  -14   -1    1   -4   -9 
   520:   10   -6    1   -7    3    5    2    0   -2   -2 
   530:   -5    0    3   -5   -7    6   29   -1  -42  -11 
   540:    9   -6  -14   -6  -13    2    0    6  -23   -3 
   550:  -19  -23  -27    0    1   -6  -11    2   -7    4 
   560:    3   -7    4    0    0   -1    6   -7    4   -1 
   570:   -2    2   15  -32   -7  -19   13  -16  -27  -12 
   580:   -8  -13  -23  -15    9   -5   14    4  -11  -16 
   590:    5    0    0    1    2   17  -24    9   -4    0 
   600:    0   -2   -1    2    2   -3    5    0   10  -22 
   610:   20    0  -25   14    2  -15   -6    0    1  -15 
   620:   -9   17    8   22    8  -10   -5    4    0    4 
   630:    5  -20   19    7   -1    3   -2    0    0    4 
   640:   -4   -1   -1   -2    4    0  -11   31  -34  -19 
   650:    0    0    0    8   18   12   11  -18   14   14 
   660:   19   22   -2   11    6   -1    3   22  -16  -28 
   670:    8  -11    7   -2    2    3    1    3   -1    4 
   680:   -2    6   -9   -5   18  -27    1   -7  -10    0 
   690:   -1    7   12   -3  -15   12   14   11   20    6 
   700:    6    9   -1  -10   17   22  -12    7   -6    2 
   710:   -3    1   -6    3   -5   -9    1   -1    1    3 
   720:  -12   11   -2    9   -6   -7    6   -2    3    0 
   730:   -4    6    0   -2    0    7   -2    6    2   -1 
   740:  -10    4   24    2   -1   25  -21   -1    2   -7 
   750:    3    3   -6    7    1   -9   15    0   -3   -7 
   760:   -4   -6    2   -3    3    7    1    7    9  -11 
   770:   -7    0    5    4   -5    1    0  -10   -9   10 
   780:    0   -7   19  -19  -13   19    0    3    4    0 
   790:   -2    1  -12   20   13   -4   -2    2   -2    0 
   800:    4    3   -2    0    5   -1   -4   -2    0    2 
   810:    9   -2   -4    1   -5  -16   -4   -2   -7   -4 
   820:    1    0    6    5   -2    1    4    3    2   -2 
   830:    1    2   -3    0    4    1  -10    0    4   -2 
   840:    5    0    0   -3    2   -4   -8    0   -1    0 
   850:    0   -5  -16   -9   -4    2   -1    1    2   -3 
   860:   -1   -3    3    2    5    3   -3   -4   -1    2 
   870:    3    0    1   -5    3    8    2    6    1    8 
   880:   -2    3   -4   -5    0    0    0    0    0   -5 
   890:    0   -1    1    1    1   -9    0   -3    2    0 
   900:   -3   -2   -2    0    2    7    2    2    1    4 
   910:    3    5    1   -3    3    0    0    1    1   -2 
   920:    1   11    1    0    0    0    8   10    2   -2 
   930:   -4    2   -2    1   -1    3    5   -5    3  -11 
   940:   -1   -1    3   -4    2   -7    4   -3   -5   -8 
   950:    9   -1   -2   -4    0    0   -3   -1   10    0 
   960:    0    0    0    4    9    0   -2   -2   -2    8 
   970:    2    3   -7    1    7   -1  -10   -3    4    3 
   980:    3   -2    4   -3    2    0    5    1    3   11 
   990:    2    5   -7    3    4    1    0    0    0    0 
  1000:    1    2   -1    0    1    2    2    0    1    2 
  1010:    5   -2    1    1   -6  -11    3    7   -1    9 
  1020:    9   -1   -1    1   13  -11    9    0  -13   -5 
  1030:  -14    1   -8    1    0    0    0    0    1    0 
  1040:    1   -4   -1   -6    2   -1    0   -2   -7    4 
  1050:   10   -6    8    3   11    6   -7   -2   -1   -4 
  1060:    6   -1   -2    7  -12   -1    0    4    0   -4 
  1070:    0    0    0    0    0    0    1   -5    0   12 
  1080:    5   -2   13    8    2    3   -9    3    3    0 
  1090:   -5   -5    5   -4   -2    0   -1    0    2   -7 
  1100:    2    6    5   11    1   -2   -2    0    0    0 
  1110:    0    0    0    0    0    5   13   -2    4   -1 
  1120:    0   -3    3    5    2   -5    6   -4  -14    0 
  1130:    2    0    6    3   -4  -11   -2    5   -4    0 
  1140:    5   -6    1    0    0    0    0    0    0    0 
  1150:    0    0    2   -1    1    0   -5   -3    0    1 
  1160:    1    1    7   -5   -4   -5    1    0    2    1 
  1170:    2   -1   -5    0   -2    4   -1   -1    2   -1 
  1180:    0    0    0    0    0    0    0    0   -4   -2 
  1190:   -2   11   -8    2   -4    1    2    5    4    0 
  1200:    7   -7    1    2   -1    2    9    4   -7    1 
  1210:    8   -5   -5   -5   -5    0    0    0    0    0 
  1220:    0    0    0    2    0   -3    1   -1   -1    2 
  1230:   -5  -13   -5    2    3    1   -1    2    8    6 
  1240:    4   -1   -3    8    3   -3   -9   -6    0    2 
  1250:   -2   -2    2    0    0    0    0    0    0    0 
  1260:    2    4   -4   -2   -1    8    0   -3    6    0 
  1270:    5    3    8    6   -7   -1    0   -7    0   -6 
  1280:    2    9    6    1   -3    1    2    0    0    0 
  1290:    0    0    0    0    0   -1    1   -4  -11    6 
  1300:    1    7   -2   -3   -3   -4   -8    3    0   -2 
  1310:    4   -2  -10    4   -5    4    4    7    0   10 
  1320:   12    7   -2   -1    0    0    0    0    0    0 
  1330:    0    0   -1    5    5    0   -1    1    9    9 
  1340:    6   -7   -2   -1   -3   -7    7   -2   -2   -3 
  1350:    2    3    5   -5    5    4    4    2    0    0 
  1360:    0    0    0    0    0    0    0    0    0   -1 
  1370:   -1   -5    5   11    0   -1    1    0    0    0 
  1380:    1    1    0   -1    0    0    1    0    0    0 
  1390:    0    0    0    0   -1    0    0    0    0    0 
  1400:    0    0    0    0    0    0 
