 54       1   0.0003  100.0000
 49       2   0.0006   99.9997
 47       1   0.0003   99.9991
 46       2   0.0006   99.9988
 45      10   0.0029   99.9983
 44       5   0.0014   99.9954
 43       7   0.0020   99.9940
 42       7   0.0020   99.9919
 41      13   0.0037   99.9899
 40      13   0.0037   99.9862
 39      21   0.0060   99.9824
 38      26   0.0075   99.9764
 37      36   0.0104   99.9689
 36      50   0.0144   99.9585
 35      65   0.0187   99.9441
 34      66   0.0190   99.9254
 33     126   0.0363   99.9064
 32     136   0.0392   99.8701
 31     210   0.0605   99.8309
 30     231   0.0665   99.7704
 29     302   0.0870   99.7039
 28     437   0.1259   99.6169
 27     528   0.1521   99.4910
 26     662   0.1907   99.3389
 25     805   0.2319   99.1482
 24    1049   0.3022   98.9163
 23    1296   0.3733   98.6141
 22    1617   0.4658   98.2407
 21    1932   0.5566   97.7749
 20    2437   0.7020   97.2184
 19    2804   0.8078   96.5164
 18    3388   0.9760   95.7086
 17    4152   1.1961   94.7326
 16    4646   1.3384   93.5365
 15    5519   1.5899   92.1982
 14    6623   1.9079   90.6083
 13    7600   2.1893   88.7004
 12    8789   2.5319   86.5111
 11   10013   2.8845   83.9792
 10   11408   3.2863   81.0947
  9   13023   3.7516   77.8084
  8   14646   4.2191   74.0569
  7   16954   4.8840   69.8378
  6   19518   5.6226   64.9538
  5   22433   6.4623   59.3312
  4   26049   7.5040   52.8689
  3   30884   8.8968   45.3649
  2   36688  10.5688   36.4681
  1   44667  12.8673   25.8994
  0   45239  13.0321   13.0321
