 37       3   0.0015  100.0000
 36       1   0.0005   99.9985
 35       5   0.0025   99.9980
 34       4   0.0020   99.9954
 33       4   0.0020   99.9934
 32       9   0.0046   99.9914
 31       4   0.0020   99.9868
 30      13   0.0066   99.9848
 29      32   0.0162   99.9782
 28      30   0.0152   99.9620
 27      51   0.0259   99.9468
 26      90   0.0456   99.9209
 25     129   0.0654   99.8753
 24     172   0.0872   99.8099
 23     195   0.0989   99.7227
 22     295   0.1496   99.6238
 21     444   0.2251   99.4743
 20     565   0.2864   99.2492
 19     835   0.4233   98.9627
 18    1047   0.5308   98.5394
 17    1450   0.7351   98.0086
 16    1847   0.9364   97.2735
 15    2325   1.1787   96.3371
 14    3059   1.5508   95.1584
 13    3861   1.9574   93.6076
 12    4481   2.2717   91.6502
 11    5706   2.8928   89.3785
 10    6949   3.5229   86.4857
  9    8273   4.1942   82.9627
  8    9680   4.9075   78.7686
  7   11279   5.7181   73.8611
  6   12961   6.5708   68.1430
  5   14736   7.4707   61.5721
  4   16432   8.3305   54.1014
  3   18516   9.3871   45.7708
  2   20217  10.2494   36.3838
  1   22943  11.6314   26.1343
  0   28607  14.5029   14.5029
